Ri:[100, 130, 160]
Zi:[50, 100, 200, 300, 400, 500]
fps.ts:[1136.8389200019838, 3410.5167600059513, 5684.194600009919, 7957.872440013886, 10231.550280017855, 12505.22812002182, 14778.90596002579, 17052.583800029755, 19326.261640033725, 21599.93948003769, 23873.61732004166, 26147.295160045625, 28420.973000049595, 30694.65084005356, 32968.32868005753, 35242.00652006149, 37515.68436006547, 39789.36220006943, 42063.0400400734, 44336.71788007737, 46610.39572008133, 48884.0735600853, 51157.75140008927, 53431.42924009323, 55705.1070800972]
fps.e0:[10777.967009488995, 10808.31775143394, 10803.075083340986, 10803.663300499418, 10779.53347634522, 10788.011786474697, 10799.359158648444, 10770.366616777723, 10789.106328973743, 10790.958094722153, 10774.072298738074, 10773.42084531619, 10787.223186067793, 10819.143423019164, 10787.805671763548, 10805.556725701284, 10799.662731620516, 10784.444889228706, 10816.312165239946, 10807.97699324106, 10788.342706126643, 10796.98302347378, 10819.744764206625, 10839.359250397534, 10812.084681083868]
fps.e0u:[14.971311702328554, 15.043242635229891, 15.243036680609164, 15.35957725562404, 15.45378543788989, 15.394246753102934, 15.025794426874025, 15.313718970417165, 14.99765864160499, 15.186425289878628, 15.486085385347497, 15.381982881467748, 15.083030638483562, 15.135681808818099, 14.943585671360882, 15.186694983719478, 15.115365696933228, 15.205570295277692, 15.023941201507839, 14.830012199136512, 15.051546664492792, 15.036874655134357, 14.876233325705774, 14.831946495331781, 15.272770675178664]
fps.lt:[5687.495390861712, 5394.721917360179, 5464.702402183421, 5408.897012288041, 5632.2109238284465, 5619.601555401428, 5572.349564046004, 5781.501666834357, 5675.054494751786, 5654.176688930461, 5787.691853453289, 5690.451594921362, 5629.532008922446, 5382.682542478289, 5632.90227702841, 5449.458785074527, 5602.901101065906, 5656.966682360278, 5412.756443346259, 5499.456784196861, 5637.540085287861, 5526.826025741176, 5497.080925631559, 5647.013811840359, 5784.98036880098]
fps.ltu:[134.1748432310406, 120.19015504159988, 125.43875151626331, 122.6189865883707, 133.9895222346135, 133.12632278549526, 128.58789440505365, 141.3715389381976, 132.86230764682008, 132.63879330553513, 142.49273395705632, 137.51544873203218, 131.2313807297133, 120.91880344582889, 130.44569337114805, 123.76393152332567, 130.29563439269933, 132.9316699793171, 122.15146926677063, 123.72692704569788, 131.4964908388762, 126.33380590388076, 124.23314582573322, 130.0057783495815, 139.3510464371078]
fps.c2:[3.0401219852878976, 1.4196933318820721, 1.3620646178840008, 1.644501801745693, 1.5493034482965815, 1.0105228340598835, 1.4199526573081889, 1.2133706067831378, 2.058496772394085, 0.8612047128555822, 2.755644710674545, 1.5478232861276477, 1.7444283230651094, 1.2093301346163778, 1.507760684411034, 1.1207445085864316, 0.5150868443075727, 1.6340811636659653, 1.0109136573580733, 0.9604516768409346, 1.4848671554965625, 2.0304339280526995, 1.3382313146360643, 2.898858581148645, 1.6435192729158397]
FC:[[3.7926988498494016, 3.8194061741014123, 3.846502627702533, 3.8813667030859977, 3.9413985604733734, 3.988929243432928], [3.7968482193265016, 3.8442026407942147, 3.8887542651466025, 3.9288662234912133, 3.9872377456861683, 4.038305169138547], [3.92483381184095, 3.95520741189933, 4.003743495884595, 4.053808654596933, 4.1128485501828065, 4.163345636812772]]
FCE:[[0.04391759592988428, 0.022124242465280386, 0.013254256360057084, 0.010179352809550605, 0.00865602125610659, 0.007672252592105317], [0.03432333089466644, 0.01715380834442381, 0.010280687995092819, 0.007923302117435239, 0.006739110979101532, 0.005844948061081076], [0.02844718507114783, 0.014516701998875768, 0.008692892884230701, 0.006579160150941054, 0.005603389356508836, 0.004982474619542674]]
