Ri:[100, 130, 160]
Zi:[50, 100, 200, 300, 400, 500]
fps.ts:[1743.6931800031662, 5231.0795400094985, 8718.465900015832, 12205.852260022162, 15693.238620028496, 19180.62498003483, 22668.011340041157, 26155.39770004749, 29642.784060053826, 33130.17042006016, 36617.55678006649, 40104.94314007282, 43592.329500079155, 47079.71586008549, 50567.102220091816, 54054.48858009815, 57541.874940104484, 61029.26130011082, 64516.64766011715, 68004.03402012348, 71491.42038012981, 74978.80674013615, 78466.19310014247, 81953.57946014882, 85440.96582015514]
fps.e0:[10894.786676655043, 10899.576475116468, 10892.27602073606, 10900.029666498162, 10923.640597454161, 10885.399081540687, 10911.649836948787, 10911.554440619573, 10875.090141292447, 10898.016770238097, 10907.502694642844, 10909.375066183888, 10911.9252154052, 10913.817653737236, 10928.524757766685, 10917.274492643422, 10892.189800915561, 10884.200554382121, 10921.476845456602, 10862.230068158879, 10900.607512800612, 10913.702080839956, 10900.006692179466, 10884.683174909824, 10906.28585732867]
fps.e0u:[17.172808721917477, 17.485665019811535, 17.345198394549417, 17.393286647639677, 17.49097931959558, 17.216262826735647, 17.39412335563354, 17.27058407189454, 17.030728831645945, 17.272722455274206, 17.152610627064814, 17.366051278495686, 17.481106754866797, 17.057325407151158, 17.16844888617535, 17.46638777646948, 17.25863448693626, 17.483427933464537, 17.321597406190453, 17.28829208703295, 17.45368926818213, 17.192934698171623, 17.411067914665445, 17.115108390268027, 17.15160953765154]
fps.lt:[6591.22275781082, 6357.287107720662, 6540.147947466401, 6581.368747446561, 6196.973957601251, 6868.313607523914, 6377.854872291761, 6465.131097536429, 6705.674191659011, 6427.358697194511, 6611.191616681831, 6448.744474013921, 6482.8312399118695, 6555.404135412534, 6147.314168414495, 6390.33897109541, 6746.528939655993, 6793.840568605515, 6372.859067476317, 7137.822934622187, 6621.54336728578, 6283.915032396628, 6547.958100044426, 6864.937539687541, 6606.109669247801]
fps.ltu:[208.34585105358605, 196.72518294279882, 204.67169958947653, 209.05438107610033, 186.47475733206912, 225.2323242748421, 196.15674150080832, 200.36606686029918, 214.81638815425146, 197.64075905419384, 208.04926305761845, 199.5283941019309, 202.60233029524625, 203.81013271520686, 181.61218019120994, 198.45876445682939, 218.34600130682892, 222.42973391160518, 194.83657374397262, 242.82024043336588, 212.0750143658034, 188.16404032765473, 205.90989023152216, 224.19987863007236, 210.6086286608487]
fps.c2:[1.12615237685736, 2.0215330166573966, 1.174511887808743, 1.2413544122477789, 1.1129193364202794, 1.5303288481803086, 1.4359620379812577, 1.2209793710252528, 2.1948510408420234, 1.236458239302683, 1.2535729435877512, 0.6360232424523926, 1.0888753071371293, 0.94427314947281, 1.5450939883965755, 0.9582880924094324, 1.5592351521668075, 0.7974538961101386, 0.5504553522559348, 0.47387826858824045, 2.493025534050541, 1.1834504429324422, 0.8478189534116537, 1.3824029974495327, 0.7136939065857218]
FC:[[3.8861557565162976, 3.9433709746380248, 3.9685793732017336, 4.0054121750516325, 4.0530906711869426, 4.078523861591977], [3.9329733619549514, 3.9641521167593883, 4.009795344867967, 4.061570879446483, 4.105078878891863, 4.13700266939869], [4.101770725726919, 4.111674106604849, 4.162672255149859, 4.216784533920688, 4.253940824175379, 4.288774950444932]]
FCE:[[0.04189564190568562, 0.02452675411881087, 0.01581280732428878, 0.012458440580837829, 0.010419046437075955, 0.009214250497277447], [0.03328915210474856, 0.019021717794684184, 0.01227030676934514, 0.009552232860925032, 0.008117395693034258, 0.007197510091048202], [0.028147653596537456, 0.016041592488186138, 0.010206441523309448, 0.00804876824022416, 0.006838064363730932, 0.006069723150373663]]
