Ri:[100, 130, 160]
Zi:[50, 100, 200, 300, 400, 500]
fps.ts:[1916.671779999733, 5750.015339999199, 9583.358899998664, 13416.70245999813, 17250.046019997597, 21083.389579997063, 24916.733139996526, 28750.076699995996, 32583.42025999546, 36416.76381999493, 40250.10737999439, 44083.450939993854, 47916.794499993324, 51750.138059992794, 55583.48161999226, 59416.82517999172, 63250.16873999119, 67083.51229999066, 70916.85585999012, 74750.19941998959, 78583.54297998906, 82416.88653998851, 86250.230099988, 90083.57365998745, 93916.9172199869]
fps.e0:[10783.61947698974, 10814.168276363916, 10786.67508453652, 10819.85438937072, 10813.115382871969, 10809.942270202428, 10778.936338027537, 10807.10757920642, 10816.738846759823, 10801.91032585576, 10794.021216690217, 10783.803627078849, 10787.43373375061, 10792.81864490173, 10781.604028531969, 10795.658915465176, 10770.717037340188, 10764.526863489336, 10807.55449908413, 10780.600375941174, 10775.502137507354, 10776.786208386715, 10768.812104171358, 10763.632700075806, 10764.697813065239]
fps.e0u:[12.613177203880984, 12.569596334327342, 12.634539502834109, 12.560436328149889, 12.40574527469065, 12.56401588694155, 12.803152115576884, 12.57893117748118, 12.551308342493792, 12.617365368730724, 12.642151035332535, 12.611169020415996, 12.682052325675183, 12.597243624949915, 12.431442598078494, 12.671958920159108, 12.729514627511804, 12.59869218965964, 12.621779229462108, 12.720137447443756, 12.697738272859233, 12.69217015275117, 12.937143603221017, 12.768086561507749, 13.070888981014537]
fps.lt:[6643.071190732097, 6359.00449350581, 6517.964797665377, 6201.452956915194, 6312.038935574766, 6492.297102257087, 6591.31378007472, 6335.813631041014, 6370.35183444568, 6454.548731156766, 6449.179098126505, 6491.320646258012, 6549.059495818142, 6623.43842619993, 6708.949705922663, 6481.530842900263, 6784.49566344442, 6829.023449478871, 6421.5494440269595, 6729.704501553546, 6611.427657271474, 6590.073073035078, 6535.864331201589, 6677.772770469069, 6524.464933783821]
fps.ltu:[152.45122727195255, 139.72123080270558, 148.85115708493635, 132.86785917902708, 135.8835185926318, 145.240052965846, 153.31656442343328, 139.44485924932312, 139.27314763763601, 144.68211484381726, 145.07743305080555, 145.8313429037987, 148.91248100027656, 151.58702536682378, 153.78337038318662, 147.02398561735987, 159.80877787608085, 161.6301113992855, 143.50305282749196, 158.11395125577923, 153.36408649248477, 151.82552120622574, 152.54844086047532, 156.84261841303598, 153.04400733451183]
fps.c2:[2.4023648264562416, 1.7945367815183568, 2.2822020580584867, 2.750551837258113, 1.6073919348893193, 3.223763981768348, 2.815593449069608, 1.8411037589628647, 2.6676349094767335, 1.962388063715962, 2.0905204670916153, 3.267117887721554, 2.908836845481644, 1.8378502313070533, 2.8573605998193985, 1.958353779541733, 1.7253159620032643, 3.1897395296838202, 2.420881047065706, 1.6119920965708543, 2.8224925704881554, 3.335241822895369, 1.5215056537197749, 1.8579640059182236, 1.9207217004286288]
FC:[[3.786415581292742, 3.836772320663824, 3.896622867002167, 3.979133376226571, 4.083948955999065, 4.2002108875251745], [3.8086351809436456, 3.8629256595136416, 3.9188783214755096, 4.002045662931528, 4.101917982260422, 4.201702970330042], [3.9412733965272375, 3.99178142908731, 4.045921790586877, 4.120821497032643, 4.210468197162178, 4.312814583913045]]
FCE:[[0.035277179599756826, 0.018715356888737655, 0.011659677980326133, 0.008915351024130831, 0.007643425824615106, 0.006760424214836687], [0.027290857628991295, 0.014391108506651347, 0.008893237678290119, 0.006804259700651036, 0.005851997626191759, 0.0052735000809218825], [0.02241994037198168, 0.01217572467892707, 0.0072903418387337375, 0.00571611614611547, 0.004909434596999657, 0.004334956271054422]]
