Ri:[100, 130, 160]
Zi:[50, 100, 200, 300, 400, 500]
fps.ts:[2676.027000002861, 8028.081000008582, 13380.135000014303, 18732.189000020026, 24084.24300002575, 29436.297000031467, 34788.35100003719, 40140.40500004291, 45492.459000048635, 50844.51300005436, 56196.56700006008, 61548.6210000658, 66900.67500007153, 72252.72900007723, 77604.78300008297, 82956.83700008868, 88308.89100009442, 93660.94500010012, 99012.99900010586, 104365.05300011157, 109717.1070001173, 115069.16100012301, 120421.21500012875, 125773.26900013446, 131125.3230001402]
fps.e0:[10008.440659212847, 10119.538401386557, 10092.32638522393, 10081.744353476433, 10173.232495520893, 10247.848682137597, 10310.161154423073, 10376.526774820413, 10439.710639380117, 10447.590870904665, 10447.111341031336, 10492.643270412496, 10490.205694761524, 10504.126685454556, 10523.188153634714, 10536.900194476866, 10546.887339707362, 10542.790768748688, 10556.18842710494, 10579.897735105074, 10571.195672759382, 10579.18749326923, 10565.110231783337, 10566.02792273791, 10570.644703135698]
fps.e0u:[52.44449454004887, 15.90297356796281, 13.496511190706501, 14.339526699668578, 14.642430262046632, 14.912969114048174, 14.816807701707537, 15.149146600143917, 15.264270564643363, 11.076872344196168, 9.092660804227473, 8.798412494933054, 8.657556841762446, 8.764564653932096, 8.711640345136724, 8.604477683020589, 8.664754175434263, 8.666234548629708, 8.708789529221722, 8.64087591494303, 8.717913876059132, 8.640733762309262, 8.63789654642031, 8.664576769351264, 8.803299894916607]
fps.lt:[3219.656231556304, 3211.633679019615, 3360.3474880584035, 3633.203456155901, 3522.2615942339357, 3561.405685870321, 3586.872275322202, 3492.38565556842, 3449.1792707625864, 3445.5166972162965, 3646.1390945812645, 3622.920972973535, 3677.122366703415, 3705.30636480174, 3714.216383879374, 3728.1653001142554, 3711.2695411045524, 3776.255529744728, 3731.4787870025125, 3643.3787050595433, 3703.3292566906844, 3690.366435648209, 3767.550554003489, 3717.8330199913416, 3719.8316323440254]
fps.ltu:[170.08214828852388, 50.03859672248985, 47.00397714151974, 58.36375813517778, 56.1123248792571, 58.30213646381228, 58.557304212639586, 55.84446628342535, 54.73719953301904, 38.759443355232655, 36.156822670084, 34.473209019733076, 35.14113095598195, 35.9589858808092, 35.79578686997442, 35.70922157878259, 35.35713205168345, 36.67780066211918, 35.971999873003256, 34.05955924068027, 35.34302042016169, 34.77827441353473, 36.39101608364279, 35.38881174664743, 36.002388762891584]
fps.c2:[1.6040378696081001, 1.5522982763820683, 1.3206790568504407, 1.6806016172476566, 1.043519627729009, 1.337522172932714, 2.207670982166536, 1.7763799934859985, 1.2336265421283699, 1.5819743834347308, 1.4046483545061794, 1.559976550201027, 2.2933523456727114, 1.4944840362931364, 1.955862564892151, 2.817413818787123, 1.3663357620050403, 2.3437374412763994, 1.579977890633995, 2.1163624995018564, 3.925561329782189, 2.1046910959862726, 1.5345480768757531, 1.5784374076126906, 1.8670942085444022]
FC:[[4.292979697823886, 4.331693560840075, 4.399550925596137, 4.4752613277695135, 4.570247531050077, 4.657643069910113], [4.326374268830062, 4.367258922282647, 4.443313050658667, 4.526080217761589, 4.6177245266395985, 4.707419385176969], [4.404261657679416, 4.4541465969962415, 4.538132593658765, 4.624570410726403, 4.720709200100583, 4.8155810573682425]]
FCE:[[0.03414850232965992, 0.016416539717679902, 0.009974992948598741, 0.007933030679987343, 0.006938485055556672, 0.006337134535076994], [0.026410645896710168, 0.012718127250137986, 0.007751874661714221, 0.006164847170237245, 0.005389278188269709, 0.004918858448867468], [0.022107364355626376, 0.010561754653361557, 0.0064319628638619016, 0.005126250679930446, 0.004497280904404538, 0.004107678258214103]]
