Ri:[100, 130, 160]
Zi:[50, 100, 200, 300, 400, 500]
fps.ts:[1823.7539599990844, 5471.261879997253, 9118.769799995422, 12766.277719993592, 16413.78563999176, 20061.29355998993, 23708.8014799881, 27356.309399986265, 31003.81731998443, 34651.3252399826, 38298.83315998077, 41946.34107997894, 45593.84899997711, 49241.35691997528, 52888.864839973445, 56536.372759971615, 60183.880679969785, 63831.38859996795, 67478.89651996612, 71126.40443996429, 74773.91235996246, 78421.42027996063, 82068.9281999588, 85716.43611995697, 89363.94403995514]
fps.e0:[10861.89461449788, 10875.17584295578, 10878.79437558062, 10876.378526226034, 10882.967546827884, 10870.935088740967, 10886.507430147636, 10870.728530978568, 10849.244075497914, 10871.678017951133, 10904.047357689113, 10894.223940286978, 10901.361903770918, 10896.261279447215, 10890.149587411242, 10887.41065868488, 10870.19731602659, 10857.831863002983, 10871.43239568528, 10870.535886559957, 10912.003092758316, 10879.218812271647, 10873.501760208857, 10863.283595265835, 10916.402876055792]
fps.e0u:[16.16738976625519, 15.853407820444293, 16.35367571379769, 15.896027733582645, 15.995843998791546, 15.993596499863433, 15.85511289079365, 16.32208114151609, 16.26669258757698, 15.694231308544868, 15.876528063049134, 15.947432520519637, 15.767399546744231, 15.731748780279416, 15.919036236708374, 16.12257071495783, 16.011702616374553, 16.151697220216924, 16.00368921964293, 16.143787707524183, 15.81120884562456, 16.04357129676519, 16.006527252270647, 15.67403145844127, 16.103072575461287]
fps.lt:[12406.176622538804, 11656.82102256255, 12139.673738798536, 11963.026463787206, 11891.262698085835, 12083.595364287177, 11600.713574197325, 12236.295997154064, 13194.887959510927, 11993.997130697066, 11165.124134715505, 11535.228929970894, 11456.53486634139, 12183.61339025179, 11718.938421193643, 11732.01284136219, 12208.27721276016, 12745.355398046295, 12532.94002373136, 12030.896771638178, 11168.999400059078, 12474.683650873301, 11877.126517210621, 12747.148192606199, 10644.849974971345]
fps.ltu:[691.6060598227103, 596.0528402688544, 658.4000737467975, 633.5124833843768, 626.6150104279698, 642.4859459253153, 591.1947718626186, 674.6211021226419, 782.6522419396139, 634.0663327966736, 548.0855006193151, 589.091703541817, 574.6911542961817, 649.7464510818957, 602.0911121296258, 613.2925841388897, 657.4627634294808, 729.3464285666082, 691.681943687619, 646.1835273185186, 549.6018458329996, 688.5308791146192, 624.3250536324634, 709.4421230665946, 507.0747041712068]
fps.c2:[1.4902993344249513, 0.7675519414048296, 2.9029754631563285, 0.8066063764169251, 1.537729829588316, 0.908106799274846, 0.8866800727504731, 1.1187533679679298, 1.2158333366165441, 1.617988096123399, 1.9757662478139204, 3.054278825324074, 1.0004421556846537, 0.6163291147679388, 1.44361789759671, 1.2007670451632535, 1.557920194951168, 2.009855045494872, 1.6886220764232673, 1.1550940872365063, 1.3693550180979452, 1.5614498750571046, 1.8278186589277874, 1.1259041045391414, 0.7380290071478584]
FC:[[3.7942895374367924, 3.832951099246001, 3.8630245518757573, 3.9050598511292036, 3.9294919045551446, 3.9558193757370415], [3.8419584558110245, 3.896663368818573, 3.9196529364759667, 3.949491649390849, 3.9813830640721597, 4.006973953631053], [3.9973463441308357, 4.0350988633365175, 4.05201858994619, 4.0811477502540905, 4.113335285658553, 4.141155504421531]]
FCE:[[0.034685176103787456, 0.02174597851549758, 0.014400630754302672, 0.011226178171168612, 0.009525663565626525, 0.008408140637329546], [0.027036941114085947, 0.01665179804222732, 0.010959283681128858, 0.008712965092707352, 0.007427876976381929, 0.006568608956178159], [0.023032240030900857, 0.014228939852499529, 0.00931206520935996, 0.00741098069620999, 0.006327725401967838, 0.005614074455996532]]
