Ri:[100, 130, 160]
Zi:[50, 100, 200, 300, 400, 500]
fps.ts:[1704.1880599975586, 5112.564179992676, 8520.940299987793, 11929.316419982912, 15337.692539978027, 18746.068659973145, 22154.44477996826, 25562.82089996338, 28971.197019958498, 32379.573139953616, 35787.94925994873, 39196.32537994385, 42604.701499938965, 46013.07761993408, 49421.4537399292, 52829.82985992431, 56238.20597991944, 59646.58209991455, 63054.95821990967, 66463.33433990479, 69871.71045989991, 73280.08657989503, 76688.46269989014, 80096.83881988525, 83505.21493988037]
fps.e0:[10899.017839462962, 10902.72764231007, 10891.454250034738, 10875.042330881502, 10910.648234031807, 10904.720349025472, 10907.381503698629, 10917.990120192622, 10898.998275041276, 10904.48142006843, 10888.274762174857, 10901.569044965641, 10897.414100361208, 10904.630199781142, 10909.394282678813, 10915.4886780757, 10906.526775843868, 10909.02555459915, 10888.722666495789, 10889.381661284544, 10890.65631247265, 10889.742374996506, 10902.666199393965, 10905.195645079928, 10899.827428900968]
fps.e0u:[14.117197819646341, 13.829516540895204, 13.955215710301275, 14.000791821891564, 14.04113279103791, 14.003178164032725, 13.925017396058024, 13.941018217924313, 13.730886265104047, 14.031623525732009, 14.280824392712882, 13.951351808729646, 13.916815159842699, 13.834238490935235, 13.975141997923489, 13.906942173426925, 14.026509848513324, 14.0137045368604, 13.964155467402945, 14.142173407920902, 14.153241558944396, 14.042986976966526, 14.021936785358346, 14.206641712077536, 14.238349812560852]
fps.lt:[12562.56369405238, 12760.946027437585, 13252.017191843028, 13597.146598278905, 12188.21982572747, 12541.736161982548, 12240.336909367295, 12016.355640270503, 12749.759285783935, 12322.264429478006, 13278.072725710375, 12057.946410136838, 12695.049119477453, 12374.337971544266, 12101.62693541739, 11809.54809388827, 12643.21137084583, 11787.564306349768, 13019.714906079827, 13145.93652607919, 12860.064483379096, 12884.963524356055, 12662.085052733091, 12208.389694937632, 12372.591284395085]
fps.ltu:[611.8848970024628, 622.3672068128507, 677.75831330775, 715.0996351312272, 576.0007259703492, 604.8731709648554, 578.7152852768216, 557.8178281498386, 619.1610177261108, 588.3662936159246, 693.9282439994654, 564.1065771669286, 624.8013503142682, 583.9846427635944, 563.4138009373938, 537.1016914546645, 617.2420805497793, 539.4091366048543, 654.0480459003396, 671.501364678813, 643.8866671921983, 646.6151967320127, 623.7694358005848, 580.8598902759959, 603.5910107684449]
fps.c2:[1.5883853123041498, 1.1426169410624352, 1.6926460263175978, 1.7204983360723511, 1.630925026531989, 0.46696513005921314, 1.474772244464287, 1.437118602771053, 1.8482540795287636, 1.9619088037639865, 1.5920999673645169, 1.9070324926981295, 2.1197270337620546, 1.3039681923476882, 0.7731569448207416, 1.874340370032291, 2.0879207301842664, 0.6308243480881065, 1.5375678106147992, 1.667515663449686, 2.0483454017845997, 0.7863334653933236, 0.8354220684099938, 1.265639832480698, 1.4506615232193651]
FC:[[3.8887104639433003, 3.910567370202337, 3.905735483362765, 3.9281003123705647, 3.9479652159742615, 3.972958711532908], [3.9075906775986358, 3.9412015999085104, 3.9458650542795475, 3.9688394911762312, 3.9943218382726546, 4.0202142007639985], [4.0278131798381915, 4.053241965975697, 4.076536735033746, 4.099576629880344, 4.126786417625921, 4.150987788551359]]
FCE:[[0.03098783994467083, 0.019764705864178497, 0.012910216787698594, 0.009951234606670257, 0.008423674705555514, 0.007415960739963459], [0.02366983917156154, 0.014813997229650443, 0.009716767765570719, 0.007689755961682484, 0.006536330249397848, 0.0057696874019914175], [0.02018478319572175, 0.012500863594228208, 0.008258977234442735, 0.006544718950696678, 0.0055714346269284355, 0.004930158642582716]]
