Ri:[100, 130, 160]
Zi:[50, 100, 200, 300, 400, 500]
fps.ts:[3474.1553199958803, 10422.465959987641, 17370.776599979403, 24319.087239971162, 31267.397879962926, 38215.708519954685, 45164.019159946445, 52112.329799938205, 59060.640439929964, 66008.95107992172, 72957.26171991348, 79905.57235990526, 86853.882999897, 93802.19363988878, 100750.50427988052, 107698.8149198723, 114647.12555986404, 121595.43619985582, 128543.74683984756, 135492.05747983934, 142440.36811983108, 149388.67875982285, 156336.98939981463, 163285.30003980637, 170233.61067979812]
fps.e0:[10553.227487433314, 10624.610255126878, 10618.371540603897, 10618.570069332645, 10648.316821225128, 10632.213048619033, 10635.322611128788, 10670.669052144343, 10650.79158507443, 10670.417784078845, 10677.49863962383, 10677.168561244058, 10662.419447841905, 10684.734083005487, 10687.13593258778, 10680.481354291687, 10692.747209654157, 10684.15932943172, 10705.799666059253, 10698.23439310682, 10701.28119815592, 10707.380300156276, 10715.551832144423, 10710.409312606325, 10695.497015011682]
fps.e0u:[7.979556744333184, 8.429205524248786, 9.239458210586, 9.680903344738837, 9.740964571302804, 9.696376375281302, 9.764291291403062, 9.870240806922117, 9.910162382577079, 9.900578386319427, 9.91652196233759, 9.83317907022519, 9.950920069952952, 10.059209588517627, 9.874968098130534, 9.911143609820412, 9.899678561503675, 9.845657767266761, 9.873710366167735, 10.031817874037461, 9.857637797729389, 9.843280118118235, 10.032375738701754, 9.929711482681085, 9.966915718598369]
fps.lt:[8678.36315067697, 8798.182622735096, 8912.926013848895, 9144.02534767779, 8621.172595765622, 9309.709213441833, 9232.448001735818, 8683.150122986617, 9200.53859425788, 8862.236076757205, 9045.337358354856, 9013.984042952268, 9682.425281321599, 9150.58627406313, 9142.054432589528, 9273.562333465059, 8905.045840765064, 9471.3479923823, 9101.801823761414, 9073.269568771637, 9153.42207162307, 9139.327867873142, 9119.886793593965, 9159.570935166326, 9687.640404950913]
fps.ltu:[170.0671185145038, 185.31050894486597, 207.69050785871684, 228.62827952886278, 204.60882477733955, 238.99602330611344, 235.64516328690996, 210.6585873685259, 236.0934710165476, 220.1324702932267, 228.04733793085057, 225.63035549919417, 261.86673341931987, 235.75946147964672, 232.43265680877815, 239.91077347482062, 221.08629313183664, 249.42873226675087, 229.2362032068406, 231.2115048278591, 232.43125109240222, 229.94126479499712, 233.4067977446757, 233.57449541389437, 262.22066079127967]
fps.c2:[4.143706413035566, 1.968428117564092, 1.8943750117228206, 1.3965775372071658, 0.7944051084324458, 2.3839873847544757, 1.2746143513952433, 1.7397094600429577, 1.0842953797003072, 1.5230975255309642, 2.746179181194432, 0.7398330298063015, 3.148173870718947, 2.9630935462785404, 1.4669853588646442, 2.2412258706404833, 1.9579772972636569, 1.2339152525488049, 2.090055444616459, 0.7537571096238778, 1.7362599343746614, 2.326354071444639, 0.997629001042593, 2.473348977411843, 1.6632369677947758]
FC:[[4.018989657005722, 3.978725613147192, 3.9984682577055874, 4.027058917348972, 4.069285849447969, 4.104661246961221], [4.0191758725743485, 4.010165943972086, 4.035433156942387, 4.06968303100228, 4.11176733998692, 4.149333272321387], [4.132082417599254, 4.132070722343412, 4.160204731547167, 4.192652422087432, 4.235775672876605, 4.274883292208548]]
FCE:[[0.02427493767386992, 0.014000692327419809, 0.008943322663318041, 0.0070210235595815134, 0.005972415424523623, 0.005289258449989038], [0.018568108645298096, 0.010846426813658197, 0.0069205607937545335, 0.00543808227386298, 0.0046296057983022665, 0.004111837599105792], [0.015810774161829605, 0.009127989386040591, 0.005839832589253623, 0.004590861498636081, 0.003915922150933045, 0.0034867232888908216]]
