Ri:[100, 130, 160]
Zi:[50, 100, 200, 300, 400, 500]
fps.ts:[1723.150300002098, 5169.4509000062935, 8615.75150001049, 12062.052100014685, 15508.352700018882, 18954.653300023077, 22400.95390002727, 25847.25450003147, 29293.555100035665, 32739.855700039865, 36186.15630004406, 39632.45690004825, 43078.75750005245, 46525.058100056645, 49971.35870006084, 53417.65930006504, 56863.95990006923, 60310.26050007343, 63756.561100077626, 67202.86170008182, 70649.16230008603, 74095.4629000902, 77541.76350009441, 80988.06410009859, 84434.3647001028]
fps.e0:[10879.891574678257, 10897.932276967675, 10875.961913707304, 10843.867927545345, 10882.469747915527, 10859.966454172007, 10881.580123917982, 10853.15891061748, 10882.90030934337, 10863.099600282643, 10883.813172603626, 10861.75025634136, 10868.107489465741, 10862.897768797695, 10876.236756944476, 10868.792079755403, 10873.472819475935, 10859.741165812944, 10896.742124553874, 10894.257140964437, 10898.752951430532, 10906.966645598066, 10879.861996145704, 10866.950388683457, 10871.26899823934]
fps.e0u:[13.011152393210502, 13.208061729568442, 13.222934183257022, 13.143481118209563, 13.206032575866574, 13.054440674343901, 13.134029165002376, 13.155053740835505, 12.979123618438937, 13.252829149971305, 13.083563007458094, 13.220755059886391, 12.978410274462366, 13.118482240038055, 13.127104471379514, 13.18849329374175, 13.14206719231393, 13.148721583303004, 13.135204705566782, 13.196154686773564, 13.151860380122347, 13.109813533692503, 13.228643514180314, 13.328945210537888, 13.343125548342197]
fps.lt:[9015.948742625962, 8815.362399797268, 8979.726554852747, 9852.376558195949, 9208.146176148843, 9545.696114005515, 9108.570050656448, 9643.93703553474, 9086.454698259453, 9516.082353919433, 9132.03455404248, 9460.210971373865, 9223.767244849636, 9342.013936546393, 9176.486121811875, 9287.289420345694, 9259.190188027338, 9526.66935630078, 8441.23372128841, 8739.224740234306, 8809.494678865822, 8350.721995783246, 9081.939210372566, 9189.362644027478, 9148.835724269793]
fps.ltu:[291.61442294195854, 282.0544774821277, 292.5651057295475, 351.74457761363203, 306.8069629138166, 329.41002845743634, 298.97509092455925, 336.8017411907567, 295.42404229228185, 329.49645657620476, 301.1880617883101, 327.337510792818, 305.42329254833163, 315.2320468925627, 302.43093929604606, 313.6303404144997, 308.90417609347924, 329.7478226140279, 259.6446806395035, 279.985357600326, 281.5535321210812, 253.53813944697004, 301.8757686099266, 310.5292520143301, 306.3906216362244]
fps.c2:[1.2753925831876305, 2.4706466447468816, 2.965162191455841, 1.404476512349663, 2.2796715908789884, 2.4386950728796317, 2.9214849531153058, 1.8799209915428678, 1.2154267909153802, 1.747004847812434, 0.6703612778814914, 1.7625433965124242, 1.7519785498035532, 2.6272521877215667, 2.939523467069167, 1.2484639754328652, 1.887225521348183, 1.4268775546110697, 0.5809224179107606, 1.143445774503971, 0.9017276667661688, 0.6662588965065855, 0.9715521118076839, 1.7726918008677, 0.79290597718572]
FC:[[3.776941719652126, 3.800035526812943, 3.836581250303218, 3.876453907329797, 3.9026767753736, 3.941244005585508], [3.826775780430299, 3.842810870799548, 3.8814139815719333, 3.9208775416880672, 3.9490697911775383, 3.9860093402220813], [3.9488225914892037, 3.9684150812066394, 4.012511336927493, 4.055658424136431, 4.083275015715788, 4.123070004366851]]
FCE:[[0.03072956038078286, 0.01813090390134778, 0.011734326235822776, 0.009295348699470003, 0.007856678152969254, 0.006951724108846502], [0.024489268990466443, 0.014157378103071931, 0.00912415186143292, 0.007209231573070988, 0.006100385742366678, 0.005404729211182138], [0.020353338765544723, 0.012011248725296199, 0.007740630683266794, 0.005979332877486668, 0.005061387406122158, 0.004390164809661842]]
