Ri:[100, 130, 160]
Zi:[50, 100, 200, 300, 400, 500]
fps.ts:[1712.264739999771, 5136.794219999313, 8561.323699998855, 11985.853179998398, 15410.38265999794, 18834.912139997483, 22259.441619997022, 25683.97109999657, 29108.500579996107, 32533.03005999565, 35957.55953999519, 39382.08901999473, 42806.61849999428, 46231.147979993824, 49655.67745999336, 53080.2069399929, 56504.73641999245, 59929.26589999199, 63353.79537999153, 66778.32485999107, 70202.85433999062, 73627.38381999015, 77051.91329998971, 80476.44277998924, 83900.97225998878]
fps.e0:[10828.588875199963, 10803.021795512328, 10838.537996210482, 10842.27813787548, 10831.745894415928, 10835.744322979705, 10844.7303202105, 10841.193436278149, 10833.746150986373, 10821.375845304348, 10805.515284064702, 10828.984172885903, 10821.979141319756, 10848.705381201622, 10834.963612470332, 10852.45540528878, 10807.814396156511, 10828.638274234527, 10810.103534573189, 10834.133746667809, 10813.554389920124, 10825.62975731475, 10837.020207950412, 10843.591021928523, 10843.011210616836]
fps.e0u:[14.470453922157446, 14.555800298413587, 14.32400620192587, 14.293441791734443, 14.515365614185084, 14.505576468291295, 14.120560133522584, 14.566655011807308, 14.623592126664658, 14.408948237114261, 14.46639120120044, 14.436282968249314, 14.489167584107243, 14.302791725896034, 14.472245195412597, 14.508972788440762, 14.32152459562051, 14.440579799101586, 14.581896866531908, 14.41295579364711, 14.438389417957149, 14.573513575386315, 14.529799664569094, 14.55939525848869, 14.43366812121565]
fps.lt:[11091.125052534926, 11573.498505031204, 10792.39620878976, 10265.656464737174, 10900.401961414269, 11183.881142644856, 11013.048155273777, 10599.318321292634, 11145.285844278098, 11154.691682199293, 12279.272042569946, 11052.751946969414, 11924.090162788918, 10944.887982290264, 10955.664666182007, 10428.6974981482, 12321.27488562174, 11219.368248551886, 12083.689567817966, 11494.933286486306, 12338.806596006407, 11663.730749940845, 11211.335842188982, 10517.515684262495, 10830.134306181773]
fps.ltu:[493.92669086452037, 541.3271224242876, 466.7553272794705, 421.5398935410601, 478.13905000717295, 506.6164077351119, 475.6112132870938, 453.4462058225755, 503.98012538355147, 498.9635135614876, 610.4682825768454, 491.39314261853167, 573.3539082263213, 479.3865364635354, 480.30913192810806, 436.12634521440515, 605.8446210653225, 504.87509446275965, 590.3471759755571, 528.4111713693237, 613.1512370965457, 553.1977518228755, 506.3593255887013, 448.0919613951052, 469.47367885360245]
fps.c2:[1.4592441001504075, 1.6414795881603506, 0.8220957078392522, 0.7814149928191687, 1.1083882746557567, 0.7069412396507112, 1.4564747972555983, 1.117995008682089, 1.1864856236175603, 1.5445459741750822, 1.1875238831997819, 2.1485504645699285, 2.2737549329409887, 1.3085828970960125, 1.303874623182284, 1.8180787303500618, 0.8826174964417874, 1.6628471199475392, 0.7948762687243108, 1.9888881304876411, 0.9402267374634601, 1.3766555731033259, 1.7181162193962694, 1.3517966599632234, 0.7875895045612549]
FC:[[3.8087386676153736, 3.8725747391916303, 3.8794008640242765, 3.899451265844851, 3.9221263960314627, 3.9522554476759764], [3.8382809860725398, 3.9023221968028565, 3.926677314063729, 3.9508672105078495, 3.9727573363520925, 4.008070915119512], [3.985517505071903, 4.031403778572886, 4.051549904484383, 4.078811981351516, 4.106407222365656, 4.136782203743148]]
FCE:[[0.033398007025586464, 0.02011443602279919, 0.013182201221343568, 0.01042599003332311, 0.008851086857830683, 0.007809195471217326], [0.025967307604981636, 0.01565130617327379, 0.010249323381208073, 0.008123592278694535, 0.006892057009721398, 0.005946473539803805], [0.02126084365957852, 0.012972522264351935, 0.008474894164648973, 0.0067261297690824106, 0.0057188700962793205, 0.005067233952980713]]
