Ri:[50, 100, 150, 200]
Zi:[100, 200, 300, 400, 510]
FC:[[4.017618286740827, 4.0227666853635675, 4.037356141277673, 4.062311309429946, 4.107077130085292], [3.9751407085664323, 4.017385680099699, 4.054246421659879, 4.068557744382507, 4.1018925203416865], [4.158442746155219, 4.1766498298486825, 4.20943446121209, 4.2413690254016725, 4.275819502383114], [4.715380956871176, 4.745847009836856, 4.796847240637754, 4.827545854912828, 4.859796696094735]]
FCE:[[0.05114976316396951, 0.03496368157903283, 0.02806264368528205, 0.024214138627513274, 0.0214372364598354], [0.02582138293885619, 0.017649178246917394, 0.014319423898896741, 0.01227935728144437, 0.010794406153229913], [0.018678304274283162, 0.012518937413263436, 0.010121997565472038, 0.00867120088111042, 0.007660313025383645], [0.01728548652817774, 0.011698583061751155, 0.009477835981873229, 0.008174245222094222, 0.007222618432904425]]
fps.ts:[1607531970.2394202, 1607534339.4722602, 1607536708.7051, 1607539077.9379401, 1607541447.1707802, 1607543816.4036202, 1607546185.6364603, 1607548554.8693001, 1607550924.1021402, 1607553293.3349802, 1607555662.56782, 1607558031.8006601, 1607560401.0335002, 1607562770.2663403, 1607565139.4991803, 1607567508.7320201, 1607569877.9648602, 1607572247.1977003, 1607574616.43054, 1607576985.6633801, 1607579354.8962202, 1607581724.1290603, 1607584093.3619003, 1607586462.5947402, 1607588831.8275802]
fps.e0:[10010.080682840815, 10004.128647408701, 10039.77652997742, 9962.656544240417, 9993.222473638238, 10004.516114976666, 10008.94629530275, 10007.789182442692, 10030.78119625713, 9971.62030934406, 10010.930151426272, 10008.825172617147, 9963.852412401713, 9985.947939453827, 10019.846338380386, 9997.892763742928, 9999.957979182138, 10010.46696096368, 10024.00688420376, 10058.535455274341, 9972.316194818692, 9982.654346107369, 10018.648035211887, 10027.779882933468, 9990.973259140093]
fps.e0u:[24.13751353774024, 23.999420304870913, 24.06790769346828, 24.001132358868226, 24.458777480153415, 23.712494950741654, 24.319720273370645, 23.72176629729698, 24.33950058349423, 24.438496007077788, 24.325566290431656, 24.298261757186577, 24.408682786494435, 24.193964093928514, 24.03262778401174, 23.997962507780052, 24.447797964101024, 24.10607541217827, 24.098348697689083, 24.09340449034764, 24.021073031695504, 24.332111505295583, 24.20408040329615, 23.796084341958053, 25.955451719300523]
fps.lt:[14324.711387756142, 17024.085391264194, 13491.81398820064, 18637.44969770114, 16758.114836335222, 17874.630532019153, 17275.780917540327, 16821.11807464898, 14818.435092398231, 18393.457445599342, 15433.771009588216, 16331.270385510741, 20160.53776339561, 18831.716280275174, 16004.50856752916, 17757.26982973859, 16797.202884221166, 14701.702207857303, 15380.778897848433, 13479.657577110756, 19877.535563093315, 18743.60432731738, 15103.749305990505, 14938.345743318803, 17948.450363094154]
fps.ltu:[1515.5768337448394, 2098.860672198782, 1320.4839989019683, 2503.6463917073497, 2053.612003136965, 2274.4947723644523, 2195.199847539578, 2025.2391465290655, 1607.0220561783242, 2470.209302857032, 1741.3379024531152, 1937.4631971293147, 2951.963721251365, 2528.9237026859505, 1842.021435432154, 2271.6280437370788, 2069.1951904786233, 1557.6328970294517, 1714.8744456669326, 1301.6373698767263, 2845.8548285048587, 2552.0558255983265, 1650.5768088512546, 1590.819152599873, 2501.894244247285]
fps.c2:[0.7786490215238787, 0.6553251304300007, 1.7472203744133112, 0.6014351821454834, 1.4180710737058595, 2.0407917130123954, 1.6888186770066385, 1.0103060376301192, 2.0603495408482226, 0.8233442721710589, 1.3310880676018637, 0.971553728865146, 1.1512950907770259, 0.5455921057881077, 1.448987441855908, 1.0401551870740948, 0.657780879457768, 1.835987480451317, 1.5669584384985065, 0.6939017199326722, 1.7114789329813584, 1.0868247281200412, 0.4135238620666785, 0.9980812615797334, 0.9648817940440814]
