Ri:[100, 130, 160]
Zi:[50, 100, 200, 300, 400, 500]
fps.ts:[1849.748140001297, 5549.244420003892, 9248.740700006485, 12948.23698000908, 16647.73326001167, 20347.22954001427, 24046.725820016865, 27746.222100019455, 31445.718380022052, 35145.21466002465, 38844.71094002724, 42544.207220029835, 46243.703500032425, 49943.19978003502, 53642.69606003762, 57342.19234004021, 61041.688620042805, 64741.1849000454, 68440.68118004799, 72140.17746005059, 75839.67374005317, 79539.17002005578, 83238.66630005836, 86938.16258006098, 90637.65886006356]
fps.e0:[10779.577266394559, 10824.09462102425, 10811.649375052926, 10838.850365629938, 10819.173393728439, 10829.812252227199, 10779.598974193737, 10829.542307671089, 10820.380513688928, 10807.217581008535, 10778.37383152113, 10805.277165302583, 10779.208288498703, 10788.90058279784, 10797.853571425143, 10811.165311961884, 10805.722939799436, 10821.767385072657, 10800.636485312392, 10803.199085665381, 10785.823480994603, 10805.669162803051, 10796.872540284747, 10806.749328436315, 10798.419127498868]
fps.e0u:[16.493565264258716, 16.321452716298367, 16.260579423294374, 16.051952349673627, 16.104475830576774, 16.497280033538818, 16.3679667107903, 16.137627435264445, 16.377003059451788, 16.31351254488314, 16.358719908163437, 16.227377599935252, 16.321282039966647, 16.322057171557866, 16.369441864091527, 16.156084575365448, 16.464222446619605, 16.03264540814561, 16.124163664402005, 16.06515536652862, 16.28797198307324, 16.591154448654528, 16.2622720027856, 16.34074842817974, 16.448660571980213]
fps.lt:[11084.161623574157, 9962.071340623967, 10395.763314402644, 9686.996147025135, 10222.132940250218, 10031.316189219915, 11655.287628082448, 10127.109381741546, 10003.027688155295, 10623.535014084122, 11672.883912638512, 10514.773193257466, 11425.23853201707, 10742.708727571797, 11004.350753422692, 10453.176752986425, 10276.391828301566, 10550.967818951473, 10591.602519488699, 10676.578585927025, 11217.481345540762, 10359.63055916696, 10435.55633715033, 10434.879854035873, 11474.590958107034]
fps.ltu:[558.8053456700251, 447.1491033511305, 487.68607162572766, 420.33736268551587, 470.0112374070979, 458.82554893682925, 618.0448455656834, 461.8181803166686, 455.62245106596845, 509.30285145534174, 613.0820540479714, 497.29611639699925, 590.7651023591928, 524.2492926942729, 549.0822904650022, 490.1230552558701, 480.6390979295214, 492.6832260620521, 500.2376258086455, 511.89319801264895, 567.3799321606324, 493.7408075239582, 491.9507363054509, 492.98563001864926, 599.6178547369667]
fps.c2:[1.0523695986615655, 1.2639722811745624, 1.6767676479949043, 1.6282662076782588, 2.241435053331506, 1.5482030087052594, 1.5768211187364007, 1.4047623684535866, 1.3658557413340047, 1.4513757951710953, 1.231283289919047, 2.376608150393394, 2.012780546688381, 1.373204368090458, 1.3075681237288812, 1.3538871963558488, 1.3599410553432507, 1.2136389983580453, 0.957722552914669, 1.3253806637448913, 1.255211368839714, 0.7554565278547217, 1.4972448889426129, 0.8856288910782344, 1.4422126850887431]
FC:[[3.789656685228042, 3.8178809422672786, 3.834433015346453, 3.8790992652937404, 3.914811880105308, 3.9406782396451745], [3.8761167879882152, 3.8838565682889445, 3.886100236616984, 3.92581426249505, 3.9596235682995458, 3.988177905389319], [4.009933321734899, 4.002348719394956, 4.007195578772436, 4.044645968475847, 4.076669405923534, 4.1079514401469]]
FCE:[[0.038239550128444766, 0.023100148966127478, 0.015121179606990198, 0.011628613590916093, 0.00966949869365422, 0.008495508807202037], [0.02928805654749303, 0.017595548166357198, 0.011404268840765647, 0.008798202945599866, 0.007495208208688042, 0.006612971244450937], [0.02471951021253885, 0.014578208839659873, 0.009441073765677691, 0.007458584120348085, 0.006356607901357979, 0.005627313556912036]]
