Ri:[100, 130, 160]
Zi:[50, 100, 200, 300, 400, 500]
fps.ts:[1746.639359998703, 5239.918079996109, 8733.196799993515, 12226.47551999092, 15719.754239988328, 19213.032959985732, 22706.31167998314, 26199.590399980545, 29692.86911997795, 33186.147839975354, 36679.426559972766, 40172.70527997016, 43665.983999967575, 47159.26271996498, 50652.541439962384, 54145.820159959796, 57639.09887995719, 61132.377599954605, 64625.656319952, 68118.93503994941, 71612.21375994681, 75105.49247994422, 78598.77119994164, 82092.04991993905, 85585.32863993644]
fps.e0:[10867.793834477316, 10853.136173163008, 10865.94209780364, 10866.887061746109, 10864.934075582147, 10866.606280075708, 10841.396115984648, 10851.070950880277, 10863.032358764985, 10856.098160763222, 10868.682683189087, 10870.876713829199, 10863.164298392945, 10850.266393350803, 10865.152894185892, 10874.623023608774, 10865.799678786994, 10865.034357783667, 10858.864737695705, 10878.370415079065, 10837.922399342036, 10875.048689036581, 10856.755478578143, 10870.86128730608, 10868.702156934014]
fps.e0u:[9.934244118378915, 9.977395301628219, 9.907496783048536, 9.979620356815246, 9.875039454016935, 9.97530088450262, 10.054835693711482, 10.042686533783717, 9.945911196902554, 9.945163414221428, 10.001770009307196, 9.982796106534508, 10.040262685716906, 9.929617980668942, 9.925709246578009, 10.002882473618515, 9.975667218428242, 9.971045336479953, 10.033771885494648, 9.971679626965201, 10.05020145609935, 9.975416409212748, 10.053384801788773, 10.09380864441178, 9.920740236392138]
fps.lt:[5903.508431304885, 6070.290796390765, 5992.859763431558, 5868.675341847132, 5958.157025150719, 5901.961226828693, 6106.7795486196665, 5987.588672481706, 5954.227094500856, 6046.232817918491, 5942.823155622331, 5859.05047306724, 5894.117169945338, 6028.33706262282, 5850.2157929820905, 5851.290954719971, 5925.061715445255, 5938.037816201638, 6069.782666507169, 5885.454222444879, 6301.9871329046755, 5907.6942809769225, 6072.41218875194, 5939.143594152574, 5962.754669342717]
fps.ltu:[95.38551833549818, 101.01278016565817, 97.766786855948, 94.39511411752913, 96.32045279582577, 95.49960367692971, 102.74175895040723, 98.97197233591622, 97.10724141450119, 99.85088062636247, 97.03309698118073, 94.20162374601082, 95.4407623974153, 99.4045127430499, 93.24488180953402, 94.4394511461855, 96.02590738355748, 96.42505170163456, 101.34873989490005, 94.68107534611134, 109.19892367227267, 95.35568620905802, 101.83732834517104, 97.75346566634836, 96.78621054308402]
fps.c2:[4.236005797111956, 2.8456291932886946, 2.386338834751443, 1.8743091081294059, 3.037358247736656, 5.691465683775406, 3.4863854512393044, 2.0726245949590534, 2.20259183607853, 2.972976284139175, 3.6776991277601017, 2.4561179874952126, 3.1484840703051824, 2.032822610425041, 2.629933198003822, 2.782880711279665, 3.130334859835714, 3.4805903177477195, 3.9093077334693334, 2.861672464009163, 2.3298138036530665, 4.145990767198926, 3.8002876120925366, 1.167966318043457, 1.4313949185164694]
FC:[[3.797758125377688, 3.8275821140207267, 3.8665974537043164, 3.907390332032459, 3.949678310764058, 4.009379203144598], [3.84701314877281, 3.869037113773924, 3.914594183268674, 3.9619997058561096, 4.011087726476429, 4.067137214884388], [3.952648495977378, 4.0024205900602565, 4.04821466116601, 4.103505851812043, 4.159819723826134, 4.216094996140185]]
FCE:[[0.02650137153364002, 0.014276917844959268, 0.008856862280337231, 0.006888931370507617, 0.005823254764648263, 0.00504347136898374], [0.02082215332660666, 0.011100243904256192, 0.006860603672012054, 0.005345931772286318, 0.0044246250436121405, 0.003931510950928334], [0.017409097246397855, 0.009279236716349946, 0.00568635495393178, 0.004447423744572083, 0.0036979369931169443, 0.003288561278557994]]
