Ri:[100, 130, 160]
Zi:[50, 100, 200, 300, 400, 500]
fps.ts:[1738.59515999794, 5215.78547999382, 8692.975799989701, 12170.16611998558, 15647.35643998146, 19124.54675997734, 22601.737079973223, 26078.9273999691, 29556.117719964983, 33033.30803996086, 36510.49835995674, 39987.688679952626, 43464.8789999485, 46942.06931994438, 50419.25963994026, 53896.449959936144, 57373.64027993202, 60850.830599927904, 64328.02091992378, 67805.21123991966, 71282.40155991554, 74759.59187991143, 78236.78219990729, 81713.97251990318, 85191.16283989907]
fps.e0:[10882.54638406513, 10877.124579155647, 10877.799373006226, 10869.346287770528, 10873.361424885052, 10865.778161003456, 10868.754443405847, 10877.534281842853, 10871.64151247648, 10864.555853786005, 10875.109365002967, 10875.320126868784, 10878.084504813076, 10881.8701626799, 10894.348870611697, 10865.247049029775, 10865.209790461819, 10868.483921713056, 10863.964473329312, 10881.935864606854, 10874.384038982374, 10875.478181785391, 10874.304249232728, 10879.776368829731, 10878.63582068978]
fps.e0u:[10.23346925265181, 10.280468477234187, 10.242863190213248, 10.311143925573148, 10.333175324605184, 10.342310348837689, 10.33204713622677, 10.251317977453471, 10.30969213849012, 10.326176434511583, 10.297528138663818, 10.33716816501882, 10.242897305760515, 10.250154834490441, 10.242537241978077, 10.438803418860353, 10.277983993075383, 10.358159436394608, 10.367199268181276, 10.411079156519056, 10.439968128475076, 10.386011336903106, 10.339155134104466, 10.245760900744049, 10.615355693271457]
fps.lt:[6279.454090108117, 6299.882433118148, 6287.884681898085, 6336.461965982548, 6312.629049411001, 6413.99004412628, 6380.403783556304, 6200.085481985782, 6263.14546909698, 6400.821056937135, 6287.222901497794, 6339.410919789967, 6326.276228717718, 6178.673331199706, 6162.195852448599, 6412.814014566525, 6335.859728655045, 6380.379500298403, 6452.650766811149, 6222.442954021124, 6279.997816429944, 6323.861770410372, 6324.834059460718, 6279.077628770504, 6257.789785859448]
fps.ltu:[110.07458967298304, 111.64690007640709, 110.39611778527993, 112.62769644208858, 112.28169679413617, 115.40840733797624, 114.86947418326923, 107.46820787557242, 110.17385296429356, 115.60668780597682, 110.72509213951668, 113.56015267000828, 112.16020189113982, 107.33698525531636, 106.77384090909784, 117.5705190117359, 113.33135870680485, 114.74935127501864, 117.6544077586585, 109.85678674135303, 111.80661907044188, 112.98903482886762, 112.70593479467479, 110.63363485604496, 113.5162435453139]
fps.c2:[3.0291190048004655, 2.896592133591977, 2.0571144707510554, 2.1826790792666384, 2.9481843424958765, 4.658041134612454, 2.004435871977393, 3.582992112455289, 3.629105443866825, 1.2440408262207934, 3.2245437454977286, 2.267354659833791, 1.0694398270917147, 3.246142217061988, 3.7031925673399178, 1.5953950068834901, 3.1092231598146975, 1.7785623691011172, 1.155318635167536, 1.249389855108927, 2.8428036943760775, 1.645809861206876, 2.6079097145542884, 2.027190728279763, 2.4201629318222433]
FC:[[3.8313517225961102, 3.8254073797517543, 3.867319541517903, 3.921808633851164, 3.983456251944575, 4.047954137307492], [3.868880003221756, 3.858278127934606, 3.904625113445473, 3.9661476253832233, 4.038799182429718, 4.10939974973718], [3.9938168926542637, 3.9794342020364364, 4.035050069794587, 4.097127470828777, 4.165401228024409, 4.233879786408799]]
FCE:[[0.02841238282095419, 0.015049847486218463, 0.00927256403968749, 0.007238823536455771, 0.006143909058089827, 0.005344885448932732], [0.022175262033739224, 0.01164595133992437, 0.0071468956834141095, 0.005593601955111798, 0.00467061891352815, 0.004073625311962998], [0.018530684959859194, 0.009827466009463338, 0.005910304995695209, 0.0045192855858525, 0.003851446029575857, 0.0034420191784679337]]
