Ri:[100, 130, 160]
Zi:[50, 100, 200, 300, 400, 500]
fps.ts:[1623.0234600019455, 4869.070380005836, 8115.117300009728, 11361.16422001362, 14607.211140017509, 17853.2580600214, 21099.304980025292, 24345.351900029185, 27591.39882003307, 30837.445740036965, 34083.49266004086, 37329.539580044744, 40575.58650004864, 43821.63342005253, 47067.680340056424, 50313.72726006031, 53559.7741800642, 56805.82110006809, 60051.86802007198, 63297.914940075876, 66543.96186007977, 69790.00878008366, 73036.05570008754, 76282.10262009143, 79528.14954009533]
fps.e0:[10216.182009198432, 10264.001219525135, 10297.61874142757, 10326.730465228333, 10334.490865521067, 10397.662385758127, 10364.947604373541, 10414.665374622004, 10425.086416392744, 10470.304369698046, 10438.090539559118, 10464.798080781284, 10489.634214614376, 10501.7760077729, 10508.899578594985, 10520.005382260799, 10532.625291243205, 10575.775924031668, 10560.598043868087, 10614.132596628102, 10537.855622308707, 10570.97319749119, 10614.07929449402, 10599.293462254333, 10590.99974752292]
fps.e0u:[16.616239400928777, 16.241098153066126, 16.712370972375, 17.09662104292994, 17.327617460555484, 17.506648641218938, 17.738556521033754, 17.717927120202912, 17.803535631877015, 17.739068073461908, 17.81885948259031, 17.845145236079556, 17.95643032568667, 17.754598323337543, 17.637506924736712, 18.22522650626204, 17.62146697395074, 17.602806136581663, 17.764306145867405, 18.068305984177623, 17.984470305506434, 17.875882435960655, 18.08311781697288, 18.237515436128767, 18.324653143786524]
fps.lt:[5398.890807830504, 5920.833802446065, 6099.309977158169, 6527.854801210833, 7007.636518799087, 6797.695836463401, 7782.8589456011805, 7375.713418561568, 7712.955411991478, 7513.612273039745, 8194.279366598439, 8121.5160973725515, 8133.840028707951, 8093.859989167574, 8318.85582336916, 8233.2040982375, 8447.878041308597, 7937.692958303307, 8368.782608740174, 7866.7586106122935, 9324.349868631018, 8739.775555093629, 8272.79324928542, 8744.566209887724, 9156.27405103745]
fps.ltu:[140.0213264031378, 166.24219875424535, 181.72981473138466, 210.76957011406932, 247.10483843508982, 233.75586284583164, 307.94223800832424, 275.28017413985003, 300.73828061369824, 286.01717794921973, 342.3735984059177, 338.63996355154796, 341.1758682371147, 333.24192107944634, 348.05426705761965, 348.12657938183287, 362.14137352897524, 317.65876741358284, 356.6692656076948, 318.421283515699, 444.95195626841735, 389.1435287548437, 354.58612860274184, 394.4971931455744, 432.8404313358203]
fps.c2:[0.4110354817752547, 1.3934978155923792, 1.9933032939766884, 1.113141963412603, 1.5070815970577696, 1.5977253922217518, 1.0842559140106187, 0.7554856628649136, 1.0470422671437036, 0.5187911954785996, 1.2543746075156932, 1.0463916212596893, 1.1630630401500024, 0.8131873905164881, 0.5665753473934626, 1.7110067072655335, 1.802166150792962, 1.159359735716969, 0.8728893403229381, 1.6406655780042607, 1.237693322417454, 1.7286899190257379, 2.1140516621916103, 1.2412034137715933, 1.0993202035484928]
FC:[[4.948928789055965, 5.017487784485737, 5.217561981223953, 5.413384594396324, 5.59872604049386, 5.730953027541579], [4.956897577559834, 5.0546639004839236, 5.245710312137329, 5.4318015340040295, 5.616498356529123, 5.751377520322344], [5.0730421413871225, 5.167233047028655, 5.334247205253182, 5.527674753699671, 5.690038852818578, 5.837193556375521]]
FCE:[[0.05662213245262182, 0.034250831509487885, 0.022668954875681286, 0.01818195155001926, 0.0157040416821175, 0.01414337599149032], [0.04322190737968283, 0.026034483615258952, 0.017312050694963527, 0.013885954681670441, 0.012008120888263165, 0.010832231287215386], [0.035799163409886724, 0.021371502856371134, 0.014254519883320667, 0.011358300158099941, 0.009897659293330256, 0.008894847507393028]]
