Ri:[100, 130, 160]
Zi:[50, 100, 200, 300, 400, 500]
fps.ts:[1981.8700199985503, 5945.610059995651, 9909.350099992751, 13873.090139989852, 17836.83017998695, 21800.570219984053, 25764.310259981154, 29728.050299978255, 33691.790339975356, 37655.53037997245, 41619.27041996956, 45583.01045996665, 49546.75049996376, 53510.490539960854, 57474.23057995796, 61437.97061995506, 65401.710659952165, 69365.45069994926, 73329.19073994635, 77292.93077994346, 81256.67081994057, 85220.41085993766, 89184.15089993476, 93147.89093993187, 97111.63097992897]
fps.e0:[10895.442828731319, 10922.789197157046, 10910.620909391606, 10901.438602364458, 10883.107281969336, 10896.248314238446, 10906.157478122914, 10902.97922708697, 10915.451345597565, 10896.055542318863, 10914.21120392561, 10899.20791844303, 10915.316935251001, 10886.407392857082, 10914.128514022943, 10911.62358935091, 10924.377032669008, 10905.817427741113, 10924.648277905426, 10930.946405373028, 10915.565695480433, 10904.22610166448, 10905.374210174014, 10910.499072096023, 10910.211029008637]
fps.e0u:[9.862666798886453, 9.791358936234278, 9.738023381040014, 9.738237987077778, 9.801810638595418, 9.716556348452164, 9.759600629958827, 9.745027828576047, 9.791451665306024, 9.804568463601264, 9.835645374547628, 9.775348813062857, 9.744079017510298, 9.776837392960832, 9.829362665162058, 9.862706530894494, 9.736887077103944, 9.829192099058323, 9.756269462910545, 9.831521474290803, 9.834604190180032, 9.769560373092277, 9.828447228371553, 9.848627790689797, 9.989734523650602]
fps.lt:[5647.95004770605, 5442.377620473566, 5527.512061150427, 5556.027205153794, 5684.095443457602, 5660.764325479586, 5548.9025837336685, 5578.416998615645, 5515.409178124704, 5651.0933906119235, 5516.044167025026, 5670.371353825789, 5568.479083133551, 5681.245432066029, 5526.496862686011, 5599.644910169591, 5467.277703899178, 5619.413448887572, 5460.018549247728, 5491.307946777265, 5702.12403448073, 5751.454277057457, 5753.529566281559, 5780.922830232683, 5832.763889330803]
fps.ltu:[86.39097256563586, 79.44352155078843, 82.00847376124395, 82.76630266933492, 86.81804349686718, 85.37206168083422, 82.65529951013794, 83.54151116494282, 81.7324121887383, 85.66272255862836, 82.07144978015026, 86.11626352960224, 82.61550739090369, 86.60383529207837, 82.09323284371875, 84.77040503051957, 79.64354673540615, 84.74201190161689, 79.71282561654604, 81.04729596173833, 87.025420838427, 88.18521220975012, 88.59098779863511, 89.80064511941897, 92.49669722173307]
fps.c2:[2.029673390764194, 1.7178752569374893, 3.531244039511823, 2.7666461399274573, 1.828401243936192, 3.034033980019318, 1.7920128849986727, 2.215628080704714, 3.3487205499982533, 2.000667014243334, 1.9860099392328259, 3.016857269805427, 1.2707474753759105, 0.9177885614450966, 3.3135709988802997, 2.177804891157449, 2.1418779616616783, 2.291665994326555, 2.158851061360687, 2.3023973025256828, 2.1776920956383736, 2.4898177363787473, 2.546860563985948, 2.9205625132931883, 1.512708854853181]
FC:[[3.7581881932313292, 3.7272198194060406, 3.792381591940696, 3.8676345801997587, 3.943652096839506, 4.0081570304684595], [3.7830873019802977, 3.749338988323016, 3.821680663702121, 3.891504792104238, 3.968687905537468, 4.038773865620776], [3.8624531990327653, 3.849960376109169, 3.907575983559391, 3.9840264154275884, 4.059379955067651, 4.130383511378094]]
FCE:[[0.027210941203929376, 0.013855898620461285, 0.008321683841736118, 0.006562663874608799, 0.005487174005838078, 0.0049035354673656155], [0.021192460600997474, 0.01071920529480731, 0.006422643222032272, 0.005056860347033294, 0.004230681333905413, 0.003794280247249969], [0.016952192990719622, 0.008834572513688408, 0.005369228208187745, 0.004126386958244926, 0.003542201859123829, 0.0031825299745629346]]
