Ri:[100, 130, 160]
Zi:[50, 100, 200, 300, 400, 500]
fps.ts:[1731.5827400016785, 5194.748220005035, 8657.913700008392, 12121.07918001175, 15584.244660015105, 19047.410140018463, 22510.57562002182, 25973.741100025178, 29436.906580028535, 32900.07206003189, 36363.23754003525, 39826.403020038604, 43289.56850004196, 46752.73398004532, 50215.89946004868, 53679.064940052034, 57142.23042005539, 60605.39590005875, 64068.56138006211, 67531.72686006545, 70994.89234006882, 74458.05782007216, 77921.22330007554, 81384.38878007888, 84847.55426008225]
fps.e0:[10666.540843416084, 10699.387802654352, 10687.751288859448, 10694.873141551203, 10683.614398743166, 10692.079985500055, 10686.189453884925, 10682.708785669865, 10703.281741150522, 10686.220812990332, 10693.136382508208, 10719.075987189013, 10680.870614755706, 10694.017404339294, 10693.338877506107, 10702.258939350757, 10692.669524372059, 10685.13789285732, 10699.119691577373, 10718.186079996603, 10723.352769115088, 10706.919432538894, 10712.651401045603, 10697.020523388575, 10695.400127039558]
fps.e0u:[16.244665435801483, 16.276957266506606, 15.92460634235013, 16.358190766252566, 16.239193024992446, 16.106738582332017, 16.278205581161032, 16.364646326023987, 16.251749286382356, 16.005107186860094, 16.183192183893432, 16.267269095448256, 16.209675739760044, 15.935598378395209, 16.05830135932562, 16.248047665962527, 16.256835428459596, 16.39754642315459, 16.23830875275992, 16.07551514861661, 16.299062987291446, 16.281823553485886, 16.378937839093656, 16.421074949664188, 16.359669478921656]
fps.lt:[10748.861747541807, 9585.359801512892, 10329.50994006503, 9614.138437706277, 10428.13540637096, 9492.612841057196, 9747.555466481179, 9949.53770621603, 9754.12839334301, 10415.91267242679, 10375.008450293304, 9840.454333481926, 10559.118640216997, 10052.650332147045, 10644.001587139057, 10139.603797470416, 10354.844024439626, 10337.35405396355, 10067.477490980276, 9431.820604407134, 9539.55539932945, 9817.02867507509, 9834.043067655146, 10649.31249211069, 10118.11548201935]
fps.ltu:[521.1532597865153, 420.3463937193139, 476.6582038675236, 422.5282727973331, 496.61856329039597, 406.31981343746685, 433.2704185580453, 454.66698453079965, 432.9503556095467, 488.0440793932623, 488.08141576320554, 439.37646342946744, 505.8038231323044, 454.1358549407708, 509.9575870183198, 468.41153968185546, 485.35270272821987, 487.4345196411873, 458.21729256108995, 403.4246072204233, 414.5943384435007, 442.9944718934383, 441.0701239851067, 518.520315203868, 467.21402391890217]
fps.c2:[2.1330650761020866, 1.1516079330771487, 1.7883103628324297, 0.7569182244111641, 1.084019586459502, 0.7945591686856864, 1.2363904094060518, 1.536648699767772, 0.905582771755052, 1.326167533882424, 1.1806880024370083, 0.9400401672418341, 1.658286471268722, 0.8962177577639955, 1.728394886529422, 1.1509573006910752, 3.2077565260063823, 0.7843974951161473, 1.1911472017807028, 0.8725626059696723, 1.8037836171687442, 1.6154790138048538, 1.728192019252049, 0.6762268972818705, 0.5339729406588203]
FC:[[3.8751924745806923, 3.848926059870431, 3.87978166941683, 3.9096484876594877, 3.9367194621777917, 3.9746345096468234], [3.879142588024965, 3.8721922051266513, 3.921851429632962, 3.962450899467228, 3.990251502197679, 4.035810195194828], [3.9712441900597, 4.001535303983356, 4.061923053863963, 4.11298014111153, 4.1443998875316845, 4.186963610046689]]
FCE:[[0.037719613081676914, 0.02333214115161584, 0.015234866374221341, 0.011963335128008939, 0.00983695400483057, 0.008460486988455843], [0.029294346835316353, 0.01800248603154663, 0.011789806454519793, 0.008828632367775398, 0.0074744351054979695, 0.006643655508554665], [0.02481827022712979, 0.014514686535474412, 0.0095424567111474, 0.007569641641956279, 0.006437291450827953, 0.005724703943298603]]
