Ri:[100, 130, 160]
Zi:[50, 100, 200, 300, 400, 500]
fps.ts:[1772.0097599983214, 5316.029279994964, 8860.048799991608, 12404.06831998825, 15948.087839984893, 19492.107359981535, 23036.126879978176, 26580.146399974823, 30124.165919971463, 33668.18543996811, 37212.20495996475, 40756.22447996139, 44300.24399995804, 47844.26351995468, 51388.28303995132, 54932.302559947966, 58476.322079944606, 62020.341599941254, 65564.3611199379, 69108.38063993453, 72652.40015993119, 76196.41967992781, 79740.43919992447, 83284.4587199211, 86828.47823991775]
fps.e0:[10923.156107441931, 10919.124720717566, 10900.055429308239, 10914.710647530628, 10916.0815017776, 10927.291653645936, 10910.542837639146, 10915.221309779603, 10911.021090149534, 10931.224123915794, 10918.864763894133, 10909.862456903971, 10895.20877829453, 10930.671137766192, 10917.551121074994, 10920.79528709021, 10922.980924488476, 10901.397540245425, 10907.19330269531, 10902.847575974993, 10914.566627538146, 10939.544552993466, 10918.999243300743, 10940.776486162775, 10918.787023064218]
fps.e0u:[14.156764784494648, 14.118694455258499, 14.176115949025604, 14.258227277360195, 14.309261825381794, 14.263998741754623, 14.175896048793712, 14.351825962997832, 14.174848807730587, 14.37339454637235, 14.170387461906339, 14.221759116835774, 14.384228559363338, 14.21540260675027, 14.362134615726807, 14.334843900556757, 14.399872469040812, 14.204594427086642, 14.219985647746846, 14.428027688090987, 14.336627417937713, 14.282413038473647, 14.445726013115896, 14.320363423626825, 14.398098290803201]
fps.lt:[12200.335550547274, 13050.6606461591, 13531.17184467118, 12434.547345239875, 12643.05243492732, 12320.339750561623, 13170.32694891447, 12935.345983771764, 12812.22731805372, 12177.409854208983, 12538.524181948165, 13217.103335141914, 13808.121404420355, 12350.611756727925, 13198.110103480893, 12516.80224480251, 12341.796742470984, 14107.88485872037, 13684.37780463961, 13426.190098487246, 12631.796350103108, 12489.286753441154, 12420.186328718732, 12156.60170886262, 13231.055061797448]
fps.ltu:[583.4661307179326, 663.882679556776, 718.872156123844, 608.8376290334285, 627.5394841723493, 596.9204495315823, 681.5473222075383, 659.9503140759093, 640.9421677173385, 586.0310755045555, 613.6169266270005, 690.2855173490568, 756.245093115137, 598.9462676691804, 687.8014610634565, 621.7499725046736, 606.6218707134076, 783.1722813711581, 736.6411579336568, 719.6463274553689, 626.8851576085232, 610.1618743584415, 614.9878773306067, 584.6846455635813, 689.9381360854226]
fps.c2:[2.2547878309018334, 1.6592134081149632, 1.5467425382987163, 0.3184694118960821, 2.2278708401792606, 0.4608192012602995, 1.5924004002941696, 1.202295677241773, 1.7347618523667683, 1.2601421062514573, 1.3646679224928395, 0.8119630269749007, 0.7105170818817707, 1.0308858852100953, 0.9224707553468595, 0.39428326355244275, 1.037731342466303, 1.7417441258160191, 0.7334081443972734, 1.1691502190405834, 1.011044326609107, 1.0355989921340085, 1.3834259619611637, 0.9246942089562875, 1.0110413182381488]
FC:[[3.8296331551564378, 3.860641245972527, 3.8820067838827548, 3.910400870421751, 3.9260238256623965, 3.9557035324115755], [3.901667736847701, 3.9192757571892614, 3.9303248320053625, 3.96413880634671, 3.984982920674977, 4.010940898798714], [3.9989086383974564, 4.022779356264284, 4.045386320372844, 4.08564047326263, 4.114195808560358, 4.143213109646925]]
FCE:[[0.0315614188244463, 0.019598536646242268, 0.013001083947001828, 0.010317830917303487, 0.008710353734054162, 0.007724583633699484], [0.02493283799413618, 0.015363350937929773, 0.010098634766487822, 0.008023659831488636, 0.006812090660169327, 0.0060388354776138445], [0.020385093731735346, 0.012910871651510907, 0.008516285076970442, 0.006471722385824598, 0.005523682696789677, 0.004906461845778094]]
