Ri:[100, 130, 160]
Zi:[50, 100, 200, 300, 400, 500]
fps.ts:[1765.5291000032425, 5296.587300009727, 8827.645500016213, 12358.703700022697, 15889.761900029183, 19420.820100035668, 22951.878300042154, 26482.936500048636, 30013.994700055126, 33545.05290006161, 37076.1111000681, 40607.16930007457, 44138.22750008106, 47669.28570008755, 51200.343900094034, 54731.40210010052, 58262.460300107006, 61793.51850011349, 65324.57670011997, 68855.63490012646, 72386.69310013295, 75917.75130013943, 79448.80950014592, 82979.86770015239, 86510.92590015888]
fps.e0:[10107.97794546925, 10204.597644149215, 10267.285098811612, 10288.274417351156, 10331.114423830719, 10363.933300511675, 10391.93644332818, 10434.817874765358, 10448.751252732352, 10489.359709622076, 10493.538908675619, 10526.258244261135, 10524.75097884132, 10550.218781835561, 10581.292495410642, 10600.984478056025, 10602.89930714248, 10615.04226600288, 10601.497112294413, 10636.990083188013, 10708.34992333015, 10670.572262509208, 10684.744421138013, 10693.487029319494, 10677.768844532475]
fps.e0u:[11.877532174568415, 11.923314447976978, 11.801899591251363, 11.891531029849192, 11.873250245624527, 11.961054107240685, 11.980518477327985, 11.78200978201432, 11.950168633512499, 11.951475325696478, 12.088703713611535, 12.04476861429752, 11.991439673238439, 12.01560065474967, 12.28978908729054, 12.1257802189089, 11.923606863005404, 12.089352417867142, 12.16085790069919, 12.140646732468896, 12.435221446410878, 11.675918420720404, 11.136143975492732, 11.501675273046834, 11.957182759905335]
fps.lt:[11602.047530365038, 10615.26552281067, 10495.605278435152, 10934.257243500759, 10727.791419299312, 10707.921269103683, 10744.978160077699, 10260.816727823334, 10660.827153892642, 10311.001386789017, 10705.60819383353, 10271.664401999764, 10868.435207277524, 10651.862065526302, 10310.806521659682, 10369.532961003364, 10500.941751323615, 9970.806070301229, 11326.228755172304, 10807.509224775773, 10782.165435633031, 9585.147634449353, 9838.767788446403, 10200.893725569018, 10807.097363912402]
fps.ltu:[465.52728046999795, 389.35878209190514, 373.58937682117335, 410.8716728921727, 390.85685866220746, 393.1127734998265, 393.54380028716054, 355.2951634272172, 388.59157381785155, 362.47205194277694, 391.86065222408246, 362.03122212076437, 401.43124291035326, 385.09292470419854, 367.4683955031648, 366.7611278625977, 371.93976079068506, 339.155436380721, 439.0165508423966, 396.9131750349494, 405.9689770502077, 301.03629130526735, 301.88438001552856, 335.4119072843004, 388.1151467913427]
fps.c2:[0.7158125881374744, 0.9009316169001467, 0.8130993404549958, 0.858720461884599, 0.8201611009632, 2.0171375301375596, 1.590587480008124, 2.920266605003787, 2.1129933227337614, 2.7987967686535122, 2.508983980872798, 0.8809524596642009, 1.3019439763399452, 2.43480696634618, 1.848610926000514, 1.4035371399208758, 2.1104626438053766, 1.5191692159815393, 1.6676140278552813, 1.3652522831968672, 1.5928228622808251, 1.5245887010477914, 1.7685529339468267, 0.7371519552684921, 1.1702508108094387]
FC:[[5.117410841928012, 5.165362077921583, 5.203550058001218, 5.226168130257738, 5.251398032959821, 5.271791239332336], [5.190026155053997, 5.1899493002605945, 5.225123729778599, 5.248983973691234, 5.281275148478735, 5.3083872639684255], [5.290779455497805, 5.315714482307586, 5.342124581228695, 5.36388466418771, 5.394972275599912, 5.402525038619354]]
FCE:[[0.03691135971672568, 0.02268580612715674, 0.014831149750009102, 0.01159805050845836, 0.009755397661272652, 0.008546151907492269], [0.029240010165922134, 0.01750001034914691, 0.011366915070378009, 0.00889454092869289, 0.007513272677830617, 0.006610602963086497], [0.02389080965332765, 0.01465760657880091, 0.009503705573601147, 0.007442689000705947, 0.006299105007941022, 0.005392390449508535]]
