Ri:[50, 100, 150, 200]
Zi:[100, 200, 300, 400, 510]
FC:[[4.964613820658288, 4.990999376555534, 5.002687410944937, 5.041879799833196, 5.082783807968312], [7.562498272148586, 7.921902329102869, 7.807066568021667, 7.739555227717721, 7.779351605675148], [8.143596467325139, 8.3897859324572, 8.366698589633678, 8.339800219113593, 8.42355979589969], [8.238362343320105, 8.508737889249163, 8.47874783846856, 8.442983925052078, 8.529446138886128]]
FCE:[[0.12173310743603298, 0.08340822152971852, 0.0675893698159659, 0.05872413808892518, 0.05253848554051415], [0.15199770842292626, 0.11180139212955359, 0.08631617222295963, 0.07159995705924725, 0.06323861642611502], [0.1648049447910641, 0.11763963489505706, 0.09346374692607765, 0.07880794856728847, 0.07051714039296043], [0.16897006816249613, 0.12137643637858325, 0.09625373482764762, 0.08095217878119255, 0.07246384219109787]]
fps.ts:[1604712677.1500802, 1604713393.36024, 1604714109.5704002, 1604714825.78056, 1604715541.9907203, 1604716258.20088, 1604716974.4110403, 1604717690.6212, 1604718406.8313603, 1604719123.04152, 1604719839.2516804, 1604720555.4618402, 1604721271.6720002, 1604721987.8821602, 1604722704.09232, 1604723420.3024802, 1604724136.51264, 1604724852.7228003, 1604725568.93296, 1604726285.1431203, 1604727001.35328, 1604727717.5634403, 1604728433.7736, 1604729149.9837604, 1604729866.1939201]
fps.e0:[9969.574167903951, 9895.710654001941, 9836.38281727524, 9873.959741181305, 9880.439436117325, 9935.979008941727, 9960.56641486828, 9998.803562963534, 9900.104832991554, 9851.501060948201, 9931.000020809011, 9916.03657049243, 9893.29725473238, 9931.871319088486, 9890.324854015047, 9946.556352220692, 10132.230839268013, 9634.00482092808, 10077.389598645685, 9999.352621063186, 10093.796088838943, 9978.366852622057, 10049.739127283186, 10074.285456378027, 10036.0344478462]
fps.e0u:[37.52790749348216, 37.7400117412662, 39.44890444662839, 38.79906809923761, 37.628163370833484, 38.60951482753339, 38.965921249414855, 38.936928597609196, 39.061581670082035, 39.3668388582644, 37.90413172424273, 38.09329590065702, 38.74987449548628, 38.20780877887023, 38.55096947684861, 84.44408370847026, 239.05731728831014, 185.21258348619028, 188.59411460062896, 60.329159544839285, 43.61686392821367, 43.69618893521274, 43.481468015368705, 43.38200790808142, 43.38060422602217]
fps.lt:[11033.098479558199, 18214.19254052002, 20898.756889302, 16194.695688852527, 18838.532307844333, 14505.640864658959, 13032.496612087956, 10794.50942820974, 14372.91295526156, 19753.61752181386, 14621.434054188798, 14249.35634462125, 15518.644603260598, 15707.507893486172, 16778.826927368955, 15818.312337335725, 9970.968801114726, -6418.156682149354, 10966.957448608386, 19012.323773303462, 12226.56355914499, 23267.910927487505, 14562.016758056214, 14047.814449223577, 15751.072721014096]
fps.ltu:[1399.4049566850965, 3794.7469041854456, 5199.873653872263, 3109.9704334850667, 4093.336948823426, 2443.6262303759277, 2018.1218354680248, 1378.5270770297864, 2470.4498279908757, 4602.571306299371, 2456.7396376197194, 2361.7270738649913, 2856.419421343743, 2806.433824302769, 3287.700043486155, 6474.662063401016, 6914.585493891988, 1987.8871039567878, 6459.688687740499, 6347.43174745285, 1964.4329772291458, 7062.3920977135895, 2735.6249140745545, 2531.202074814752, 3167.716273565663]
fps.c2:[1.680569518974043, 0.609843496966476, 1.726714527173314, 1.0032576856800366, 1.5679688347511285, 0.6959569627705163, 1.3854952695267788, 1.4291145496293811, 0.2822734766926069, 0.674874366046664, 1.1784348891844851, 1.4903623036302018, 0.6014173532334851, 0.844637939304225, 1.7868526466963521, 0.8364317018583959, 1.6957007337307437, 2.325186725039589, 0.7264593720097405, 1.420042549559412, 0.3810312903351506, 1.2927906442472457, 1.2153920195997021, 0.6879704176968128, 1.760869667242325]
