Ri:[100, 130, 160]
Zi:[50, 100, 200, 300, 400, 500]
fps.ts:[1755.7507599973678, 5267.2522799921035, 8778.75379998684, 12290.255319981574, 15801.756839976311, 19313.25835997105, 22824.75987996578, 26336.261399960516, 29847.762919955254, 33359.26443994999, 36870.76595994472, 40382.26747993946, 43893.7689999342, 47405.270519928934, 50916.772039923664, 54428.2735599184, 57939.77507991314, 61451.27659990788, 64962.778119902614, 68474.27963989734, 71985.78115989208, 75497.28267988682, 79008.78419988154, 82520.2857198763, 86031.78723987102]
fps.e0:[10791.55091238708, 10806.107309203146, 10829.0416102678, 10823.199450841985, 10806.420892031349, 10842.700425918536, 10814.815467750424, 10820.189650658946, 10840.508934618596, 10820.705424982032, 10828.26154476061, 10808.171691758665, 10829.991318197623, 10850.527337197978, 10839.332632529446, 10825.25699332281, 10825.374138176538, 10835.28832644301, 10857.647690726277, 10822.506896340488, 10836.240337024898, 10843.379340153355, 10841.496472549323, 10862.405132528302, 10839.21083565948]
fps.e0u:[12.846941659169241, 12.947892709607244, 12.63907880733827, 12.782170423614577, 12.774667005639635, 12.860047661510915, 12.67153198024607, 12.878640895060789, 12.85934911303898, 12.793254692603035, 12.707677790444318, 12.783232673532575, 12.72312471592558, 12.664171975041137, 12.605221073723405, 12.686746822278375, 12.708046768418242, 12.79618595122721, 12.713641310748223, 12.708774840603747, 12.638689483859805, 12.586660049735663, 12.76594629781893, 12.647167012581015, 12.736585428075834]
fps.lt:[3471.759119562901, 3454.895468053649, 3410.899964141416, 3403.912177597656, 3480.149306322937, 3346.914447756288, 3444.6447604003115, 3444.835942593931, 3358.960164692331, 3459.754798711751, 3426.5077117921314, 3484.822771571124, 3453.7982965834917, 3377.801652111769, 3388.7951778733186, 3443.89292657017, 3493.6265457155487, 3414.567751609637, 3353.9982190068795, 3496.294233946292, 3438.1371041696298, 3410.9099025444866, 3459.9060447809643, 3388.5688780186997, 3464.855415432124]
fps.ltu:[45.35238137002917, 44.769895127764016, 42.633126541555534, 42.890708351601646, 44.73881330299811, 41.90369598322657, 43.625198121187736, 44.31389921168948, 41.93948446061132, 44.112932510689355, 43.475947785230915, 44.97442877543038, 44.032482235533045, 41.3907053033351, 42.08278341481872, 43.56363496561029, 44.7877155516825, 42.89478981545351, 41.27535839544402, 45.02668344466894, 43.52291493313096, 42.706382710106794, 44.336831581366965, 42.14520408452037, 44.556949041260616]
fps.c2:[0.9463077396706218, 1.8235861373572506, 1.5520444500763801, 2.8568629590516617, 0.8563081188527687, 1.3260106452803793, 1.0672568860663263, 1.5124700941552165, 2.6716909891849743, 2.44503055754692, 2.870047353534292, 1.5786951237511648, 3.0856028114074414, 2.271911150958294, 1.128797203474539, 1.6396827468575745, 1.861732222790604, 1.7832638053988554, 1.0002427055796344, 1.0998159411180508, 1.3115652624198773, 1.4393974676142558, 0.7230447761359654, 1.7197343008788741, 1.8837337196691808]
FC:[[3.703756555261415, 3.7892450646191205, 3.8696248909774758, 3.9427531551343638, 4.033955395558325, 4.10237732836659], [3.740121160286928, 3.82532677772208, 3.9029897809300973, 3.991853549336351, 4.075392963079118, 4.156933596785661], [3.85348077416523, 3.9082186831806127, 4.009254531426671, 4.094250786710195, 4.186532063681314, 4.258434154096587]]
FCE:[[0.034809230834597756, 0.016832260302883262, 0.010516020957533952, 0.008548974400395157, 0.007441920002602118, 0.006788738530971282], [0.026904781452803606, 0.013000497313575625, 0.00812213957917082, 0.006533488579333189, 0.0057489458596606605, 0.005203930354154637], [0.02317716563577648, 0.01095485184181479, 0.0067509964545468355, 0.005495886103088565, 0.004783769413016964, 0.004370614109773577]]
