Ri:[100, 130, 160]
Zi:[50, 100, 200, 300, 400, 500]
fps.ts:[1751.423780002594, 5254.271340007782, 8757.11890001297, 12259.966460018157, 15762.814020023347, 19265.661580028536, 22768.50914003372, 26271.35670003891, 29774.2042600441, 33277.05182004929, 36779.89938005447, 40282.74694005966, 43785.59450006485, 47288.44206007004, 50791.28962007522, 54294.13718008041, 57796.9847400856, 61299.83230009079, 64802.67986009598, 68305.52742010116, 71808.37498010635, 75311.22254011154, 78814.07010011672, 82316.91766012192, 85819.7652201271]
fps.e0:[10873.940605221382, 10873.023214284098, 10890.87530113754, 10898.606775301814, 10909.401369290346, 10902.299349452414, 10881.091045769572, 10890.97388252973, 10894.75604581809, 10904.43498453805, 10891.343631657486, 10884.849369340582, 10912.740310937299, 10879.577258804471, 10898.295273829532, 10908.96691328, 10903.94627068395, 10905.880073165727, 10880.892141187418, 10910.12016521474, 10918.21675732226, 10891.896037844497, 10918.842463814268, 10911.845215048059, 10909.212562262963]
fps.e0u:[11.28718590782435, 11.392008079693465, 11.511494456621294, 11.407582901418563, 11.515737659484955, 11.426697461853266, 11.454733610742892, 11.336185640633515, 11.345171365731035, 11.336795982959355, 11.58835515949974, 11.51067730955531, 11.469187246729163, 11.486467048845519, 11.408032600729634, 11.488682135949299, 11.393768188559049, 11.446812678963962, 11.483099133122305, 11.359658516834198, 11.45546738118638, 11.544320606069196, 11.484174637868861, 11.504983338169257, 11.525287678769677]
fps.lt:[6407.717581927959, 6268.7264981561075, 6145.87353624448, 6084.647892403033, 6004.808734324691, 6007.98002724393, 6236.79018821866, 6164.07231779151, 6082.071411069096, 6097.292468431672, 6235.445259840816, 6254.44529681769, 5993.923251814535, 6269.884448856323, 6197.823697222537, 6082.358235694111, 6138.927224822839, 6076.930953691372, 6262.922911118982, 6134.678241182913, 6039.160033814798, 6267.974314459591, 6132.766083202488, 6086.567787248728, 6104.461490502354]
fps.ltu:[127.22624113723165, 122.88223642940534, 119.25038997677126, 115.40234580807443, 113.41018429598402, 113.19785009660268, 122.30389516654046, 117.95953281007868, 115.24215402535111, 115.90438613213453, 123.73165415843594, 123.17656519885914, 112.69051215961872, 123.87606959606933, 119.32673260046919, 116.48498592835745, 117.84234794198827, 115.83920484631152, 123.42496784710404, 116.52466964098235, 114.40641661492836, 124.11826970055161, 118.10407255245364, 117.02168960838164, 117.12896448844025]
fps.c2:[1.8943774892849095, 2.0760925164012565, 2.635790033408143, 1.0876774232632855, 1.2219241379806156, 2.305320660075317, 2.099185480974352, 1.4319545441348596, 2.0124022612018235, 1.5095953305225007, 1.8053811223859144, 1.2031321401631017, 2.9913586475392937, 1.8379309958032988, 2.3424649816769074, 2.2172118177272186, 1.7682174965868667, 1.463093302306743, 0.9985916299726365, 2.2196844283207544, 0.8950891300366107, 2.0696356788958066, 1.9878431056845456, 1.8645356348011122, 1.8586710079594986]
FC:[[3.8436884995985725, 3.8468645593677824, 3.892502971995817, 3.954788128945898, 4.021162397192842, 4.087906223645218], [3.8925191061272075, 3.893211860533501, 3.9414103451721973, 4.0087267004777845, 4.074601442835825, 4.143876165668927], [4.012038648770747, 4.008326349832608, 4.065844373624754, 4.12541566482056, 4.195972371820942, 4.2642912199686]]
FCE:[[0.02999932061334451, 0.016610125795622824, 0.010201528821938586, 0.007980728868967252, 0.006674416301772757, 0.005978017341514903], [0.023681556805964347, 0.012980024487900798, 0.007952117096399149, 0.006075626297906774, 0.005211805334262654, 0.0046777880957204416], [0.02033044614986189, 0.01070715479723468, 0.0065654389154455395, 0.0051435761696131295, 0.0043205163750297815, 0.0038730929497465317]]
