Ri:[100, 130, 160]
Zi:[50, 100, 200, 300, 400, 500]
fps.ts:[399.88613999843597, 1199.658419995308, 1999.4306999921798, 2799.2029799890515, 3598.975259985924, 4398.747539982795, 5198.519819979667, 5998.292099976539, 6798.064379973412, 7597.836659970284, 8397.608939967155, 9197.381219964027, 9997.1534999609, 10796.925779957772, 11596.698059954642, 12396.470339951515, 13196.242619948387, 13996.01489994526, 14795.78717994213, 15595.559459939002, 16395.331739935875, 17195.104019932747, 17994.876299929616, 18794.648579926492, 19594.42085992336]
fps.e0:[10808.923408778604, 10800.032951627089, 10795.595601731386, 10845.483322069946, 10796.381205582995, 10797.706692054324, 10762.858564298162, 10754.71152990847, 10752.43354659561, 10769.461469748672, 10823.788403727238, 10816.839475499068, 10801.608640508639, 10792.957485559498, 10858.017387328024, 10836.303261381883, 10787.560875061754, 10831.945884363608, 10801.124567743194, 10834.038406272599, 10825.888201886206, 10817.846647938974, 10847.345823171208, 10802.790143930046, 10824.54926849063]
fps.e0u:[25.34524041469275, 25.556500940579777, 24.746828059506107, 25.858813695533897, 25.74429327088384, 24.722259391557046, 25.33925047975196, 25.72628759312603, 25.332793914794554, 25.54342631850107, 25.65291390636776, 25.703644295210022, 25.447883498534505, 25.74625295098301, 25.067969851317724, 24.785605922206553, 25.148499465071218, 25.086385603653568, 25.190145104544918, 25.150107352806273, 25.481907835592466, 24.943293158492065, 25.124009439464867, 26.077260257130106, 25.403355878500765]
fps.lt:[10660.148379125038, 10479.035713985708, 11219.26573745253, 9369.91509672343, 10473.465134298063, 10536.597940942956, 12793.269401116993, 12391.946759285245, 12241.402929732225, 11511.209705702548, 10284.920998454969, 10508.86829751402, 11329.119736467826, 11742.125043267497, 10154.089528847311, 10126.822997826233, 11740.69153617601, 10143.665860036082, 12041.831049237459, 9733.986917033008, 10740.126105052039, 10422.80114195366, 9909.13468857209, 11204.066712875618, 10510.899651069521]
fps.ltu:[792.7941636391614, 784.9253407933641, 865.9726366061595, 629.9488045398502, 773.3150728925943, 772.2532917555221, 1137.411547128129, 1099.8173916511967, 1050.041022719616, 941.1977769836693, 756.2154548089597, 778.7743853702854, 894.8562003071802, 985.6081629304942, 716.6282207083145, 705.8365644841881, 961.4682272065678, 720.7299569598814, 999.1931979454082, 657.8789221923382, 809.8941054106247, 755.11198936181, 684.6719842457749, 907.9059332419554, 776.3222120288774]
fps.c2:[2.00024337237329, 1.3225017301084447, 0.5077131166942075, 0.8074507567234355, 0.8055855743938759, 1.8871733995637012, 0.7042796578531058, 0.5397343325413125, 1.4197886060598608, 0.45269260220499685, 1.329669024025712, 1.1936513702633138, 1.0774834975147334, 0.8198218317333327, 0.9964044042652294, 1.1907903354863987, 1.1531886596449348, 0.9148917479316314, 1.6366786645696045, 0.7174607769884211, 1.0666666630535955, 0.8877009703162704, 0.8485265706924144, 0.6650527684693451, 0.9221747448353976]
FC:[[3.8695944676676812, 3.7448874487847856, 3.824491908011428, 3.8796456522805984, 3.919944732500441, 3.94354054136936], [3.942296965863456, 3.814940265612017, 3.866483357447638, 3.9289870329360235, 3.9690315855329414, 3.999478794111226], [4.02264371740683, 3.9703014881266556, 4.020932422992495, 4.072836275706772, 4.113551249551648, 4.147565800654306]]
FCE:[[0.05995126721100816, 0.034988840862905, 0.022595394669409782, 0.01787244786289653, 0.015207418640371785, 0.013319855659904133], [0.04729932899566645, 0.02716999155869161, 0.017708704584319206, 0.013791367422187468, 0.01174886778484323, 0.010337209020942508], [0.03907667869352615, 0.02280080456255546, 0.014842258754506657, 0.011740617440876438, 0.010015942583092501, 0.008850308982721737]]
