Ri:[100, 130, 160]
Zi:[50, 100, 200, 300, 400, 500]
fps.ts:[1736.4674399995804, 5209.402319998741, 8682.337199997903, 12155.272079997063, 15628.206959996223, 19101.141839995384, 22574.076719994548, 26047.011599993704, 29519.94647999287, 32992.881359992025, 36465.81623999119, 39938.75111999035, 43411.68599998951, 46884.620879988666, 50357.55575998783, 53830.490639986994, 57303.42551998615, 60776.360399985315, 64249.29527998447, 67722.23015998364, 71195.16503998279, 74668.09991998196, 78141.0347999811, 81613.96967998028, 85086.90455997945]
fps.e0:[10938.6212085447, 10912.810508156335, 10917.272970608126, 10926.408931656615, 10916.256295620118, 10927.536057876263, 10892.62222189923, 10897.843964938937, 10921.358384655821, 10901.97448447223, 10915.555931412611, 10906.833788030377, 10900.528441079865, 10914.34642814411, 10895.396367696585, 10902.460278573564, 10933.932314468431, 10888.1023529961, 10918.130649125058, 10915.193122336168, 10900.366971593543, 10902.873846069208, 10887.54384958132, 10926.139172310674, 10919.334482329443]
fps.e0u:[13.37047312371489, 13.41532580536798, 13.339071938715675, 13.414246335122572, 13.584133308114533, 13.493644278328995, 13.21924754426153, 13.4101928439685, 13.300717022497881, 13.464325538614721, 13.354184370968518, 13.390996669455246, 13.330598534664947, 13.469141647328483, 13.522126784247437, 13.346491756638992, 13.358983390818839, 13.669453656631473, 13.502914122068821, 13.515904721948495, 13.484858811611874, 13.526390847532177, 13.522940038373372, 13.547441072102457, 13.505358799725064]
fps.lt:[8653.024414631247, 9157.060313335995, 8971.644893843766, 8480.997476161212, 8940.64378707729, 8850.695258050662, 9393.920441754144, 9385.847178002157, 9057.402135675029, 9359.933429488594, 9109.289950956218, 9008.631463795533, 9342.81788859248, 8967.437945685346, 9446.356750879973, 9297.06514457374, 8746.70933297864, 9595.159599974171, 8821.873544305014, 9310.818153078828, 9443.051873903763, 9326.743995033172, 9622.823607371409, 8851.772561727274, 8782.793442028258]
fps.ltu:[275.7024898026339, 308.9636277400444, 297.75133824078785, 265.5561821314221, 297.9494691673263, 291.51262223772756, 322.38343407935355, 324.5417535244994, 299.0409069829688, 323.2084134678525, 304.43236302294787, 300.32557138755215, 320.8399666936253, 297.40883290475756, 330.32156445785756, 317.37640320708135, 281.1840248271661, 346.5703990238935, 289.13689520752934, 320.14174421589036, 330.42898045932174, 322.8718207945867, 345.5859351169917, 291.91724437765646, 288.66069791011654]
fps.c2:[2.0931529858300593, 0.7462386868747598, 1.5900376389462119, 2.156705197724484, 1.4836207416205203, 1.78567975842676, 2.390186987484944, 1.3100224066852992, 2.7578843080566884, 1.094207083155744, 1.2525719237025659, 1.7814847839551093, 2.0662157203416984, 2.183316816413137, 2.3279862814544257, 3.2764722012452827, 1.4467379129082083, 1.5868255837143914, 1.4002284690784619, 1.0044623792745162, 1.0997974577450658, 1.0278596190858407, 1.1499757068371357, 2.208742644613134, 1.171912951440899]
FC:[[3.7647409179598976, 3.798896263060707, 3.849853708541595, 3.8704643879062988, 3.905516269255837, 3.9376572918127226], [3.8274776773773733, 3.8493862123701583, 3.891335929354518, 3.9182747647741, 3.9554567255768807, 3.9900775925529355], [3.965878245976255, 3.986429669448503, 4.019694214103017, 4.052630033787932, 4.087250785245389, 4.121684877605108]]
FCE:[[0.03174456136625109, 0.018629971926310523, 0.01208000715353984, 0.009453337092220139, 0.008024420146642649, 0.007093575382457496], [0.024319218827699395, 0.014391048905223471, 0.009284032367269926, 0.0072923316536430815, 0.0062055587356612445, 0.0053708089868422315], [0.020449971236409042, 0.011945886239331587, 0.007672299513094505, 0.006046361050814736, 0.00513732671210424, 0.0045685320422276495]]
