Ri:[100, 130, 160]
Zi:[50, 100, 200, 300, 400, 500]
fps.ts:[1836.9478799962997, 5510.843639988899, 9184.739399981498, 12858.635159974097, 16532.530919966695, 20206.426679959295, 23880.322439951895, 27554.218199944495, 31228.113959937094, 34902.00971992969, 38575.905479922294, 42249.80123991489, 45923.69699990749, 49597.592759900086, 53271.48851989269, 56945.384279885286, 60619.28003987789, 64293.175799870485, 67967.07155986308, 71640.96731985568, 75314.86307984829, 78988.75883984088, 82662.65459983348, 86336.55035982608, 90010.44611981869]
fps.e0:[10836.897825031474, 10830.446278067993, 10844.418504161806, 10837.424076314735, 10836.878413744864, 10866.881505464937, 10833.545002928164, 10844.139547236397, 10849.475445378574, 10852.429997108737, 10847.686086920343, 10852.874667110484, 10868.308158097601, 10847.17700299607, 10850.401718840149, 10858.351549669693, 10849.503119956698, 10853.900803403532, 10864.881600554187, 10852.950177576638, 10848.147239696946, 10863.037701390513, 10834.990722450983, 10838.44870118948, 10843.022603775962]
fps.e0u:[11.711589270235992, 11.69937069888946, 11.663601910458016, 11.597714726902842, 11.741844602696926, 11.678793299652453, 11.775786526355564, 11.771933038099517, 11.691994874765982, 11.773693096288351, 11.646045972828576, 11.6485381357188, 11.728419301928351, 11.623561519502216, 11.678601167425844, 11.703360515096247, 11.694973059964637, 11.617982933158736, 11.633091642711301, 11.610629157975143, 11.695747799273667, 11.778358654681073, 11.782596677864642, 11.783838971576351, 11.65498740857896]
fps.lt:[3048.877212237653, 3086.861363918856, 3046.7016491213885, 3079.2830112319098, 3083.2832858112397, 2984.00083687461, 3043.9164061297447, 3032.3097688308826, 2986.7203853173737, 2969.6018945318665, 3000.3717015862667, 2951.48845385227, 2921.256194885023, 2977.348111032222, 3012.9416097710177, 2962.9419967560293, 2979.324378023188, 2974.8707149871693, 2965.066168364219, 2976.911953125273, 2998.575401866076, 2958.4082376002357, 3032.199683112947, 3025.3809800560634, 3055.119312453859]
fps.ltu:[31.767488968093865, 32.43387086540239, 31.409535877215767, 31.965810432979655, 32.38675069615291, 30.18073106638602, 31.605290818791325, 31.488404533344287, 30.312596559250434, 30.04623688493902, 30.405612496627658, 29.581863901532937, 29.110559165246325, 29.973039475574137, 30.74857227824205, 29.697277114188772, 30.315368477743426, 30.024954310808795, 29.537924682521034, 29.929680543791747, 30.655584166638413, 29.95928287245456, 31.459590168463393, 31.363151053019706, 31.74447442658696]
fps.c2:[2.1893229616816248, 1.2066199794296286, 2.1750292524984625, 1.5420624966494083, 2.4048895480656856, 1.741174666000354, 0.8546087878148807, 1.7448061857613548, 2.864125654311171, 1.5308006181767362, 1.7151702647272675, 2.3968500572268043, 3.1395371849445044, 1.436658737582994, 2.3032127585261217, 1.2460107429168805, 1.2780811463257782, 1.290892359539505, 1.5312972985302031, 1.2094487687682698, 1.5869320867812542, 0.8248205743947282, 2.907244509230655, 1.473572116780867, 1.6567241367267478]
FC:[[3.838462228316524, 3.8292645406315837, 3.9008456886419407, 3.9831288819743182, 4.067463598146763, 4.146741017274177], [3.8759781495944474, 3.860880831920299, 3.947167332546641, 4.034339334771446, 4.12300190742605, 4.206472949198662], [4.026894736354124, 4.00868677847544, 4.102984183671337, 4.185934256015381, 4.273955468714198, 4.357283368265074]]
FCE:[[0.03192712113360409, 0.015314175083947994, 0.00951161846749054, 0.007780464199565028, 0.006565423936992309, 0.006028258063986309], [0.025261099800197563, 0.011952012429811209, 0.007434161601778322, 0.005932051079734673, 0.005138805300925058, 0.004729713544527864], [0.021570510136281466, 0.010361942821205868, 0.0061278926583357984, 0.004986546942527325, 0.004420390477453749, 0.004073370475387306]]
