Ri:[50, 100, 150, 200]
Zi:[100, 200, 300, 400, 510]
FC:[[3.9666440517164294, 3.9949456791345517, 4.014726331601982, 4.024117636492872, 4.048921389707064], [4.005087601617716, 4.030407430769719, 4.063492346972181, 4.085230058581601, 4.106609091358386], [4.117297785249746, 4.160609669158439, 4.1892795457009235, 4.216514835467541, 4.242212553610907], [4.712916380593029, 4.783416410245523, 4.824655859243706, 4.8533780304269545, 4.8715314508370335]]
FCE:[[0.048963686033082626, 0.03333129627291783, 0.02711519618394459, 0.023514640442477773, 0.020677212689614193], [0.02455249859484954, 0.016753337327906737, 0.013616357097212949, 0.011761979100800835, 0.010382220015500421], [0.01703057812023189, 0.011685624188456652, 0.00946648559214495, 0.007961821181874046, 0.007032967434577419], [0.01551469112735692, 0.010554109217222765, 0.00855141654575055, 0.007375623508304944, 0.006511530379846154]]
fps.ts:[1609247217.35472, 1609250656.93616, 1609254096.5176, 1609257536.09904, 1609260975.6804802, 1609264415.2619202, 1609267854.8433602, 1609271294.4248002, 1609274734.0062401, 1609278173.5876803, 1609281613.1691203, 1609285052.7505603, 1609288492.3320003, 1609291931.9134402, 1609295371.4948802, 1609298811.0763202, 1609302250.6577604, 1609305690.2392004, 1609309129.8206403, 1609312569.4020803, 1609316008.9835203, 1609319448.5649605, 1609322888.1464005, 1609326327.7278404, 1609329767.3092804]
fps.e0:[10053.958192995173, 10016.192886211522, 10036.411939071859, 10014.04963810737, 10047.064519667707, 10049.943633412113, 10004.354426828344, 10045.659538961096, 10034.466946991843, 10061.471504499974, 10056.125487452067, 10041.07582683657, 10047.482989534861, 10023.79322317558, 10019.039289350918, 10064.917427652244, 10058.041071131318, 10022.232815512683, 10080.598345923554, 10053.988852964725, 10056.704750690827, 10028.48194704893, 10061.311713511062, 10068.18571579308, 10049.275818676613]
fps.e0u:[21.45450958271545, 21.483176561382653, 21.612538226707247, 21.330446891725874, 21.344646539505042, 21.424720897110173, 21.517087645778716, 21.187729021154055, 21.55107315734098, 21.328919177725176, 21.749679649006527, 21.594523540919305, 21.617013593269775, 21.48899034934855, 21.45521700233171, 21.61134427244421, 21.164248339455785, 21.547083296988518, 21.197908692841512, 21.433989941280203, 21.237907727631796, 21.817046142622438, 21.62456119069926, 21.81401941486439, 21.523750982114827]
fps.lt:[17258.56440251143, 21659.701972404717, 17748.162502403055, 22962.176860147523, 19148.50251242182, 16313.372182892646, 20127.267632625644, 17020.754706618518, 18014.952134551713, 16425.31804273338, 16404.063806674938, 18802.834060516478, 16356.591710475543, 19915.542963202246, 19122.750450696833, 17535.034985554827, 17096.82739677886, 20432.389023763673, 17058.670831192456, 17447.18982241166, 17683.871731081937, 19416.82499968414, 16396.858675814867, 17387.767361810464, 15951.755155437155]
fps.ltu:[1896.4439163782943, 2998.5204430684093, 2035.636855592858, 3345.0452974915665, 2334.3736934889116, 1716.6039422768235, 2603.6895148397152, 1833.3526460466408, 2102.709967073988, 1720.7765014895917, 1740.4279744331177, 2273.261048857156, 1739.7967466966566, 2549.5823464062873, 2359.5701103377523, 1980.3384420927155, 1854.1340510603693, 2685.627305914093, 1832.5213133838317, 1950.1473367287676, 1988.1733146910278, 2442.061029215695, 1737.8244615258177, 1958.4790613366756, 1641.3340863610592]
fps.c2:[1.1288917027586718, 1.6006254858446325, 0.7585040307156193, 1.3872140521708376, 2.101895828834514, 1.2196842652930668, 1.7537708299821768, 0.7129926798747079, 0.8981595605189804, 1.0259149739957139, 0.8291375981599194, 1.2680797166094293, 1.7601394276028444, 1.2920281435696048, 0.9574275803244782, 1.3208629575912796, 2.458322749078208, 0.81831865606333, 1.478720497317465, 1.3225513396965722, 1.1345668193644909, 0.9618497259423116, 1.0969718808754239, 0.9905766600154153, 2.3451000450951396]
