Ri:[100, 130, 160]
Zi:[50, 100, 200, 300, 400, 500]
fps.ts:[1724.2728200006486, 5172.818460001946, 8621.364100003244, 12069.90974000454, 15518.455380005838, 18967.001020007134, 22415.546660008433, 25864.09230000973, 29312.637940011027, 32761.183580012326, 36209.72922001362, 39658.27486001492, 43106.82050001621, 46555.36614001751, 50003.91178001881, 53452.4574200201, 56901.00306002141, 60349.5487000227, 63798.094340024, 67246.6399800253, 70695.1856200266, 74143.73126002788, 77592.27690002919, 81040.8225400305, 84489.36818003177]
fps.e0:[10769.23285020199, 10801.546120798932, 10796.670934768827, 10812.947428565843, 10808.389984721021, 10827.313530716694, 10765.758754997365, 10805.754417154081, 10797.744151423125, 10820.486077789574, 10815.879467498173, 10817.969606102752, 10803.245304546463, 10811.280468681332, 10809.291989158322, 10807.176987596667, 10834.726148959413, 10785.97820016812, 10804.272100262386, 10820.661406114288, 10818.191150649216, 10802.866471631194, 10832.829596125079, 10826.444172220263, 10821.480996716411]
fps.e0u:[12.358689452676725, 12.232728084794827, 12.288106126877912, 12.360807857311926, 12.247127661778261, 12.225891047705787, 12.392842075748746, 12.199278434779727, 12.411707669204846, 12.301607473124761, 12.343898316331105, 12.266054004352013, 12.334035742857077, 12.261213642192534, 12.4001082090221, 12.214589788086336, 12.370420415039746, 12.411893387996109, 12.163323608090696, 12.411466228487981, 12.296541584310669, 12.336501814721462, 12.538261484796106, 12.384591910182426, 12.254321473083017]
fps.lt:[11452.226294790236, 10409.719316980183, 10640.484700322011, 9957.939043805687, 10546.50858265737, 10185.125482809295, 11722.968243081737, 10656.77738557581, 11064.86522449941, 10634.122440268038, 10456.101724370988, 10393.035027067042, 11032.36862357675, 11134.806905624495, 10947.47457889591, 11058.736323151878, 10191.04106620638, 11417.147399158493, 11135.541358534178, 11113.894890818661, 10869.439207535048, 11439.523329836447, 10450.517076798345, 10719.548383192534, 11001.6231400173]
fps.ltu:[448.02827586019464, 368.8723316777758, 386.89941885378676, 341.33620082675696, 377.5617592022639, 351.95924832424345, 472.12534306437453, 386.9029757972582, 420.55581855918604, 386.1956647820813, 374.8445960964588, 367.1837212326461, 417.5144190571649, 420.2761318814251, 413.5876365796094, 414.92628831198647, 356.70162246124255, 447.0303337110997, 418.43562113776323, 422.93455406683665, 401.9638875228225, 446.7490840110707, 378.7006519370511, 392.35742303466236, 412.6722218643147]
fps.c2:[0.9803270898987845, 1.532184992734001, 1.1284671840055398, 0.7795149279546755, 1.5904434497633264, 0.43557458954375855, 1.439126393364838, 0.8302344952830217, 0.62268883558262, 2.4847726943182447, 1.443958184818843, 1.8888894345036866, 0.5838269074076176, 1.010935740106756, 2.292375636955361, 3.6831879170951867, 2.2185299206755884, 1.9501239986218242, 3.2842631798562536, 0.7990044245482834, 1.1471451026150887, 1.4721691632534428, 1.0210519180067652, 1.5503645444377159, 0.6314104434726804]
FC:[[3.8382577558996576, 3.8789910818438087, 3.879118691733031, 3.9134466821516978, 3.932813446491947, 3.959169365793828], [3.8709327125671456, 3.9079808215898377, 3.916497337648375, 3.945508661874598, 3.9766588732632355, 4.006319603221723], [3.9895905435890793, 4.016292537902362, 4.0378091707131665, 4.068081768879486, 4.100830537793694, 4.133772737674001]]
FCE:[[0.02838651244544661, 0.017327935765451087, 0.011263111876500989, 0.008949331174517714, 0.007552233230928776, 0.00664324801911272], [0.022167273764313128, 0.013357858201905777, 0.008697415344915718, 0.006885058586661668, 0.005855620477006857, 0.005173612875223773], [0.018865782048230032, 0.0113012842435057, 0.007191237411666182, 0.005687759277023653, 0.004848962846985443, 0.004300408971771576]]
