Ri:[100, 130, 160]
Zi:[50, 100, 200, 300, 400, 500]
fps.ts:[1718.6605200004578, 5155.9815600013735, 8593.30260000229, 12030.623640003205, 15467.94468000412, 18905.265720005038, 22342.58676000595, 25779.90780000687, 29217.22884000778, 32654.5498800087, 36091.87092000962, 39529.19196001053, 42966.513000011444, 46403.834040012356, 49841.15508001328, 53278.476120014195, 56715.79716001511, 60153.11820001602, 63590.439240016945, 67027.76028001786, 70465.08132001877, 73902.40236001968, 77339.72340002061, 80777.04444002152, 84214.36548002243]
fps.e0:[10688.346096350142, 10683.52426446554, 10680.79488869369, 10674.963664860163, 10702.455764222723, 10672.191226516075, 10701.156074314571, 10696.523601825238, 10709.478403045669, 10705.387623162185, 10716.963437623783, 10728.328942025624, 10744.964904712515, 10709.87104251769, 10736.432447598489, 10730.812954850748, 10770.000887367814, 10755.093150337641, 10743.123590183606, 10735.2879286254, 10725.84648166883, 10750.540214191999, 10726.427303636876, 10740.209849654237, 10745.605375635701]
fps.e0u:[13.233227498742059, 13.378166583786937, 13.604350759069272, 13.34966862941064, 13.383441701361393, 13.350083969795481, 13.365582622498994, 13.498991044231868, 13.113895951584079, 13.39298322445517, 13.329957255648981, 13.318130302863898, 13.205923998982543, 13.33802848935881, 13.328699389357872, 13.342114045446943, 13.302549012443833, 13.31461675239764, 13.356194889011315, 13.375842982435364, 13.337624312448796, 13.38343824031706, 13.2259545857042, 13.356468016052357, 13.291267469906634]
fps.lt:[10680.828727522037, 10881.363845132362, 11328.549696449893, 11820.551743136015, 10597.616166586471, 11353.178203494977, 11208.155092596802, 11407.400373958086, 11210.270782344234, 11075.993130822619, 11536.889866621601, 10896.093468982392, 10495.347723301315, 11667.976590546788, 10755.27194992243, 11221.638394981088, 10202.731119777425, 10844.041202485381, 11139.832731357852, 11506.23430368936, 11420.483973294755, 10917.246620804284, 11904.228844564761, 11562.415225260129, 11096.24511265227]
fps.ltu:[420.1290634889106, 443.08279249856804, 491.3662791711048, 523.0205378636496, 421.3656164513241, 481.43210605116826, 469.59930560226746, 490.24409623107175, 464.3456852377155, 454.8551364442928, 497.132036586513, 444.00811909917826, 408.5774019102428, 508.6488800854151, 431.08808716480297, 465.42345195274925, 386.8511281878106, 439.2750642300823, 460.8568771401745, 491.9149299442574, 487.6778445887181, 444.8638542217471, 523.9903276445168, 497.46555232396, 460.13052191462464]
fps.c2:[2.712937540569259, 2.882237358495942, 2.003378359784006, 1.5619618104633695, 1.6700994594361218, 0.9470079887540592, 1.6064768217938932, 1.1128762952976954, 0.8413669848291294, 1.567682597615786, 1.0466743606773576, 0.7759967748082736, 1.04449058340401, 1.0170025172136516, 1.065188463361492, 2.334710658525231, 2.3531461083386884, 0.9712783238210988, 1.7517855349803086, 1.4480589365825027, 0.8028803140924349, 1.158251662758555, 1.9259426702730382, 2.2474347158703707, 1.6408426987221754]
FC:[[3.8510737180557433, 3.9021589774825918, 3.917375022844256, 3.938284342580884, 3.963830242674886, 3.9946972153810725], [3.8951749468133405, 3.9358725202037905, 3.9531452573246306, 3.980573812122224, 4.012030461613264, 4.041441613099081], [4.02430951129019, 4.0542448004517455, 4.075249897536098, 4.105038040666895, 4.138749832138526, 4.171997485566761]]
FCE:[[0.030331795138004075, 0.018842618216811723, 0.012530340824824966, 0.009801105097795262, 0.008312313369004903, 0.00732424561194582], [0.023580709528852894, 0.014561554681909587, 0.009638078697595687, 0.007575696411918737, 0.006450652318379036, 0.005701312753124853], [0.02034785133153203, 0.012418371063847878, 0.007967589238481905, 0.006280627575603617, 0.005355975102465823, 0.004639792564230012]]
