Ri:[100, 130, 160]
Zi:[50, 100, 200, 300, 400, 500]
fps.ts:[1727.689580001831, 5183.068740005493, 8638.447900009156, 12093.827060012816, 15549.20622001648, 19004.585380020144, 22459.9645400238, 25915.343700027464, 29370.72286003113, 32826.10202003479, 36281.48118003845, 39736.86034004211, 43192.23950004578, 46647.61866004944, 50102.9978200531, 53558.37698005676, 57013.756140060425, 60469.13530006409, 63924.51446006775, 67379.89362007141, 70835.27278007507, 74290.65194007874, 77746.03110008239, 81201.41026008606, 84656.78942008971]
fps.e0:[10936.43624718868, 10916.023818493239, 10948.582271453233, 10923.524319207874, 10901.872963451076, 10918.256914480875, 10928.176449526492, 10935.346054883405, 10938.87302855116, 10903.127512636682, 10931.561751284162, 10910.623937808861, 10905.876099570682, 10925.276999145943, 10903.610800440247, 10925.447691234576, 10894.106586617016, 10909.089393187403, 10915.737029860333, 10918.993498998096, 10917.987003460523, 10926.382737392227, 10912.19640819275, 10894.91700936233, 10909.264348284516]
fps.e0u:[13.733705055153637, 13.752955995395585, 13.671050066230482, 13.895545667488989, 13.755289355196116, 13.829377095907143, 13.780670358278382, 13.645624028613225, 13.867218967380108, 13.893899559268123, 13.894916927558127, 13.722642558585937, 13.801179131119572, 13.93652766628388, 13.959211447203833, 13.75846996405244, 13.725238951431532, 14.010469774440594, 13.880961186082104, 13.81886325207336, 13.873665429951494, 13.801659060360493, 13.856479709648404, 14.188434818643517, 14.022963265895058]
fps.lt:[9055.856834242963, 9531.908913750894, 8882.58007835132, 9126.278027143562, 9703.026123251933, 9136.00529995814, 9189.620225657274, 8991.114284836092, 8988.953443399334, 9625.82526406157, 9089.15142161671, 9551.454554689728, 9734.32462308226, 9184.478522249252, 9814.239273300876, 9213.617786947872, 10297.97192167265, 9644.062662507518, 9130.899806657371, 9290.719567272292, 9187.419706146462, 9126.21377350274, 9659.145408459455, 9620.527352029369, 9595.15670432957]
fps.ltu:[309.6021947851331, 341.2203577165162, 296.6451840164918, 318.8580218888156, 356.6411231751461, 317.867789423082, 318.86937404344616, 304.69315586889667, 305.880513547795, 351.8504817834741, 314.2726623478554, 344.47805425858536, 359.4036715453466, 320.63925654203246, 367.1452590955559, 318.72013812670775, 400.5369876844068, 359.0813646577854, 318.50939704488934, 328.84102643220706, 321.64575083257347, 315.06015009983986, 356.3619266045032, 363.8590565436251, 356.6773547200859]
fps.c2:[0.7611057008905318, 0.8238158125648387, 1.352094381751622, 1.167818576905845, 1.8440316635486504, 0.6991311959300421, 0.972253410682097, 0.6593556528248891, 1.4263795485936288, 1.7675552822369842, 3.119652212180188, 1.1635440543894764, 2.346878858988681, 2.078499803788744, 1.8536490949983178, 1.6505646043081776, 1.2562692715768828, 1.9703406977190918, 1.517060824583235, 0.925607684729542, 1.1577955227559114, 1.604825351540029, 1.345989172601676, 1.3566642975700811, 1.5322456302751502]
FC:[[3.8042168531984597, 3.809156631115001, 3.8390260841558645, 3.8715405500568214, 3.8951724318914684, 3.9302949182038387], [3.8312516059956456, 3.8428082111005466, 3.871231610604044, 3.912724091975239, 3.9434060305202783, 3.981514380526445], [3.942005451583659, 3.9633009333662916, 4.002538584474408, 4.042799301243027, 4.073492815671079, 4.10826799925837]]
FCE:[[0.03255474379971524, 0.019163879269098003, 0.012439246548718872, 0.009783671119555375, 0.008249905235381026, 0.007300263236770621], [0.025185327419742828, 0.014809401030819097, 0.009588249130281506, 0.007557950110784202, 0.00640585166716809, 0.005536433547713507], [0.021415956427623967, 0.012262871956242184, 0.007901991666577683, 0.006223869935193904, 0.005292418302460776, 0.004698162560731745]]
