Ri:[100, 130, 160]
Zi:[50, 100, 200, 300, 400, 500]
fps.ts:[1735.7939000034332, 5207.3817000103, 8678.969500017167, 12150.557300024033, 15622.145100030899, 19093.732900037765, 22565.320700044635, 26036.908500051497, 29508.496300058367, 32980.08410006523, 36451.6719000721, 39923.25970007897, 43394.84750008583, 46866.43530009269, 50338.02310009956, 53809.61090010643, 57281.198700113295, 60752.786500120164, 64224.37430012703, 67695.9621001339, 71167.54990014076, 74639.13770014764, 78110.72550015448, 81582.31330016136, 85053.90110016824]
fps.e0:[10809.825542753633, 10813.528885605025, 10815.876054484026, 10834.672970297308, 10819.424596876463, 10832.312558048938, 10843.787603438926, 10830.840299862923, 10830.410194006172, 10800.710869439827, 10834.050933627537, 10810.193330878914, 10805.327345891606, 10791.876657837769, 10811.464816073, 10833.70298619592, 10844.5733477998, 10832.597701581315, 10808.964413652511, 10837.383278766116, 10829.522408669522, 10813.886179790577, 10843.30895225072, 10871.349000868324, 10824.646584095499]
fps.e0u:[15.749889831809181, 15.535598998236805, 15.103609111082278, 15.262535593397729, 15.019961169851115, 15.13917591340977, 15.009427501651974, 15.075540959938643, 14.762671974466803, 14.852802242374427, 14.701497826655952, 14.95345736102046, 14.908856703323034, 14.937616915076143, 15.042979363509788, 14.989428139008627, 15.005757257290641, 14.864870244516984, 15.119324984593508, 15.11280346544985, 14.903580129600487, 15.146863732945517, 15.00121429605968, 14.924412520661324, 15.038952455055378]
fps.lt:[11053.420461564783, 10851.085906031098, 10481.690569060436, 10213.731947663897, 10613.624363435054, 10105.839449404883, 9817.14206173583, 10183.111921155793, 10272.833289211007, 11007.638968995592, 9933.23726255433, 10652.080388109336, 11187.240183267379, 11240.444887815618, 10851.45261486319, 10225.450126884527, 9928.355339858861, 10228.500361863344, 10725.36268051096, 10295.748644211144, 10593.387354745175, 10496.469638577839, 9929.33381723764, 9209.138647223928, 10314.987625348513]
fps.ltu:[531.3323589562223, 507.1463000572245, 461.6317696590484, 441.6945640749916, 469.3662962788206, 428.94201614095266, 402.15870801208666, 434.3398442869917, 435.96796388664444, 498.5158333059621, 406.0704100267388, 471.89940784943275, 517.6915632540442, 524.2523674028249, 490.03383617525253, 431.96336974602576, 409.0336332363922, 429.4037742323304, 486.07969072519035, 445.1840015443601, 462.9289937830146, 462.906531265325, 409.8424624157547, 350.00493689953197, 441.2012802335829]
fps.c2:[1.4440856576285346, 1.4359929757634946, 0.8432064361115417, 1.510461012633332, 0.9977225134037417, 1.1262936919262077, 2.1733528151907695, 1.1837999734743667, 1.6356964629765673, 2.2663594086335426, 1.564697117953453, 0.479369726474452, 1.933028649637222, 1.0111595388933525, 1.7117209848679817, 0.7259299996895346, 1.5948459890704247, 1.0137034511171086, 2.063506941038964, 1.4060493947743355, 1.8437361785019015, 1.5691426048200416, 0.7497957720521764, 1.8388425849798355, 1.4742371602099136]
FC:[[3.8035615673347567, 3.830009327868704, 3.851146752584656, 3.8791999889182875, 3.9020253451136457, 3.9259075802050294], [3.852802023492189, 3.872210394657552, 3.8978011604095486, 3.9223635289616507, 3.94901760618393, 3.980683575778307], [3.9920879833515563, 4.002644697580176, 4.027916960317239, 4.056304836247802, 4.0786166087892965, 4.11072348579158]]
FCE:[[0.03525177764165803, 0.021400059977586646, 0.0137276160631917, 0.010870820037696849, 0.009142084729855894, 0.00781782999637334], [0.027731578185180274, 0.016185278590701922, 0.01059418481186489, 0.008376228615208661, 0.006912033601236704, 0.006106107922647674], [0.022627229970257588, 0.01345708939552715, 0.008753400004307268, 0.0069366671760020945, 0.0058821847233799405, 0.005212544706783051]]
