Ri:[50, 100, 150, 200]
Zi:[100, 200, 300, 400, 510]
FC:[[4.01902319114923, 3.9954667897996146, 3.9964898211623723, 4.033991584882287, 4.062255623710736], [4.036417432947624, 4.0561127195262285, 4.063957450141145, 4.086155955649933, 4.107610489142961], [4.167060796286796, 4.189775965074016, 4.210959188588005, 4.236897266529131, 4.261138186017696], [4.805665930518606, 4.836814400597519, 4.8842699328170776, 4.910027157561306, 4.925808659473125]]
FCE:[[0.03165199586048235, 0.021179123545630524, 0.017190131802258268, 0.014984754823741293, 0.013280476266522382], [0.015996108445556767, 0.010935873975239718, 0.008804271095066115, 0.007620408816460936, 0.006729623617049944], [0.011255032334343747, 0.007443102665206954, 0.006009923249359849, 0.005193304874674166, 0.004590049881223675], [0.010185217440017756, 0.006921500402120155, 0.0055476250807920575, 0.004788970407287104, 0.004226586339834618]]
fps.ts:[1622977399.9305801, 1622980566.23974, 1622983732.5489001, 1622986898.85806, 1622990065.16722, 1622993231.4763799, 1622996397.78554, 1622999564.0947003, 1623002730.40386, 1623005896.7130203, 1623009063.02218, 1623012229.3313403, 1623015395.6405, 1623018561.9496603, 1623021728.25882, 1623024894.5679803, 1623028060.87714, 1623031227.1863003, 1623034393.4954603, 1623037559.8046203, 1623040726.1137805, 1623043892.4229403, 1623047058.7321005, 1623050225.0412602, 1623053391.3504205]
fps.e0:[10723.52181842503, 10744.605450560026, 10734.847945860094, 10710.147538757408, 10710.909787189217, 10727.165703612687, 10704.601405280206, 10731.052414411362, 10717.128783625249, 10720.714514540205, 10722.730973919664, 10719.096791044201, 10725.617304099054, 10742.81770883662, 10702.85609794666, 10734.085362051572, 10743.591418214364, 10719.433389271962, 10741.085380291172, 10701.701883022959, 10724.1406913596, 10734.657994175323, 10729.681303662697, 10709.95505055192, 10725.001803591522]
fps.e0u:[14.83885214759728, 14.910588345419125, 14.78525927449087, 14.756988136165464, 14.83543540262044, 14.793790821422895, 14.985883620862513, 14.882538485180477, 14.866464139670393, 14.830609385731552, 14.814423763351671, 14.875353732843816, 14.783067525959106, 14.754329350557178, 15.012779820713469, 14.888074143389826, 14.981003632549426, 14.799987874564442, 14.920492464180558, 14.955159615455269, 14.83538366307176, 14.902532650496955, 14.7425139194265, 14.935705736521136, 14.900561649523176]
fps.lt:[20161.114183259528, 18510.345018657947, 18599.741746027747, 21207.89783373839, 20721.251470588697, 19631.24747545893, 20647.646053927976, 18709.06025743885, 20767.931003291724, 20786.9590665891, 21064.33845281647, 21325.362206323724, 20873.87855518592, 19334.938198457116, 23704.711372291193, 19601.934278557168, 18472.04776067872, 21583.675074595823, 18392.770709298216, 21434.137023836804, 21595.835623063613, 19839.14663775997, 21172.351841887863, 22304.44537690008, 19806.23751153133]
fps.ltu:[1686.9796533623637, 1442.7350287553713, 1440.350676533648, 1878.456042127353, 1786.346370151223, 1599.6788353756347, 1788.1077936380061, 1459.4442465473394, 1801.2252513827207, 1797.5744287004309, 1845.7257018641715, 1886.7935345539504, 1806.1225701582607, 1545.0794867615532, 2372.610037516981, 1598.4170573762729, 1435.1647382091526, 1933.7070161810657, 1418.1473657741215, 1935.4541891430201, 1953.3473875011061, 1652.0794883723663, 1844.9004281601271, 2089.8862848163562, 1644.1362371880252]
fps.c2:[1.9978585247466163, 0.9224659523081754, 1.5278267812645931, 0.8323035159802653, 2.3837015487133315, 2.228850638038025, 2.315643653746688, 1.0591358833034543, 1.8294553929538613, 1.1991884926033063, 1.279409398448989, 1.4743842137262861, 1.8158429807648722, 2.177646052146659, 1.066916432785701, 1.5368218292065627, 1.622338889763896, 1.2866547886611706, 1.0804520183476867, 0.8888957973352216, 2.68194021418567, 1.302943025053899, 2.7533300515763295, 1.0979649797257982, 2.089626929092298]
