Ri:[100, 130, 160]
Zi:[50, 100, 200, 300, 400, 500]
fps.ts:[1762.671859998703, 5288.0155799961085, 8813.359299993514, 12338.70301999092, 15864.046739988327, 19389.390459985734, 22914.734179983137, 26440.077899980544, 29965.42161997795, 33490.76533997536, 37016.10905997276, 40541.45277997017, 44066.796499967575, 47592.140219964975, 51117.48393996239, 54642.82765995979, 58168.1713799572, 61693.5150999546, 65218.85881995201, 68744.20253994942, 72269.54625994683, 75794.88997994423, 79320.23369994163, 82845.57741993904, 86370.92113993644]
fps.e0:[10821.130714116267, 10800.881368117862, 10821.343589705646, 10823.926531736042, 10796.148499935442, 10809.011606498741, 10832.15231468546, 10814.108741045331, 10814.691872714884, 10814.196008838248, 10805.181084208643, 10808.40373774267, 10811.159803645229, 10802.610808627667, 10814.362914388908, 10826.225468939094, 10814.78231360677, 10793.464519947525, 10814.616911215717, 10799.776660301939, 10797.425024210543, 10782.31121477325, 10791.059415572, 10783.801707086475, 10795.391198569054]
fps.e0u:[10.963189944356905, 11.356642109491434, 11.549344996961528, 11.970742310197332, 11.975533410731863, 12.194864858618633, 12.178035349719636, 12.16443390156622, 12.167948771545007, 12.16695750363864, 12.079439401489013, 12.167595208543318, 12.073799679480286, 12.138288241353681, 12.078229596054255, 12.119379581702693, 12.222348959561103, 12.15937370216531, 12.005947166913979, 12.212707646577556, 12.114746798947731, 12.277427935194384, 12.170221577618978, 12.3790142102155, 12.38508985235023]
fps.lt:[5528.218832496401, 5676.696525979944, 5482.573644038542, 5411.568106873201, 5658.976035489314, 5541.631329564097, 5358.879135607108, 5484.963678497425, 5474.637439545127, 5528.938060733932, 5580.667744070003, 5480.125966129057, 5536.727210784298, 5632.929222651191, 5503.191612798122, 5456.809219790144, 5577.536535776409, 5744.087437367345, 5638.018119059895, 5695.911888733597, 5814.159898455801, 5809.279968209608, 5877.390417315064, 5965.949618006743, 5767.577589046395]
fps.ltu:[92.1403201643344, 100.76242245717846, 95.01376718529019, 96.28176636260532, 105.48349173184336, 102.573472640049, 95.8754697040852, 100.37585761216545, 100.24335133811122, 101.69077685922396, 103.37346723171873, 100.65739280376238, 101.69041831573158, 104.98049592940491, 100.6483927407378, 99.08119429609401, 103.92547168755614, 110.00956379002427, 104.74436901940973, 108.21506735725254, 111.85624779507349, 113.40098412488456, 115.0285828821817, 120.18930221548004, 112.89309781902915]
fps.c2:[1.1036989056079562, 1.639593207268912, 2.1595087870244214, 2.130753636890098, 2.1637863207874286, 1.7632874255132358, 1.0358324875998313, 1.461897714809595, 1.3565481647200615, 1.2312340290978316, 1.8563072934029714, 1.0678887715300018, 2.0545249214595653, 1.640940055648709, 0.8615464626797119, 1.2854815446923533, 2.029136587132935, 2.6100620410572644, 2.048811379853666, 1.9274011754626232, 1.1680740442593343, 2.7367660224593946, 3.5273427253344734, 2.4110923928401964, 2.0398757099938645]
FC:[[3.821726374184399, 3.8312937721507994, 3.8636575815340883, 3.9125819372921544, 3.9804976547941857, 4.052166553490636], [3.8416188067614114, 3.8490118256949684, 3.911223871911488, 3.966433087059662, 4.036631377606458, 4.103246535942025], [3.9383597057324016, 3.9767133157862076, 4.040411764138134, 4.0915737297750905, 4.161650384810809, 4.228018665953572]]
FCE:[[0.03571574707537872, 0.018136039027404807, 0.010676140535499062, 0.008293920454454174, 0.0068530416649833165, 0.006104221893076605], [0.027764497105529147, 0.013997436436962905, 0.008280995332319546, 0.006273747840304811, 0.0053415370363664744, 0.004758996982963125], [0.022481410019373912, 0.011280077587208144, 0.006826494765920096, 0.005302037463314365, 0.0045217305530390285, 0.004036109658618175]]
