Ri:[50, 100, 150, 200]
Zi:[100, 200, 300, 400, 510]
FC:[[3.9346936976005313, 3.99353274588272, 4.011364662776699, 4.023221739016499, 4.032791624172938], [4.0041998204642635, 4.019058591303489, 4.03909114679462, 4.066731814923185, 4.085441504758348], [4.116283867290096, 4.145313638848713, 4.171010703742489, 4.202607537199249, 4.231243779782999], [4.771442847042911, 4.821336358800641, 4.8516900252745225, 4.877762485200728, 4.896305385207476]]
FCE:[[0.0381663638394769, 0.026000745035095776, 0.02122571837813453, 0.018275776444754695, 0.015991756572059333], [0.01950261714584536, 0.01321529456571152, 0.01072489860620147, 0.009289816086549656, 0.008192367652779128], [0.013584891595482198, 0.009256637460847759, 0.007277199302512504, 0.0063012039433997975, 0.0055858173364775904], [0.01242922139403167, 0.008402872303190744, 0.0067967112048050084, 0.005870864076894971, 0.005187193910937864]]
fps.ts:[1614857828.64782, 1614860878.99146, 1614863929.3351002, 1614866979.67874, 1614870030.02238, 1614873080.3660202, 1614876130.70966, 1614879181.0533001, 1614882231.3969402, 1614885281.74058, 1614888332.0842202, 1614891382.4278603, 1614894432.7715, 1614897483.1151404, 1614900533.4587803, 1614903583.8024201, 1614906634.1460605, 1614909684.4897003, 1614912734.8333402, 1614915785.1769805, 1614918835.5206203, 1614921885.8642602, 1614924936.2079005, 1614927986.5515404, 1614931036.8951802]
fps.e0:[10709.644197179268, 10664.746744010507, 10708.505565065614, 10681.504526671084, 10669.040221468535, 10709.923244568394, 10696.3751875678, 10727.44974018744, 10687.417626897992, 10703.044756458576, 10701.565158953897, 10698.139525349403, 10715.963753521672, 10682.74652618035, 10695.075324315021, 10696.519425113132, 10707.201994505713, 10711.541843651894, 10693.081078893503, 10686.987126622327, 10698.849343051064, 10663.074732276307, 10701.719509895622, 10692.728278791623, 10730.372696351265]
fps.e0u:[17.849234116278037, 18.1382412679258, 18.355938337947517, 18.210808983656158, 18.16674644282916, 18.301433459131744, 18.405882176302015, 18.153089642995223, 18.10845267712513, 18.128554323069068, 18.109681230922373, 18.207981994138606, 18.23313485033218, 18.363234404067175, 18.124430362373733, 18.23196741206453, 18.204301926100023, 18.214831872640247, 18.19397404041956, 18.23083370550741, 18.04549959222029, 18.193708602004712, 18.174064196953147, 17.955620187214627, 19.46454990564754]
fps.lt:[17573.885332260994, 20340.238267770656, 18391.6718044071, 19732.1809690048, 21564.25105839227, 17878.037998223324, 17326.462229414672, 18069.542766751907, 18576.827884532322, 18195.094445393268, 18961.013369778026, 21225.96899104729, 17500.988420018602, 19637.50109751089, 18616.878839665253, 18221.391556682833, 18267.48336399001, 17328.466379320427, 19991.83428633271, 17756.72270915906, 18529.046249277722, 22174.85287168879, 18561.801553069196, 18597.729749424067, 15898.39328048065]
fps.ltu:[1555.4475857921589, 2105.5433935340793, 1740.5330877926988, 1999.1825140257677, 2376.4735730430757, 1642.1850256427451, 1552.1062148317951, 1654.4943648329865, 1782.2171802775763, 1685.6845013605919, 1840.626592643754, 2287.7230807050137, 1577.078719075726, 1991.000250678961, 1780.6376699434106, 1705.9805149296394, 1704.7281743208869, 1537.2517488219892, 2039.4208225589834, 1626.775594274751, 1745.9442715678006, 2523.0095666393645, 1770.7207744254574, 1742.5306295428747, 1383.0358489579103]
fps.c2:[2.197695939528346, 1.330185802052495, 1.3028253268942624, 1.610188812257699, 1.488863208813245, 1.5678468268725554, 1.3818894308891758, 1.5165809348281998, 0.9155444429654823, 1.830279483997254, 1.129724603367179, 1.1809365441145585, 1.9208571436542057, 0.9560377967927314, 1.605957457378429, 1.4250467606871369, 1.0867061166932537, 1.560026540153056, 0.884889521055664, 1.0022764334164083, 0.5057719320837069, 0.4872908860113358, 0.8037344420481808, 0.8674836299742581, 2.2631705869934713]
