Ri:[100, 130, 160]
Zi:[50, 100, 200, 300, 400, 500]
fps.ts:[1707.244380002022, 5121.733140006066, 8536.22190001011, 11950.710660014152, 15365.199420018198, 18779.68818002224, 22194.176940026286, 25608.665700030328, 29023.154460034373, 32437.64322003842, 35852.13198004246, 39266.62074004651, 42681.109500050545, 46095.59826005459, 49510.087020058636, 52924.575780062674, 56339.06454006673, 59753.553300070766, 63168.04206007481, 66582.53082007886, 69997.01958008291, 73411.50834008693, 76825.99710009099, 80240.48586009504, 83654.97462009906]
fps.e0:[10891.69111542242, 10860.680999569862, 10861.216355040848, 10872.123216711914, 10867.963761275767, 10878.416158131287, 10854.52619333272, 10875.766706424634, 10869.551992334815, 10867.818223297298, 10852.735651318986, 10889.724318271534, 10877.753469474488, 10861.198692796399, 10877.925887752552, 10887.585792683358, 10882.546336334819, 10900.20476196105, 10870.151854271067, 10872.218280079254, 10888.949912199327, 10848.271943501415, 10860.999526922384, 10876.184008043947, 10855.599072879595]
fps.e0u:[15.588392206271068, 15.57059648141445, 15.805966942685, 15.384157459959528, 15.764161125956992, 15.632349611711426, 15.560523134346612, 15.45937759709669, 15.770202749945462, 15.314359795301444, 15.313090287369128, 15.453847126397902, 15.357886906003522, 15.410705767550061, 15.511414523173118, 15.53350349727271, 15.524742112277568, 15.383425445893115, 15.649370207627387, 15.377259326546136, 15.237829402668345, 15.67417788590033, 15.380391703478496, 15.372027901500603, 15.407572221394206]
fps.lt:[10847.524085429846, 13149.683957146954, 11987.414930587418, 11899.422973592196, 11991.258547801499, 11402.041387949901, 12053.554883292476, 11446.750198788139, 11954.46455127546, 12058.174891035567, 12994.246478433863, 11246.576040614025, 11658.15903349116, 11912.123341821834, 12034.81013992573, 11453.400624545706, 11488.763386629329, 11311.02005219528, 12373.716128958687, 12545.14186506242, 11165.957763415097, 12397.484670860389, 12565.190422853932, 11407.249805575015, 12666.133899396198]
fps.ltu:[504.15079143613764, 742.5087166645621, 625.2456417234038, 600.0668902989913, 623.4368900287571, 561.2718710668063, 631.1966861234107, 562.7155820610142, 622.9461614114733, 614.6599169248788, 716.8843563134288, 542.3661283155022, 581.4435377525651, 603.0127461838575, 620.5315531393563, 563.4267662872721, 564.2127630022609, 544.4924561282578, 658.4683973955633, 669.8630746256403, 531.1003434763678, 671.5644232852246, 672.4600643793227, 555.0563810287057, 686.2673693121419]
fps.c2:[0.9716911189520002, 1.3296782533510358, 1.710439715153707, 1.9274298304839457, 1.1672572869091682, 1.1335010153518392, 1.1900640448060806, 1.16976083106835, 1.6943710424166538, 1.0572875154528398, 1.1799505586368577, 0.789846618507847, 2.5614092796096406, 2.071363492770274, 1.317125755076352, 2.3174921717307915, 1.557189159210354, 1.3951961442179608, 1.0527692126234838, 2.3559692431579307, 1.7733838031050575, 0.628644124580343, 1.2049097216206581, 1.0643584241380748, 1.5255331426485403]
FC:[[3.7992125812640514, 3.859605585757499, 3.8785590297385446, 3.898483764112515, 3.923629006023282, 3.951201508859659], [3.8581319931962237, 3.9023960203432364, 3.919144063969302, 3.940458779806692, 3.969679091102165, 3.996829758084416], [3.987110421042848, 4.027411721235295, 4.0468169116319554, 4.0662120893008655, 4.098361196575415, 4.126866205403584]]
FCE:[[0.03360617051868087, 0.02139047716199944, 0.014210501746242896, 0.010945445173576289, 0.009273597888457538, 0.008164570631321559], [0.026667656888083334, 0.01625384318097061, 0.010690684316233172, 0.008454192366654067, 0.0071776181436976816, 0.006339338738977019], [0.022286698229898944, 0.013772932444798143, 0.009058165233890508, 0.007166153610623284, 0.006106508986649532, 0.0054124830176150605]]
