Ri:[100, 130, 160]
Zi:[50, 100, 200, 300, 400, 500]
fps.ts:[1674.2568400001526, 5022.7705200004575, 8371.284200000762, 11719.797880001068, 15068.311560001373, 18416.82524000168, 21765.33892000198, 25113.85260000229, 28462.366280002592, 31810.879960002898, 35159.3936400032, 38507.907320003505, 41856.421000003815, 45204.934680004124, 48553.448360004426, 51901.96204000473, 55250.47572000504, 58598.98940000534, 61947.50308000564, 65296.01676000595, 68644.53044000626, 71993.04412000655, 75341.55780000688, 78690.07148000717, 82038.58516000747]
fps.e0:[10781.98890821768, 10814.32009902269, 10795.307845688509, 10840.812568820817, 10800.70793267626, 10791.003883626832, 10812.611806565157, 10823.85490708963, 10818.886892609322, 10811.029853956357, 10809.62706139101, 10818.368041109921, 10824.590217752122, 10819.12444344712, 10778.055398875864, 10844.17402220513, 10775.059980506892, 10790.998950112187, 10807.08388313013, 10810.73710433562, 10829.740814687373, 10843.950408533605, 10815.897136722455, 10782.544454976836, 10819.893741386333]
fps.e0u:[17.18721352205167, 17.38841550659901, 17.157529408699748, 17.025912753137835, 17.33571143910439, 17.51715270359174, 16.988770909690214, 17.067220154162463, 17.254103274515607, 17.18072048039456, 17.306073735290045, 17.087224624043973, 17.138244837350637, 17.08979305234411, 17.337707551732425, 17.22275687154359, 17.342113210669343, 17.20471228458577, 16.964772988021743, 17.147766058488592, 17.201038668866826, 17.166411888616604, 17.06741611705714, 17.328800363259038, 17.302258469052312]
fps.lt:[11660.895101452386, 10482.540815345194, 11331.029661688706, 9822.833008588888, 10987.132781372182, 10970.589962201564, 10440.539765838674, 10106.342449271073, 10750.267471105524, 10227.920229296293, 10519.766395003804, 10485.397822900693, 10686.429446720751, 10483.050685708064, 11290.138128118633, 9193.154252646824, 11793.669485752838, 11265.968020347509, 11077.941266389602, 10619.655682920908, 10086.655070329836, 9752.551902676647, 10039.499891801812, 11725.806284292568, 10507.656730197476]
fps.ltu:[647.2600616063572, 529.8542695499242, 608.6619159153641, 456.67093557292117, 577.3546930503113, 581.7115951771916, 513.8858072068924, 482.4844197352701, 549.6163186337521, 502.1117622635757, 530.4809986118432, 521.1306428937901, 545.0450144763056, 520.436634204642, 611.2518661524128, 403.207958313269, 669.1844167532134, 608.3435436077583, 577.6196251870356, 537.0261162185307, 483.07955079937017, 448.6564830215829, 479.84518400105736, 660.4878466254313, 533.5428646360169]
fps.c2:[1.0093734778887151, 1.44715603381732, 1.4302067577438495, 1.6765712850094767, 0.45621493885449327, 0.7394221687229349, 0.7871850987389075, 1.479184883932465, 0.9124713417290529, 1.6846311490418766, 0.43325118777314076, 1.1978430729133476, 1.702427369422427, 0.7228278847911593, 0.5011281459462205, 1.7892617701643962, 1.967287703024966, 0.7238501456272293, 1.8203005111894457, 0.7451346892652752, 1.376336469115181, 1.8671659784526373, 0.9873856710162138, 1.9220870536281003, 0.499900506869957]
FC:[[3.866876327317943, 3.860797947557316, 3.8688228680770678, 3.8858825107495267, 3.9044442212144155, 3.931173146295516], [3.9246267930833074, 3.8959318515136414, 3.9163864080872144, 3.935349753733019, 3.959869849338042, 3.9902022660712495], [4.022721438135053, 4.008090478567354, 4.023597537616077, 4.0496659964158175, 4.074575707522297, 4.109144001969551]]
FCE:[[0.04099586187238801, 0.024199038155751664, 0.015804176866333477, 0.01239856874219997, 0.010428533276803488, 0.009177728518191477], [0.03220454642902687, 0.018805486994616868, 0.012293753875820806, 0.009626759227346368, 0.008136297537198522, 0.007200618621654386], [0.027042111695533826, 0.015867986444526232, 0.010341449253125185, 0.007942140579041074, 0.006730365466339557, 0.005979364078981413]]
