Ri:[100, 130, 160]
Zi:[50, 100, 200, 300, 400, 500]
fps.ts:[1890.6630200004577, 5671.989060001373, 9453.315100002288, 13234.641140003205, 17015.967180004118, 20797.293220005035, 24578.61926000595, 28359.945300006864, 32141.271340007777, 35922.597380008694, 39703.92342000961, 43485.24946001053, 47266.575500011444, 51047.90154001236, 54829.22758001327, 58610.55362001419, 62391.8796600151, 66173.20570001601, 69954.53174001693, 73735.85778001785, 77517.18382001876, 81298.50986001968, 85079.8359000206, 88861.16194002151, 92642.48798002243]
fps.e0:[10741.123600936762, 10766.818444257333, 10748.04327865419, 10762.230902954418, 10768.51777074146, 10764.554854349379, 10764.83351605547, 10771.247416993412, 10775.09685948867, 10765.173311750701, 10780.092715458188, 10800.050033044105, 10767.210746909966, 10772.7296470059, 10792.174367315403, 10820.990983295867, 10761.84524743478, 10794.20341612716, 10806.374090698748, 10785.00192885585, 10796.80275340659, 10786.11308224568, 10795.426775588692, 10801.931392223858, 10814.520642399139]
fps.e0u:[12.668268660904955, 12.64407402895384, 12.849656788873249, 12.744599060064623, 12.732917321065512, 12.826641583832986, 12.651875059152085, 12.661751210392419, 12.581793486658619, 12.708487375759317, 12.76312368124371, 12.696773222224522, 12.780508713102527, 12.825437213514434, 12.623473884665604, 12.642177680474912, 12.761356244808647, 12.618085620601128, 12.716153415202228, 12.722734927370118, 12.803371785679673, 12.769583407588676, 12.638146519553096, 12.716507191532434, 12.665472472773983]
fps.lt:[6113.206986038622, 5885.1655686834565, 5961.011449374742, 5862.905201445479, 5862.117303222491, 5912.319198471592, 5887.03126399062, 5937.787859661261, 5874.289969872483, 5993.266178497768, 5921.146912380087, 5744.356870316449, 6007.744296102459, 5948.6022648464705, 5826.703545722421, 5606.373579882331, 5993.298144061321, 5809.981661703029, 5737.811245591709, 5934.41463050911, 5771.788151237201, 5929.29058267837, 5843.271370783952, 5783.181485067841, 5674.422986442156]
fps.ltu:[130.12886531242307, 119.98997414457867, 125.4125862051781, 120.25188247231911, 120.24279982599312, 122.02643814991738, 120.6483092485735, 122.04767856778518, 119.5414702824529, 125.10721933374083, 122.05692585776714, 115.2477884871504, 126.69333773381025, 124.06198529327516, 117.87054145096879, 108.88703683547311, 125.88132632312303, 116.58827595099721, 114.65184736414872, 122.88877413858874, 117.10434916407573, 123.0927599608324, 118.48924652792785, 116.75268602274554, 112.1397310732041]
fps.c2:[2.1648110217344723, 2.2545142944540477, 3.29700206513264, 1.8192644320128333, 3.515088531606924, 3.02251111924402, 2.0318820669610367, 2.277960628329914, 2.2061459635778182, 1.6938391554501668, 2.419898194455589, 0.8080294466810821, 3.2922037517688287, 1.189546217520421, 3.719900917818639, 2.323642676428213, 1.8194559183327144, 1.5059037011572016, 1.0554202911611417, 3.2978223224883583, 2.116498559668864, 1.9302073139553941, 2.794204719938596, 1.3082989188406435, 3.2606790271297488]
FC:[[3.7531055388988586, 3.8034496771964172, 3.8505066314662377, 3.9063291787530625, 3.9573776473702784, 4.004197636639591], [3.8220271933518983, 3.847537765424718, 3.8995830297990115, 3.952114275540544, 4.000520041641866, 4.0490277685050575], [3.9252086378742757, 3.969793603816847, 4.023227306732279, 4.073691383761359, 4.12967585489905, 4.177211248394541]]
FCE:[[0.03431224773901761, 0.01846408709894344, 0.011445381367812247, 0.008918880557523934, 0.007513013606285983, 0.006620172659019185], [0.027847179828271434, 0.014370495785969271, 0.008853311410622232, 0.00688272613829389, 0.005803479759067675, 0.005131578444397739], [0.023957802047968383, 0.012215996754680174, 0.007459373165011946, 0.005671585976068314, 0.00469463170408122, 0.004144806903899192]]
