Ri:[50, 100, 150, 200]
Zi:[100, 200, 300, 400, 510]
FC:[[3.9645915681564095, 3.983464855283572, 4.011247156009184, 4.026707820473894, 4.0499543077677895], [3.9822067760024966, 4.020083679951122, 4.056937820994593, 4.082092901757068, 4.112421732771063], [4.164727630846224, 4.183879853989591, 4.231138994754769, 4.263527647354086, 4.296894383277999], [4.681246772351442, 4.725321703994179, 4.800169343303903, 4.837435185879705, 4.875462729485073]]
FCE:[[0.05414449676422582, 0.03740125755728922, 0.03037742426162811, 0.02609353351123269, 0.023046146694769933], [0.028162229541925494, 0.019253201916210126, 0.01560794368710993, 0.013432913657469276, 0.01186314823502041], [0.020098988946706007, 0.013655569144292749, 0.011042911139528348, 0.009510895166322017, 0.008412932678717316], [0.0187980923491623, 0.012773513259491037, 0.010389298383610772, 0.00896380143785657, 0.007938523763036977]]
fps.ts:[1610293403.1616201, 1610296000.66886, 1610298598.1761, 1610301195.68334, 1610303793.19058, 1610306390.6978202, 1610308988.20506, 1610311585.7123, 1610314183.21954, 1610316780.72678, 1610319378.2340202, 1610321975.74126, 1610324573.2485, 1610327170.7557402, 1610329768.26298, 1610332365.7702203, 1610334963.27746, 1610337560.7847002, 1610340158.2919402, 1610342755.79918, 1610345353.3064203, 1610347950.8136601, 1610350548.3209002, 1610353145.8281403, 1610355743.33538]
fps.e0:[10136.999896342188, 10086.081539566598, 10142.822976685147, 10081.114821084542, 10128.789318541794, 10119.851192918319, 10121.417989116642, 10111.474954658626, 10141.789548343282, 10058.851785719547, 10092.411092516522, 10135.584009025499, 10112.52863255687, 10108.247723216778, 10156.041023560834, 10124.247482689043, 10119.16282021478, 10166.414884895205, 10069.716344099377, 10095.708504137738, 10129.799095116497, 10091.968465177373, 10136.750701139463, 10160.55342575134, 10148.159096497562]
fps.e0u:[26.617192001036695, 25.962712542951696, 26.630932353466, 26.204646581827323, 26.290563649307654, 26.373600780449806, 26.17233850580086, 26.19583348191162, 26.08619439047279, 26.639382177573275, 26.896931258241167, 25.67288186376975, 28.380180114263716, 26.603932890951857, 26.595766632310127, 25.922104083643163, 26.716887450168795, 26.397632229642813, 26.67900262484486, 26.348220493266336, 26.385047536096486, 26.071595916272265, 26.368393213644328, 26.159002375093745, 33.259004164889404]
fps.lt:[14617.14844393407, 18308.27471359124, 14774.452977703422, 19577.750276020834, 14979.642264509735, 15830.157282532551, 16623.176397377905, 16250.601047600834, 13501.850416804507, 21762.041779233048, 18063.108813805065, 15319.715257565966, 14859.269358860469, 15649.041270557553, 14014.390569197787, 15136.886897286502, 15508.103199875637, 13479.336517549153, 24701.08562678443, 17982.24207973196, 15338.696750788631, 20724.818934072577, 14203.560446785148, 14324.528783355552, 13837.282209324188]
fps.ltu:[1703.5594512044752, 2609.6517959308585, 1719.9443903177773, 2985.0794350224446, 1756.8950204914363, 1956.4212703049539, 2170.350914282071, 2061.47781463003, 1407.5514936926043, 3725.4512876550634, 2590.0775708458095, 1809.6321956989286, 1847.256412635813, 1934.8553252577055, 1560.9931557027803, 1790.1868144706584, 1914.1053897534764, 1432.9046502405567, 4831.894093664956, 2532.427014040419, 1850.1890976193422, 3327.902077306053, 1589.6440815393737, 1604.475777720513, 1885.714466792134]
fps.c2:[1.329794775788376, 0.645941231940448, 1.1773863249412622, 1.3774534261375269, 1.0147430547742493, 0.9909482870386996, 1.390637714236471, 0.676313135352403, 0.6200482254383526, 1.310062149883489, 1.1911739191453166, 0.361186887764546, 0.7025915946500666, 1.707967360317119, 0.8974153556089199, 1.51891711710747, 0.9535904478148132, 0.36916390218184036, 1.2993817564233652, 1.3405034077796396, 1.3456655295772149, 1.878933456173637, 0.7597210510017637, 1.0440864542107242, 0.9864261532792432]
