Ri:[50, 100, 150, 200]
Zi:[100, 200, 300, 400, 510]
FC:[[4.059010905113758, 4.031683578212448, 4.0241762530288225, 4.020241614731018, 4.045612370521549], [4.008254805343498, 4.038949579512841, 4.0392146568568, 4.053458139336225, 4.078608403447514], [4.136883481890107, 4.159507569725688, 4.173148898768749, 4.201562356797591, 4.232776316355109], [4.731978143263582, 4.767995571386411, 4.79767332893477, 4.830592032375151, 4.854887543276616]]
FCE:[[0.04329672278649052, 0.02942746999137093, 0.023610227347579626, 0.020333591978325932, 0.018009464727517546], [0.021400478952298654, 0.014763673489621695, 0.01184797517507708, 0.010212519041998606, 0.008779234268291514], [0.014280421860499997, 0.00968550755507239, 0.007791272422462846, 0.0067307936210948905, 0.005962714121360004], [0.013405421501824907, 0.009116157005703429, 0.007369349692498811, 0.0063671429183524576, 0.005631174740729969]]
fps.ts:[1606061904.4589, 1606065394.7227, 1606068884.9865003, 1606072375.2503002, 1606075865.5141, 1606079355.7779002, 1606082846.0417001, 1606086336.3055, 1606089826.5693002, 1606093316.8331003, 1606096807.0969, 1606100297.3607001, 1606103787.6245003, 1606107277.8883002, 1606110768.1521, 1606114258.4159002, 1606117748.6797001, 1606121238.9435, 1606124729.2073002, 1606128219.4711003, 1606131709.7349, 1606135199.9987001, 1606138690.2625003, 1606142180.5263002, 1606145670.7901]
fps.e0:[9937.76121232216, 9982.745278265465, 9933.041252632733, 9921.26401574842, 9965.09496122907, 9990.597441760829, 9993.34854430564, 9944.98163260679, 9990.955057819718, 9945.467405290097, 9956.593249495047, 9972.594632838953, 9978.447336156298, 9951.771256913917, 9952.81802151973, 9925.018653462344, 9961.351504660668, 9952.28484510105, 9954.993357935224, 9962.435184812804, 9970.781731684057, 9965.873853155284, 9937.660373018292, 9957.172088366475, 9958.798461202301]
fps.e0u:[18.527978184305855, 18.448076240051485, 18.392635287034846, 18.504011292763913, 18.46590189143203, 18.359619065728253, 18.394198481837883, 18.532119339648794, 18.1759648622782, 18.464765447554996, 18.624858682983174, 18.425380918942437, 18.32789277621126, 18.478252489484138, 18.63198771306804, 18.836122026862746, 18.679491143595932, 18.372998295319626, 18.81210792205977, 18.588549076479936, 18.55575786725579, 18.55437373763366, 18.52284069616272, 18.52209600904945, 18.408246118659157]
fps.lt:[17172.477744774656, 15263.794348495938, 18761.14680776845, 18987.573557163254, 16689.182427501342, 14709.82786122477, 13452.675124098294, 17830.988091736785, 14077.807525239412, 17020.015231726666, 16036.510617848904, 15733.380382020181, 15521.937750139212, 16479.06503329503, 16127.749342580892, 19224.71141609715, 16806.28723964256, 18030.8507514121, 16617.06541434464, 17349.204786908158, 15934.65470501536, 16474.195877480335, 19276.92518351596, 16448.629505763132, 17338.286607435857]
fps.ltu:[1648.8905374641458, 1295.284931286638, 1963.1528774946755, 2019.2901157315678, 1553.629338328043, 1209.1960556911229, 1009.2633068638689, 1783.2610994811848, 1092.4354501978232, 1617.2544658485883, 1437.4802296011708, 1375.3393869163226, 1329.662389477367, 1516.7907838349156, 1462.7579387916865, 2102.234259654446, 1596.7416186627972, 1810.3383153433836, 1565.8793723405363, 1682.3610931151763, 1419.0185669875602, 1505.380477813327, 2068.254438205409, 1503.9749436402165, 1667.0881914738045]
fps.c2:[1.3917205222995788, 1.4969858102349933, 0.7638733918964132, 0.6824054419002746, 1.5349825839516975, 0.7849820138585394, 0.7259709170469505, 1.0670925445739639, 1.8089676157116266, 1.591450239216567, 1.5843384339268074, 2.3365523084726743, 1.379112892353592, 1.4023238368209854, 0.7598503542938168, 0.7621552538845552, 2.110546461512217, 0.6437891652654302, 1.1971775929591524, 1.3329119671466398, 1.3203619058576241, 0.7461131140237464, 1.1539118055243593, 1.503127684588676, 0.8222270994173304]
