Ri:[50, 100, 150, 200]
Zi:[100, 200, 300, 400, 510]
FC:[[3.933275441166264, 3.9979782248810354, 4.013453329941701, 4.02878202411305, 4.051483625297388], [3.9972430085665365, 4.026956290519581, 4.052097174418743, 4.070445158078535, 4.102465885242045], [4.143134954090112, 4.168564373169162, 4.188836494706811, 4.2141369713027315, 4.242377343837044], [4.7527504276601595, 4.789960864262807, 4.834703182097472, 4.863054719521014, 4.8847843418390315]]
FCE:[[0.04356881384295578, 0.030062883212517183, 0.02414599235244817, 0.020627350415977883, 0.018023011307055765], [0.02199095215657793, 0.014996894176674975, 0.012047798122372555, 0.010343803002771013, 0.009130511153690577], [0.015368232922982882, 0.010444282833270101, 0.00839074057382369, 0.007239305936820412, 0.006399696971225411], [0.013844247033263682, 0.009408799506193121, 0.00762162288555797, 0.006574024669287924, 0.005803787937651317]]
fps.ts:[1606754556.54428, 1606758029.04684, 1606761501.5493999, 1606764974.05196, 1606768446.5545201, 1606771919.05708, 1606775391.55964, 1606778864.0622, 1606782336.5647602, 1606785809.06732, 1606789281.56988, 1606792754.0724401, 1606796226.5750003, 1606799699.0775602, 1606803171.58012, 1606806644.0826802, 1606810116.5852404, 1606813589.0878003, 1606817061.5903602, 1606820534.0929203, 1606824006.5954804, 1606827479.0980403, 1606830951.6006002, 1606834424.1031604, 1606837896.6057205]
fps.e0:[9966.9916926008, 9977.162822363503, 9953.510733689403, 10006.317134250046, 9988.224977012445, 9963.990262594225, 10001.866205638371, 9978.855739464678, 9941.602033032143, 9964.254449575586, 9947.258769255099, 10007.057269160601, 9993.43574536965, 9967.679360678387, 9988.111964880232, 9981.124398453692, 10025.465656478485, 10017.43618169434, 10006.61240921269, 9994.549094487213, 9999.526631953882, 10007.301529342465, 9983.812670313973, 10002.615105191717, 9981.063835530462]
fps.e0u:[19.003051646012338, 19.093000419370114, 19.392694348377216, 19.161335876336654, 19.349536098543847, 19.049635802524573, 19.10406014907053, 19.016500671802017, 19.310065208779335, 19.198695928124216, 19.145694830193264, 19.262221509060147, 19.34045834926347, 19.099756291670353, 19.038573302113754, 19.315622339231933, 18.77214180742895, 19.30329068889221, 19.18973280617222, 19.28897616152123, 19.200840186216286, 19.047845677430516, 19.22444907525132, 19.181905799908108, 19.38070317546684]
fps.lt:[16811.58167408522, 16619.278469567143, 18382.52225361537, 15561.95622581397, 15782.155439883301, 18003.22266274737, 15404.859178341434, 16874.013372744572, 19375.06908548455, 18551.569153253175, 20245.266368255496, 14305.77613850988, 15397.764798277729, 17144.80678187445, 17590.33835405678, 16481.681684762243, 13446.228590715786, 14514.655932407337, 15540.322299499247, 16066.37593740626, 15563.858924036445, 15245.020092376002, 16528.22826422229, 15726.36423455441, 17260.10699296724]
fps.ltu:[1626.053480267946, 1589.3882791298156, 1973.4750565770232, 1394.9784254819544, 1438.9538467197447, 1860.2972588994307, 1364.4045953175782, 1632.771273612403, 2174.032898540786, 1989.4507049335032, 2374.0847617455934, 1187.5408298111402, 1379.9224520682685, 1693.8656918976196, 1769.81730225801, 1582.9495559631662, 1017.6022792175062, 1217.0545910922242, 1387.9105430752668, 1494.1419298149035, 1398.3363796437845, 1319.501635682633, 1575.4302521491522, 1434.6353096856158, 1735.0700728114343]
fps.c2:[1.0295263106347454, 1.3287862046042078, 1.3880949937606828, 0.8961634368783042, 1.2559062741381029, 1.147974340799034, 1.107887595733096, 1.894974650166926, 1.0976966194999398, 1.5582310470101306, 1.084116171151389, 1.1984384055027957, 0.6965417962819509, 1.6213834495149262, 1.1216736560790568, 1.0588626152449079, 3.235492187614255, 1.4435328393284785, 1.5411358583304577, 1.3431239637744068, 2.2890509113386073, 0.9977407179812433, 1.0741696461933181, 1.2647480415466197, 0.5801969608536273]
