Ri:[100, 130, 160]
Zi:[50, 100, 200, 300, 400, 500]
fps.ts:[1761.5872599983215, 5284.761779994965, 8807.936299991608, 12331.110819988251, 15854.285339984894, 19377.459859981536, 22900.634379978183, 26423.80889997482, 29946.983419971468, 33470.15793996811, 36993.33245996475, 40516.5069799614, 44039.68149995804, 47562.85601995468, 51086.03053995132, 54609.20505994797, 58132.37957994461, 61655.554099941255, 65178.728619937894, 68701.90313993454, 72225.07765993118, 75748.25217992783, 79271.42669992446, 82794.60121992111, 86317.77573991776]
fps.e0:[10875.409296118074, 10875.796467981927, 10872.613118598063, 10879.878220992498, 10868.540167205543, 10879.577024886854, 10877.510585352196, 10875.722995534723, 10882.959242443581, 10843.025379305156, 10859.214318479635, 10882.712953360242, 10885.542448714104, 10871.516043662878, 10879.99777410398, 10878.384440796837, 10870.004421736938, 10900.359220475653, 10843.969285480622, 10892.632289076677, 10888.358983655296, 10852.50151918909, 10887.863267984232, 10887.219206816282, 10865.339956754979]
fps.e0u:[16.190420640961644, 16.23027560642023, 15.902115576654648, 16.181170264199988, 15.978471524538188, 15.974299914652851, 16.13303849330293, 15.969292815861584, 16.23161442877066, 16.12720695394263, 16.213939925148395, 16.05615549362892, 15.737349680777037, 16.14935708511396, 16.137397369330248, 16.074794107580228, 16.152275568485507, 16.100300073279147, 16.08414876679376, 16.160558840530886, 16.216659183802104, 16.196835594201957, 16.17036764996795, 15.980200198259821, 16.21989196250598]
fps.lt:[11914.46290274419, 12115.020945545575, 11907.501889627774, 11423.393357626082, 12276.91422015663, 11956.160121665753, 11970.269801206574, 11752.668026100657, 11498.459497447966, 13047.647723721702, 13017.160889506484, 12039.607311693055, 11879.0916086504, 12593.200786370262, 12182.289900415904, 11431.894074056572, 11982.036413533233, 11318.090259704344, 13662.848866576076, 11292.46672711201, 11353.864314163175, 12981.713525798412, 12079.754081303758, 11440.736169210859, 12642.171183264812]
fps.ltu:[632.0279405908396, 657.3903339358432, 624.5042651942805, 585.7924437347824, 671.1224895762213, 633.4632654865497, 641.02225704804, 614.4033204975059, 592.9521695390022, 764.3937625472691, 756.588552499833, 644.5349463625206, 615.9979841023825, 710.7824289358337, 664.0532477995271, 584.3905100791051, 643.8652044957777, 577.8630191684657, 828.793037897735, 570.5044325588973, 580.6851194573342, 752.4192346515239, 652.4675008292197, 580.8139023864044, 712.3485969279546]
fps.c2:[2.7573228697787426, 1.6471660885832276, 1.3026925021987774, 0.825929359539016, 0.8507430730888428, 1.0425812858872239, 1.2949653257492675, 0.9172937144162512, 1.2250366628615874, 0.7935379873359081, 1.866096226968801, 1.722392931504903, 0.6743373862165518, 1.1604585469787716, 0.7454110605725608, 2.048620742956109, 1.289544575073973, 1.5185940949100225, 1.3542169372763742, 1.0703124128902628, 1.7244891651403345, 1.389509794290258, 0.518369801311872, 1.1738509229485388, 1.0329435821317003]
FC:[[3.904170344817712, 3.8831188185409284, 3.883526198659692, 3.9208225534126404, 3.942266225823623, 3.96598620101466], [3.9195241222836987, 3.9059325944487937, 3.917840702981107, 3.9553616649739785, 3.9840688254363754, 4.011654105923375], [4.036571233490031, 4.025613893870688, 4.042608370139978, 4.079070714874127, 4.1068192317479255, 4.138434948908892]]
FCE:[[0.0360067208898789, 0.022524266402342227, 0.014804115433386873, 0.011752091716534964, 0.009711742040841825, 0.008563923168495646], [0.027892739242247888, 0.017327116951772, 0.011374342881128482, 0.00880536774131343, 0.007499178224173526, 0.00664202488213099], [0.02352511946136825, 0.01425782875406351, 0.009384790919755135, 0.007455909842061067, 0.006362997331139724, 0.005655620260417698]]
