Ri:[50, 100, 150, 200]
Zi:[100, 200, 300, 400, 510]
FC:[[3.9790974561099124, 4.0651270713799414, 4.079400527636547, 4.092233457112237, 4.110504865906725], [4.019944968583851, 4.061089118689126, 4.083318090176928, 4.116206970536253, 4.146027970218245], [4.1332762482058945, 4.167559721251211, 4.204287695547844, 4.2473966519957775, 4.286524832008993], [4.709151468884897, 4.7544172388662, 4.828986379487795, 4.875201038397702, 4.91235432418912]]
FCE:[[0.050162257315302584, 0.032554398220623434, 0.025775796869884814, 0.022007244095192127, 0.019257109937050192], [0.024421127510920817, 0.016080104884314696, 0.012909406084337098, 0.011088347264296437, 0.009791739902360017], [0.016554647741852203, 0.011190879786304142, 0.009023077816700397, 0.007795292674325225, 0.006929719666003345], [0.015362062993405735, 0.010423180886072544, 0.008281758382678969, 0.007154856964262974, 0.006350922338493772]]
fps.ts:[1608115882.5787, 1608119350.2540998, 1608122817.9295, 1608126285.6049, 1608129753.2803001, 1608133220.9557, 1608136688.6311002, 1608140156.3065, 1608143623.9819002, 1608147091.6573, 1608150559.3327003, 1608154027.0081, 1608157494.6835, 1608160962.3589, 1608164430.0342999, 1608167897.7097, 1608171365.3851, 1608174833.0605001, 1608178300.7359, 1608181768.4113002, 1608185236.0867, 1608188703.7621002, 1608192171.4375, 1608195639.1129003, 1608199106.7883]
fps.e0:[10150.1795859832, 10163.005376031506, 10163.184840849835, 10175.638367132598, 10190.02096542623, 10159.241620818568, 10157.426665249062, 10184.198059530861, 10173.723914386905, 10216.129070495288, 10149.030776189922, 10184.942516325144, 10162.595326322235, 10168.716337601772, 10172.202300371624, 10187.887275473977, 10136.896160245702, 10137.742231002152, 10207.742793136016, 10198.217919631785, 10162.672571712259, 10137.196727473867, 10163.19993874317, 10162.500974829285, 10145.418831266074]
fps.e0u:[21.156509604184315, 21.354831283270297, 21.152841977162048, 21.56854702288511, 21.06492935413545, 20.989615126339285, 21.322497323197673, 21.177009131821258, 21.079735918493885, 20.948354678860106, 21.211448299336073, 21.400764448422006, 21.68432552732396, 21.1706491727265, 21.183596156172168, 21.287505987101806, 21.58087754812547, 21.68969933023811, 21.73284494141303, 21.624726361728445, 21.91111746136841, 22.00990662785765, 21.84548325852999, 21.88764781573606, 22.060180899782768]
fps.lt:[11300.894932993864, 10562.755170660528, 11487.78135714641, 10463.744602816549, 10110.263333947161, 10993.066224715447, 10635.204628943042, 10071.894932440657, 10195.44230420634, 9738.711443083259, 10731.008392806332, 9678.215238633356, 11031.775191756176, 11174.288561416093, 10510.0062850452, 10068.643612436083, 11945.156815615703, 11472.641904731327, 9516.447756013087, 9819.110107819459, 10870.072933883954, 11073.39272439307, 10388.982664536668, 10136.038962284862, 10638.39994638641]
fps.ltu:[804.3741207909811, 708.6675573550865, 826.4076898450197, 700.2673737784612, 636.6596177233682, 752.0721085332506, 713.8648546174877, 636.5651830550896, 650.7895546107051, 589.0271760338838, 728.2859752417219, 600.9602709743309, 777.9861771300359, 785.887256180638, 695.4258415426702, 637.9798773153806, 918.7201152973998, 845.4772528558065, 577.2062628897859, 614.1219462825886, 763.3905999208944, 796.7124650220185, 694.676031948962, 661.9251343003697, 730.1921050664639]
fps.c2:[0.9957356947473386, 1.1171218812748784, 0.43215090322579464, 0.26126072541606316, 1.268911508290568, 1.1390164349918488, 2.110797815530427, 0.4183622388206688, 1.0907870152542642, 1.1707999976579944, 0.8812532569476261, 2.572852149744663, 0.6397287906333596, 0.6802683947534942, 1.613043574182015, 0.48656818680026437, 0.9107910746742652, 1.1348003405746712, 0.8591465060832495, 0.5943341365033576, 2.543622086294301, 1.3492505555456729, 1.0406230198357322, 0.718609726167389, 0.9384989979259053]
