Ri:[100, 130, 160]
Zi:[50, 100, 200, 300, 400, 500]
fps.ts:[1566.9012400007248, 4700.703720002174, 7834.506200003623, 10968.308680005073, 14102.111160006523, 17235.913640007973, 20369.71612000942, 23503.518600010873, 26637.32108001232, 29771.123560013773, 32904.92604001522, 36038.728520016666, 39172.53100001812, 42306.33348001957, 45440.13596002102, 48573.938440022466, 51707.74092002392, 54841.543400025366, 57975.34588002681, 61109.148360028266, 64242.95084002972, 67376.75332003116, 70510.55580003263, 73644.35828003407, 76778.1607600355]
fps.e0:[10545.730777010356, 10576.975464597825, 10548.68880165232, 10521.569169729622, 10558.174799245295, 10566.075672177014, 10564.063946792556, 10573.148573552067, 10579.087953863147, 10574.777271407696, 10606.946460051722, 10554.006557931634, 10576.19248504788, 10584.995100178354, 10579.231740112444, 10602.907721117212, 10592.489432127413, 10576.66801681961, 10600.253498763926, 10600.02055601459, 10602.547124220577, 10579.196828247794, 10606.11254718817, 10623.202908177433, 10617.504710939495]
fps.e0u:[13.131757567917871, 13.10786524619934, 13.311975810747683, 13.162637756811941, 13.20958073072911, 13.269513185507419, 13.262991809254931, 13.024773795344485, 13.205183976931208, 13.352936114583944, 13.240466875429423, 13.268751912940544, 13.342241358153812, 13.17769957892738, 13.326524318751279, 13.25217102454318, 13.218676365448577, 13.248638602325743, 13.346053179413198, 13.311081519140615, 13.218120475278045, 13.267319859245449, 13.327223743756825, 13.462266525402894, 13.481288378824852]
fps.lt:[4687.920738057586, 4528.233798752578, 4692.872400549018, 4960.870332881107, 4758.995146232919, 4832.649075696958, 4863.982809725376, 4889.8161826768865, 4822.14450779919, 4856.30980261461, 4760.628409241031, 5106.549235057469, 4978.145619933908, 5044.849956191934, 5073.720892782093, 4953.205883577743, 5098.524581780777, 5235.496911348757, 5102.057087365366, 5115.813903732757, 5125.454707688325, 5341.040796597858, 5119.199143464762, 5086.768606874411, 5142.37064975604]
fps.ltu:[81.1415953393009, 75.6963409313221, 82.34968400920383, 91.49683081230569, 83.89908272758176, 87.18824795581202, 87.76005310305513, 87.75245015358863, 86.48600850540784, 88.0378196989292, 84.31587884561388, 97.54889685742734, 93.24564351816137, 93.90965315129712, 96.47247614031173, 91.41780075777083, 96.8005795308859, 101.49311115980579, 97.67806049960566, 98.03209602200586, 97.33593231450237, 106.41262788147212, 98.1782207712066, 97.6642340975842, 100.05791254648278]
fps.c2:[3.0626736041320726, 2.62036240238045, 2.2458624769707347, 2.1238946114233226, 1.008102461128763, 1.4243363306441994, 1.2396668128085229, 1.6077881371016427, 2.2540624353624263, 1.96538517569128, 2.012349465543355, 1.6542480627533338, 1.6441016111877345, 3.2042531705911803, 1.2879130436627315, 1.6463807977420732, 2.3706391598008887, 2.0485607358078175, 2.373594692477255, 1.390895458087987, 1.508162122644045, 1.6029475535749667, 1.8192608582010061, 1.9073799763118944, 2.1152498509781887]
FC:[[4.053793946111151, 4.094186333694251, 4.14678142504729, 4.220280564201354, 4.290604767530214, 4.3665125307181585], [4.0995337989803255, 4.117526893275753, 4.185250951547083, 4.257967695145608, 4.332689091828247, 4.407791872019829], [4.200169828640859, 4.235210216369217, 4.3047601491079295, 4.373873479069578, 4.451095990204718, 4.520690382818855]]
FCE:[[0.037529219131483015, 0.02049778913590952, 0.012877603151289423, 0.010167616226424236, 0.008670498041555607, 0.007589103888788623], [0.029743191770613436, 0.015923708977216896, 0.009959181147205036, 0.007854583744954206, 0.006711969500385883, 0.005738386755789399], [0.024941969550108935, 0.013457159392395909, 0.008380850749455071, 0.0066143660937082625, 0.005402085461119075, 0.0048184205229819645]]
