Ri:[100, 130, 160]
Zi:[50, 100, 200, 300, 400, 500]
fps.ts:[1345.2790799999236, 4035.8372399997706, 6726.395399999617, 9416.953559999465, 12107.511719999313, 14798.069879999159, 17488.628039999006, 20179.186199998854, 22869.744359998702, 25560.30251999855, 28250.860679998397, 30941.418839998245, 33631.97699999809, 36322.53515999793, 39013.09331999779, 41703.65147999763, 44394.20963999748, 47084.767799997324, 49775.32595999718, 52465.88411999702, 55156.442279996874, 57847.000439996715, 60537.55859999657, 63228.11675999641, 65918.67491999627]
fps.e0:[10709.007214938327, 10717.278411896135, 10710.434331333714, 10722.735441560684, 10727.412519175921, 10733.612005900879, 10710.185454062397, 10725.393475947756, 10695.996854228884, 10723.549664849403, 10706.888840968479, 10718.287189003055, 10713.58853496098, 10728.85607337209, 10711.142670247478, 10715.31579753706, 10715.46737272462, 10721.148040827591, 10735.897095504071, 10718.76465808845, 10694.877845744055, 10709.855084557114, 10693.660092200873, 10708.247209923351, 10712.26823477466]
fps.e0u:[12.995309707734165, 12.84614669999872, 12.719135340343659, 13.1497495596054, 12.78693802904793, 12.803395263119057, 12.801690954314115, 12.741874848026324, 12.898104357337177, 12.887009262883584, 12.939249339094486, 12.959058916664064, 12.845446873472865, 12.835805365535219, 12.74161191320728, 12.749053145822321, 12.876552159398694, 12.992136405251841, 12.8218696160038, 12.847418469309734, 12.96721264729096, 12.873721966764853, 12.757974871743823, 12.959035020238534, 13.022551351160697]
fps.lt:[5233.648386094415, 5191.666680053149, 5271.092718727468, 5203.893773755707, 5235.714101789513, 5181.303433222684, 5225.044534246925, 5255.593797597729, 5377.771955251581, 5232.120903587164, 5377.003614060529, 5279.765442848883, 5342.447458387651, 5141.771788501661, 5317.804553323041, 5245.450428159549, 5283.622746425655, 5259.7156616766415, 5235.333730412436, 5221.761405819299, 5508.243964318247, 5422.388832122412, 5490.796464531909, 5385.57978267556, 5342.0000771839605]
fps.ltu:[97.47710843761914, 94.96514192873796, 96.74524571752943, 97.26229426831554, 96.11017050554669, 94.36727639884941, 96.16877135370537, 96.22582933537353, 102.12232549282345, 96.92905744766374, 102.64335958935179, 98.76914486242892, 100.64557125002612, 93.40884703958275, 98.72802541714434, 96.3545728261742, 98.35799025751236, 98.37520666288901, 96.02638913594811, 96.40114333789823, 107.85411812079866, 103.56497436076899, 105.64073590496957, 102.69469769113317, 101.43882289762102]
fps.c2:[2.9499053533274657, 3.1083735643852908, 2.549539221192682, 1.8192101474259985, 2.9184255896504867, 3.0932051526082387, 2.5121672794549763, 2.10109541637781, 1.178358976874034, 2.007015582160343, 2.490714317557802, 3.6597098959734597, 1.2569260259842063, 1.4272663458078632, 2.396263215727662, 1.9783595936239498, 2.437575706584389, 1.7434127503155095, 1.8843491047056586, 1.0874795989819508, 2.278142042985708, 1.0897765799578452, 2.4511677144346504, 2.092460646463218, 2.0486404485349254]
FC:[[3.8138795017925102, 3.790630404528731, 3.845340950821417, 3.8961672876406914, 3.9616735931743245, 4.02322071446654], [3.836368094656828, 3.8378994400200352, 3.890774828728736, 3.944603466998608, 4.011939197477758, 4.076704152927596], [3.9454983313798113, 3.9668155570126045, 4.016855351605641, 4.074211749362079, 4.139967528282154, 4.205872706418341]]
FCE:[[0.03762903465527778, 0.019294958745603788, 0.011452025542303818, 0.008891255113634975, 0.007516936602497082, 0.006637054269112788], [0.029493628964778574, 0.01465988437738405, 0.008856586399384034, 0.00687638787115085, 0.00583402494984117, 0.005042992191335439], [0.025319604716864483, 0.012462446240178417, 0.007513519707615413, 0.00568404724165287, 0.004824702843047648, 0.004180673115412283]]
