Ri:[50, 100, 150, 200]
Zi:[100, 200, 300, 400, 510]
FC:[[3.8964572455080804, 3.954743490334419, 3.986187942136581, 4.004363575900649, 4.043988816463872], [3.978274106266975, 4.0259663991625665, 4.046256701248081, 4.0718833539708035, 4.104891113766252], [4.1114162040550095, 4.16262135444696, 4.187718129032476, 4.220128305007548, 4.252911108158768], [4.703783061799392, 4.777372697308438, 4.814713716917434, 4.853858142956563, 4.882998494647405]]
FCE:[[0.05278981315316723, 0.036295431963166466, 0.02966735236008494, 0.025537510270584048, 0.022824113946748617], [0.025184555200796155, 0.01727752189517978, 0.01396018569225858, 0.01205222045329329, 0.010678994001303467], [0.01741587441264184, 0.011933862310706547, 0.009637768112546746, 0.008315961135201935, 0.007363002582027922], [0.016269199294003632, 0.011075173271119978, 0.008972793190353863, 0.007748306662302131, 0.00685369748080304]]
fps.ts:[1610718766.3477602, 1610722241.46128, 1610725716.5748, 1610729191.6883202, 1610732666.8018403, 1610736141.91536, 1610739617.0288801, 1610743092.1424003, 1610746567.2559202, 1610750042.36944, 1610753517.4829602, 1610756992.5964801, 1610760467.71, 1610763942.8235202, 1610767417.9370403, 1610770893.05056, 1610774368.1640801, 1610777843.2776003, 1610781318.3911202, 1610784793.50464, 1610788268.6181602, 1610791743.7316802, 1610795218.8452, 1610798693.9587202, 1610802169.0722404]
fps.e0:[10052.083234014139, 10096.731102511687, 10041.55734133118, 10053.255547020375, 10059.087158887543, 10056.09199628658, 10049.727092427887, 10059.810645132282, 10062.35226781737, 10081.766597528454, 10041.201406990634, 10055.019715566428, 10110.339471937661, 10067.408550368891, 10071.639136084477, 10054.517449797197, 10073.089423900503, 10104.895581450544, 10075.718160066039, 10062.464097315271, 10051.085909230931, 10055.606375194413, 10074.76760730193, 10070.549275847581, 10064.037824502882]
fps.e0u:[22.835207965344942, 22.970768788981356, 22.910486452184653, 22.795694501799222, 22.920510954417697, 22.959144089419883, 23.031561542317476, 23.41940355350519, 22.779342118740622, 22.782699471207373, 22.994688406804677, 22.938740494908583, 22.84671335947907, 22.74210664915791, 22.62889571031548, 23.08718219613104, 22.47386837738785, 22.52580697653313, 23.14769393408795, 23.30855750233976, 23.035109303824978, 23.0052062860442, 22.995514242288728, 22.757161500562106, 22.897828964106555]
fps.lt:[19467.788921021405, 16238.287475269522, 19369.018827053245, 20446.82525934148, 16970.481779860977, 18809.184121024424, 18899.473130836337, 18137.573343339922, 17563.78108456592, 14486.438180621075, 19750.31940933223, 18854.409553841288, 15153.671830431826, 17577.0610298043, 17071.096987741766, 16968.8762482453, 18666.21898742959, 15076.219272718008, 16392.275912509325, 17891.371881059462, 18979.57371368146, 19109.826921948443, 17713.78942122521, 16878.640015929497, 17389.946065925265]
fps.ltu:[2590.661899482568, 1790.9062949958375, 2556.263240613422, 2826.9321691205514, 1970.0358322224095, 2428.210352307954, 2457.058558703025, 2286.8765431637657, 2107.133790200385, 1427.6428626266675, 2657.0458079591594, 2427.812121845265, 1554.243507967216, 2116.8922299995356, 1983.724176211026, 1986.5845634791804, 2336.717960576338, 1529.950863320629, 1862.538064641126, 2221.584542808916, 2498.1304457404667, 2493.578580263048, 2169.3733053214887, 1931.514293065018, 2065.4704847023913]
fps.c2:[1.1839433855696861, 1.2660968008407956, 1.8128517958656625, 0.7764560356556449, 1.9232429047823603, 1.6413037787147682, 1.3803965128793771, 1.8199864804539112, 0.6725458209362987, 2.0750350121149332, 1.0851497924464883, 1.3178548307313884, 0.9894420519404951, 1.701064371013382, 1.6926105564874194, 1.255442188793108, 1.9685109536131937, 1.5652907226428927, 0.9232254661139128, 1.3988112641515682, 0.6826737452656297, 2.0008989533696413, 1.5319218115668194, 1.3297409782476033, 1.1698355181160807]
