Ri:[100, 130, 160]
Zi:[50, 100, 200, 300, 400, 500]
fps.ts:[1356.90484000206, 4070.7145200061796, 6784.524200010299, 9498.33388001442, 12212.14356001854, 14925.95324002266, 17639.762920026777, 20353.5726000309, 23067.382280035017, 25781.19196003914, 28495.001640043258, 31208.811320047378, 33922.6210000515, 36636.43068005562, 39350.24036005974, 42064.050040063856, 44777.85972006798, 47491.669400072096, 50205.47908007621, 52919.28876008034, 55633.09844008446, 58346.90812008858, 61060.717800092694, 63774.52748009682, 66488.33716010093]
fps.e0:[8831.371397735431, 8855.3337116418, 8948.391955773968, 9111.396176606442, 9245.31590794927, 9371.074682114455, 9529.611190173926, 9592.77054572326, 9726.296513550296, 9817.725094871694, 9868.989795269075, 9954.700060073339, 10024.686101160894, 10070.722018870589, 10149.77997397279, 10190.66875734186, 10202.958798685977, 10264.50988291082, 10302.598346427545, 10342.616761385896, 10374.840081962719, 10417.487658050832, 10420.516006522394, 10461.877395032727, 10452.64770268807]
fps.e0u:[24.827202741674565, 16.83175090563835, 15.919823766638753, 15.503103596235125, 15.85056115713269, 15.699767933552575, 15.660938377577471, 15.704817567820042, 15.384478370055609, 15.587061530609585, 15.54107657955112, 15.338747425298873, 15.605564453460106, 15.43150115051655, 15.2058688441039, 15.320563288436084, 15.519358840715467, 15.300445898273624, 15.58773336164577, 15.472943618957437, 15.567385757251065, 15.475197351909253, 15.492225969398907, 15.565535316953289, 15.82397695862241]
fps.lt:[6251.998149682125, 8020.276154018193, 10965.71504124651, 11620.105492693074, 12467.780680528922, 12181.177094991348, 11256.927624743721, 13548.236439624392, 12093.662587568979, 12058.400135306703, 12997.92832853868, 11985.677071417826, 12101.883516161006, 12482.648085401795, 11664.797420883187, 12409.662580777574, 13441.116168459917, 12429.141241965046, 12549.354019047925, 11825.315489903023, 12079.819429976214, 12133.60651079057, 13261.649762304634, 12145.355953749222, 12722.177087421425]
fps.ltu:[282.8484901033167, 347.54502198422404, 614.3867583723568, 669.6497620238241, 771.0045249151051, 728.9634393782239, 612.5978933711394, 882.2000913519777, 685.6549836516001, 679.7339336251276, 780.7969182589051, 659.1594189092797, 678.7423037879637, 709.8587301580793, 608.0973690172352, 698.1858162337293, 818.0507203401196, 687.4102334313582, 714.367875388063, 628.4469645137498, 654.5805442567332, 659.0884944106434, 779.5144235140122, 662.6040494592872, 728.058115079725]
fps.c2:[1.0377043291534505, 1.3390208832191048, 2.1932565907143453, 1.2525432163580028, 0.8350112238982541, 1.5895749751328145, 0.6367335195779276, 1.0609799053701416, 1.3571555706307403, 0.5259163657975818, 1.11807011950537, 1.6812911019901204, 0.5795206207410263, 1.3326817225713972, 1.074810886630195, 1.125233409116343, 1.7065254239901806, 0.6337465974556244, 1.2346642036426172, 0.9368066712317984, 1.486298667935435, 1.7796083840830794, 0.756866380992794, 1.6854954891277723, 1.0022935583516264]
FC:[[7.086610299737509, 7.296694852806468, 7.33288047923999, 7.441496743540761, 7.567832055865742, 7.864295770291374], [7.142370386488277, 7.332140302241351, 7.183761761917427, 7.467992518716452, 7.603389196914987, 7.859955345052476], [7.551583995442255, 7.390884533335878, 7.589995526636207, 7.657764918139711, 7.804111584509825, 7.936822675932763]]
FCE:[[0.08284529022176826, 0.052416160201305594, 0.033469208952387086, 0.025911375320864356, 0.021641955751786596, 0.0204494806959415], [0.06268328821929411, 0.04002718852582733, 0.02332904564833079, 0.019736803719384858, 0.016660022267523385, 0.015543842030423414], [0.0567447102264967, 0.0310566706909668, 0.02135446465699877, 0.01640506488572695, 0.014141172732163695, 0.01250503212828895]]
