Ri:[100, 130, 160]
Zi:[50, 100, 200, 300, 400, 500]
fps.ts:[20319.45993999958, 60958.379819998736, 101597.2996999979, 142236.21957999707, 182875.1394599962, 223514.05933999538, 264152.9792199945, 304791.8990999937, 345430.8189799928, 386069.738859992, 426708.65873999114, 467347.5786199903, 507986.49849998945, 548625.4183799886, 589264.3382599878, 629903.258139987, 670542.178019986, 711181.0978999853, 751820.0177799844, 792458.9376599835, 833097.8575399828, 873736.7774199819, 914375.697299981, 955014.6171799803, 995653.5370599794]
fps.e0:[10790.637931435105, 10832.52982685198, 10819.555773097105, 10808.411331430207, 10791.515173180893, 10799.788489913564, 10495.362151186982, 10542.949028625924, 10623.392270248332, 10665.519313903547, 10700.865018014478, 10720.717722271358, 10728.1591373946, 10742.497318219792, 10759.782974854705, 10773.26278266864, 10775.976858367798, 10799.863646299442, 10812.23615149198, 10823.02470428529, 10821.572971165997, 10810.999916967894, 10809.191236808534, 10435.355675481274, 10546.291846441303]
fps.e0u:[3.595646012590834, 3.4970335677442774, 3.3262996148131694, 3.575880513220346, 3.6121430750858137, 3.562794611356399, 4.061546153030745, 3.5599305038576095, 3.5691939157502865, 3.617946442666392, 3.60112991331072, 3.628195754801086, 3.666953494915903, 3.663583158307887, 3.6626448002663636, 3.6630743867935376, 3.6983589434603696, 3.722561434829976, 3.7011843618037545, 3.7066619840719826, 3.7235267231363016, 3.740281612438793, 4.6547657894400984, 8.193214076414048, 5.102385521436438]
fps.lt:[5596.653341166184, 5582.592923181929, 5549.401339825536, 5583.293453078562, 5882.449809589365, 5881.748691276765, 5771.70255264306, 5771.153209642468, 5844.26035570887, 5992.931922289529, 5933.030814200701, 5962.8388115855605, 6029.414549676587, 6029.773913606638, 5994.071674387077, 5964.273641699356, 5938.069181819687, 5678.258825985818, 5640.3018407440095, 5657.470642206943, 5759.244625627081, 5931.954740400928, 5993.7813910483, 6216.1960502341035, 6108.791014318239]
fps.ltu:[30.941824234448912, 29.89706913473483, 28.11413558586723, 30.559421942433932, 34.15739221162008, 33.66481987844631, 37.89771002534827, 33.16086868243701, 33.915828225092035, 35.94517002870479, 35.018807004783405, 35.49613801440078, 36.65835188232284, 36.56757972297592, 36.1583137048625, 35.72557085670127, 35.78708433475854, 32.92366300582757, 32.287475979106745, 32.531660383602414, 33.7940230244043, 35.98618776941051, 45.721755466654514, 88.73504943881201, 53.03836873067713]
fps.c2:[10.775049984654427, 9.599404580488637, 9.759262855410068, 9.583435139800924, 20.8694320788833, 14.235391605833739, 11.838924640139668, 18.382463740621553, 13.626585588785495, 14.950907104555709, 19.000899864292286, 13.00833886225487, 17.441267405115795, 13.469528993263538, 19.289093375532634, 19.89981052789822, 14.332954874345706, 9.846151949974036, 11.476404196897569, 8.449851425715856, 15.711937900887953, 20.43322260558534, 10.493934735690129, 5.7535976839151735, 8.036148232750607]
FC:[[4.289248210303121, 4.298951256590493, 4.334470186499393, 4.378751263904463, 4.433216186633025, 4.49036510861937], [4.290412695893422, 4.339834686654855, 4.377376337564072, 4.431440672479502, 4.488462392174858, 4.557164032419534], [4.413665569016064, 4.448536316973097, 4.49769931824415, 4.553222335153112, 4.620191608710585, 4.689566902762035]]
FCE:[[0.01252614557286427, 0.006416074578442564, 0.003846207014232033, 0.0029668725052294856, 0.00249352985577172, 0.0021426626256820804], [0.009442448105961492, 0.004911809997782845, 0.0029574386517647344, 0.002288743204822841, 0.0018844573809449585, 0.0016685674198287628], [0.007952919425360255, 0.004008247117050999, 0.002409535346960729, 0.0018663868573831556, 0.0015821109167873258, 0.0014055245596311355]]
