Ri:[50, 100, 150, 200]
Zi:[100, 200, 300, 400, 510]
FC:[[4.067286693564182, 4.067696819709584, 4.0636314157456965, 4.036688595015106, 4.048062474876575], [4.007907164183146, 4.041378285396153, 4.050524250530765, 4.058939410188387, 4.078853607487941], [4.144086117855433, 4.165554941212073, 4.187238328011416, 4.205941535750017, 4.231096689894241], [4.7538310735998115, 4.79585485857168, 4.828758292345214, 4.855297371597077, 4.875028806991977]]
FCE:[[0.04993361085312122, 0.0338754937329339, 0.027127452843504592, 0.022971743201420133, 0.020243538013393465], [0.02431478570010617, 0.01671864492812225, 0.013430227982792094, 0.011553809093903614, 0.010189524726554261], [0.01671885438216492, 0.011372675782055749, 0.009157425758161702, 0.007894233744502344, 0.006971318916734743], [0.015272773569633519, 0.010434725994117298, 0.008425989079524927, 0.007281170099953723, 0.006432815920956589]]
fps.ts:[1619674880.47576, 1619678325.7592802, 1619681771.0428, 1619685216.3263202, 1619688661.60984, 1619692106.8933601, 1619695552.1768801, 1619698997.4604, 1619702442.7439203, 1619705888.02744, 1619709333.3109603, 1619712778.59448, 1619716223.8780003, 1619719669.16152, 1619723114.4450402, 1619726559.72856, 1619730005.0120802, 1619733450.2956, 1619736895.5791202, 1619740340.8626404, 1619743786.1461601, 1619747231.4296803, 1619750676.7132, 1619754121.9967203, 1619757567.28024]
fps.e0:[10742.660395505309, 10731.659562875848, 10723.514374872415, 10698.614423344263, 10717.313385361755, 10756.225171895569, 10716.154677405084, 10745.393288028157, 10740.291581446132, 10799.04754923936, 10706.550842323215, 10729.673436501364, 10730.750283188145, 10731.959090286113, 10763.182236165849, 10720.940325653422, 10727.996315929673, 10754.492608079145, 10733.079590160614, 10714.922502919711, 10735.49980842971, 10726.678697312253, 10732.11640084861, 10755.31999956677, 10750.315444539741]
fps.e0u:[22.790994187982616, 22.892589987291835, 22.929899824818918, 22.677003599313625, 22.475007691907553, 22.51187521628264, 22.648966577035452, 22.919785363366948, 22.720490192153022, 22.410413774339947, 22.63124301062934, 22.99234967127378, 22.655820427444933, 22.890625181615313, 22.99749549862062, 22.675667516864536, 22.979370410888986, 22.86574970321668, 22.882929602123124, 22.928289089145167, 22.785116145903558, 22.742268076805516, 22.743224888864823, 22.997850590430218, 22.83192379755148]
fps.lt:[19406.091736306334, 18611.450119676385, 18437.774448027532, 25909.213019137256, 21121.40846656329, 18163.69656186281, 20739.479676244526, 17749.37915771117, 18615.250466263722, 15391.075070158355, 21926.800734992048, 21865.176534298258, 18452.788329496034, 18715.948417683772, 16267.988495609467, 22260.449143450158, 23091.462659273708, 17858.86871275845, 20428.965252801376, 22590.53646197685, 19619.414739116437, 20302.548289872986, 20722.779403875575, 17437.787125342373, 19001.65190438898]
fps.ltu:[2407.902569209537, 2229.3364093508544, 2191.4351081125847, 4277.467856181621, 2810.267222568685, 2079.1012660395427, 2732.6523765765114, 2021.1884822486131, 2184.6061366934046, 1501.4945144486642, 3058.5784897058015, 3086.021703463984, 2180.6317470895647, 2247.7565763133375, 1711.8249375454532, 3162.8511495879734, 3425.5130908623532, 2058.222170829567, 2660.1284359371994, 3294.5096280548432, 2458.160892249455, 2650.3446063532974, 2748.2411335957277, 1956.9739659988559, 2300.829939667719]
fps.c2:[1.651972779239213, 1.0367749021975927, 1.3318472779623916, 0.4301645813714566, 0.8283086990777094, 1.6865351025350994, 1.5905223426130282, 1.0931810948326326, 1.2969525303124612, 0.8545715195168223, 0.6401529745943354, 0.776551367258737, 1.2318274804871239, 1.2298862516610098, 0.83561309190919, 0.9956354545056981, 1.0757471947599533, 1.2292226526137469, 0.9730752708907595, 1.0311800507574767, 2.019253540899805, 0.7838953769078845, 1.269992611239436, 2.0242793189294086, 1.7276100809858252]
