Ri:[100, 130, 160]
Zi:[50, 100, 200, 300, 400, 500]
fps.ts:[1700.1869000005722, 5100.560700001717, 8500.934500002862, 11901.308300004006, 15301.68210000515, 18702.055900006293, 22102.42970000744, 25502.803500008584, 28903.177300009727, 32303.55110001087, 35703.92490001202, 39104.29870001316, 42504.672500014305, 45905.046300015456, 49305.42010001659, 52705.79390001774, 56106.16770001888, 59506.54150002003, 62906.915300021166, 66307.28910002232, 69707.66290002345, 73108.0367000246, 76508.41050002576, 79908.78430002689, 83309.15810002804]
fps.e0:[10792.081778622993, 10787.576912209393, 10750.08916727992, 10727.528112758426, 10716.221991646426, 10755.371290387122, 10734.126338880738, 10726.727765775682, 10761.182904459543, 10758.763266066346, 10794.785874925072, 10756.386626599502, 10766.23263781581, 10784.759893488857, 10802.547027613775, 10811.732331273419, 10815.157612517243, 10826.035560603, 10840.677452370115, 10805.718627085686, 10820.658341411849, 10809.85718562116, 10809.568755269109, 10839.974158747702, 10798.935437714657]
fps.e0u:[12.36663747148804, 12.48195393958766, 12.50721504907207, 12.520477231846483, 12.85493268217026, 12.672150949348044, 12.557352554244936, 12.764265536373598, 12.544070050453708, 12.774346935531183, 12.710121813448554, 12.649258778172896, 12.549345518362482, 12.644777953158258, 12.605101647879357, 12.524705786644082, 12.45914235794801, 12.49551710917691, 12.520528222386794, 12.376407997503991, 12.346158328311141, 12.405025270923739, 12.33357711002676, 12.309988707154172, 12.408840889001247]
fps.lt:[3849.770909902159, 3920.2424011308585, 4169.584999028032, 4278.065411030179, 4365.516490132878, 4135.727891881309, 4096.1450104882115, 4098.498381669667, 3935.008210088928, 3949.9174993428155, 3780.1006473148723, 3900.7654285760755, 3855.6859122318338, 3799.800943668129, 3740.2147544523186, 3655.5696232896976, 3663.8424465638495, 3607.2486805553513, 3560.745729916701, 3637.530603740666, 3557.7590378148093, 3545.620184275834, 3581.9975259236294, 3527.3210742892625, 3649.1430381803025]
fps.ltu:[53.13996178801273, 55.732987813306494, 63.30750328767017, 66.57051647785732, 71.12615721875137, 62.65006220377961, 60.85532389739513, 62.636494711154754, 56.761643699829726, 58.20377129340759, 52.65871450554739, 55.86044240559788, 53.9510215628996, 52.54896018954447, 50.901478835745834, 48.23610836850425, 48.1938820546092, 46.68062720913426, 45.29521965391375, 46.87822956910992, 44.83032592605342, 44.51810659619104, 45.28610294102245, 43.91102795468852, 47.65243852782798]
fps.c2:[2.082386461142931, 1.016202514131875, 2.3856863620555564, 1.7703193956104406, 2.2042652554496094, 1.4117550541869242, 1.6396737897049287, 1.6866103411464122, 1.3910223592268642, 1.6347085041160068, 1.2043385431406934, 1.7273860489640052, 3.5448925356211376, 1.788443706286142, 1.2140446112069398, 1.8405651276758803, 1.5056141133908005, 1.2269175630513594, 0.8858728057222085, 1.9310083639825208, 1.725825876068838, 0.8919047012731871, 1.3931538216783876, 0.8983987425058173, 1.7830232384951568]
FC:[[3.7175153018336777, 3.7445278287545447, 3.854530444847359, 3.9610721095446237, 4.061931996792151, 4.161028036689122], [3.7602464964806974, 3.7958853276367086, 3.904492641375531, 4.00842330111358, 4.1113940525261246, 4.214735739544707], [3.848882929619686, 3.896643916696118, 3.998835390344755, 4.105489205294731, 4.2266741998806925, 4.350277928778405]]
FCE:[[0.035457480667063515, 0.01695224640309984, 0.010488200861385613, 0.00848582285958993, 0.0075328109608596, 0.006970035960328662], [0.027933494603895097, 0.013284704534835807, 0.008202006258986488, 0.006601719800174229, 0.005853323692916677, 0.005423306913420603], [0.023337216807684063, 0.01086361298070415, 0.0067701765506391984, 0.00553990093030053, 0.004886951333515178, 0.004483003026340686]]
