Ri:[100, 130, 160]
Zi:[50, 100, 200, 300, 400, 500]
fps.ts:[1793.0909999990463, 5379.272999997139, 8965.454999995232, 12551.636999993323, 16137.818999991418, 19724.000999989512, 23310.1829999876, 26896.364999985693, 30482.546999983788, 34068.72899998188, 37654.91099997997, 41241.092999978064, 44827.27499997616, 48413.45699997425, 51999.63899997234, 55585.820999970434, 59172.00299996853, 62758.18499996662, 66344.36699996472, 69930.5489999628, 73516.7309999609, 77102.912999959, 80689.09499995707, 84275.27699995518, 87861.45899995326]
fps.e0:[10899.846068569284, 10889.896995386543, 10871.490670910689, 10896.9718855784, 10882.376878770288, 10896.713229399033, 10906.904463262124, 10899.785621822408, 10920.622665179291, 10884.966700725316, 10902.890926278003, 10898.123892658892, 10884.204381306321, 10884.201871483514, 10882.54599844512, 10911.707966236145, 10889.15152641936, 10900.250226961132, 10904.14860202589, 10875.75786692314, 10902.644914090137, 10880.136388747613, 10906.79610797003, 10927.634526388132, 10884.655723536716]
fps.e0u:[10.436744642920125, 10.463507365338941, 10.533790711941789, 10.341142489237898, 10.502300797293737, 10.529293219746092, 10.40942715847724, 10.378436014361704, 10.40259546219389, 10.455049247560265, 10.34353102946809, 10.251136388805515, 10.352209809494912, 10.438664816747053, 10.4659249080149, 10.466438074470995, 10.434540146070459, 10.333172500918467, 10.374483063026886, 10.396794753081224, 10.380235662927406, 10.46359228875607, 10.438439174976615, 10.366398915085641, 10.452612987313845]
fps.lt:[5693.398544084655, 5783.750221284025, 5950.482841602444, 5777.072690561556, 5878.299393650185, 5723.051878554614, 5641.160343225992, 5678.4544492193545, 5610.782865130701, 5826.388647900086, 5646.818641414138, 5838.979411393692, 5913.539424169536, 5940.895672473283, 5903.661630562303, 5636.921977399786, 5750.891073402762, 5775.391560982562, 5725.256346724718, 5987.324827571195, 5752.855399297995, 5843.246892421236, 5709.622920408824, 5631.775449095187, 5855.727028668576]
fps.ltu:[92.41555995715805, 95.48311505218352, 102.09766558154621, 94.34277472455673, 98.83401735463238, 94.3845262818514, 90.79876214137182, 91.38977002725946, 89.19675760906688, 96.87513372345762, 90.67612628131508, 95.58977178203622, 99.1659454308172, 99.99559595186537, 99.32503627306976, 90.42261397218516, 94.35290457388174, 93.9998099370251, 93.18164286207995, 101.68256640710759, 93.95977683178096, 97.62360463392949, 92.74587235261218, 89.81527190806958, 97.7920675263239]
fps.c2:[1.9401250559425185, 3.342037722771867, 2.476697164476442, 1.3709255850536433, 1.9533320835675039, 2.641822796313515, 3.1091995498004383, 2.2991195433106073, 1.7747114302914813, 2.063715745384066, 2.0239994674346296, 3.432584580928212, 2.8489277223363456, 1.8623308503288167, 2.841956063008628, 1.6925348906751982, 2.1085773281664, 2.119974515702263, 2.409605654623073, 3.1069952105047087, 2.3935829568709157, 1.5721270170257176, 1.908869774470888, 2.0443815841654747, 1.8589620764756098]
FC:[[3.763307809580286, 3.749157907886811, 3.7983124076723183, 3.865985063481078, 3.9359992631216687, 4.0060235833826825], [3.7595477069864276, 3.7724021268143804, 3.824625862675998, 3.898469119785972, 3.9740487889930436, 4.0441627630532055], [3.8228890539109392, 3.848032745255543, 3.89887374928558, 3.9695178828264064, 4.04439360776824, 4.115345903100299]]
FCE:[[0.027902596488214595, 0.014961026847399004, 0.00903364857613706, 0.006932047737129787, 0.005924298318064116, 0.0052902125468877546], [0.021531932839842952, 0.011566406256724393, 0.006959847908980154, 0.005337301057887596, 0.0045771389876963576, 0.004097122401646523], [0.01816811764402044, 0.009181424166902546, 0.005615761002781469, 0.004418140748133786, 0.0037911826537979035, 0.0034011501901187037]]
