Ri:[100, 130, 160]
Zi:[50, 100, 200, 300, 400, 500]
fps.ts:[1820.4269000005722, 5461.2807000017165, 9102.134500002861, 12742.988300004006, 16383.84210000515, 20024.695900006293, 23665.54970000744, 27306.403500008586, 30947.257300009725, 34588.11110001087, 38228.96490001202, 41869.81870001316, 45510.672500014305, 49151.52630001545, 52792.3801000166, 56433.23390001774, 60074.087700018885, 63714.941500020024, 67355.79530002117, 70996.64910002232, 74637.50290002346, 78278.35670002461, 81919.21050002574, 85560.06430002689, 89200.91810002804]
fps.e0:[10780.117452759448, 10791.109999238934, 10786.181934225593, 10778.884607641729, 10791.16103156223, 10786.577311584202, 10808.293215663327, 10802.088550373202, 10775.105706217493, 10785.943399170355, 10784.634503445579, 10796.458932477024, 10780.38783123899, 10788.734000612343, 10744.11383172747, 10788.067036533605, 10765.445455105468, 10797.940134779028, 10798.4616678075, 10798.34156365519, 10808.06438510619, 10812.938469273031, 10781.734367839696, 10790.439801985427, 10830.192396433175]
fps.e0u:[16.430756995313683, 16.09269272498294, 16.202930351924003, 16.25821323808864, 16.139220821575893, 16.08085774635026, 15.952994356801389, 16.33314778402326, 16.21163219372139, 16.100713850219357, 16.05485580395484, 15.916281051718952, 16.069460047792102, 16.19897833190908, 16.375735656225668, 16.4387772170363, 16.220446361475815, 16.147960847104404, 16.09790654465108, 16.24730805625089, 16.160386161051395, 16.26079870975933, 16.41247585810057, 16.316207438737216, 16.458422524276155]
fps.lt:[10353.199221553468, 9449.403736085893, 10017.807724613998, 9852.730550095015, 9978.569027513719, 9679.163982719527, 9540.349976650545, 9704.686309587194, 10357.621600903774, 9842.81881942128, 10082.27372482818, 9578.59443064584, 10466.144931378438, 10254.003450793167, 11906.162987752103, 9880.472657925648, 10776.674776903392, 9781.107729269506, 10268.064712744104, 10144.812192579171, 10027.541494559422, 9196.692473691934, 10060.236207819209, 9768.920633695563, 9495.081576721104]
fps.ltu:[487.57362158395614, 401.9097518697388, 452.54332274219945, 441.0928589237015, 441.1929190361721, 421.8994869225354, 405.2670023545559, 426.6746321562679, 485.6725551522343, 434.5737896213973, 455.9560452324844, 407.81425339767645, 490.86136041462635, 470.4013536354639, 637.5388162442081, 447.54166483966924, 522.5564189064957, 427.34965705065247, 469.2098773801058, 462.6131798701035, 447.9123669888838, 385.90320742921523, 459.20585004109273, 432.4662455028341, 410.8915556598851]
fps.c2:[0.8397980391583221, 1.5795571394901353, 0.8753895250035507, 1.7726994237730567, 1.3721751816557648, 1.5248481343293736, 1.2133508086720057, 1.3753988278045681, 1.4499099686894092, 0.8355832077192485, 0.7324426530317047, 1.1823633933719127, 0.5802543666272436, 2.075120060664656, 1.5670930666588927, 1.311640953962003, 1.0254768872477578, 0.6767031058414996, 1.671714076975344, 1.0713417072457738, 1.3202333479785378, 0.6857396857134013, 1.8884979382639457, 0.8695051856617754, 0.8084927748165126]
FC:[[3.8483462477072194, 3.8359532909590306, 3.8447020609295843, 3.871400979320607, 3.9077063372723098, 3.933771797977107], [3.841988546742879, 3.8659871077429773, 3.882441028746689, 3.921685069855374, 3.957621736482114, 3.9886060995213075], [3.9570759478291584, 3.9946157757187803, 4.01612911894668, 4.053804460356349, 4.083424025520319, 4.113418108745476]]
FCE:[[0.03780751713759496, 0.023149676745343385, 0.014927361754646571, 0.011772284309225776, 0.009737805880957379, 0.008381747230186578], [0.02980647008169268, 0.0179147238473057, 0.011593453870688506, 0.0089318842255024, 0.007415355897679951, 0.006556941700804602], [0.024169333754121603, 0.014505668592318824, 0.009393457347106853, 0.0074151640084811, 0.006316276624506073, 0.005593549060778169]]
