Ri:[50, 100, 150, 200]
Zi:[100, 200, 300, 400, 510]
FC:[[3.930827101318563, 3.9325391166502284, 3.9641952219701113, 3.9972243560010616, 4.01357612345712], [3.9700928298829847, 3.9847015496677116, 4.009349918571541, 4.0267249284471855, 4.048595323371954], [4.104753619242458, 4.116758252249955, 4.144727978229625, 4.164069145791345, 0.13817701193997337], [4.406588301294206, 4.437650982942592, 4.476411051281931, 4.506576480180678, 4.538285312691928]]
FCE:[[0.028920081745746565, 0.020028773650407034, 0.0163579764534311, 0.014234194836645392, 0.012577735491879679], [0.014829071070543097, 0.010042744246406029, 0.00813431744435202, 0.007010427590770709, 0.006180108251217101], [0.010308249211479038, 0.006970437413121857, 0.005626020835050274, 0.0048387278915853075, 55239.32170552213], [0.00880882033781722, 0.005963026149143417, 0.004816587421473465, 0.004150518632438332, 0.0036685080722957727]]
fps.ts:[1622892059.3674002, 1622895431.8802, 1622898804.3930001, 1622902176.9057999, 1622905549.4186, 1622908921.9314003, 1622912294.4442, 1622915666.9570003, 1622919039.4698, 1622922411.9826002, 1622925784.4954, 1622929157.0082002, 1622932529.5210001, 1622935902.0338001, 1622939274.5466003, 1622942647.0594, 1622946019.5722003, 1622949392.085, 1622952764.5978003, 1622956137.1106, 1622959509.6234002, 1622962882.1362004, 1622966254.6490002, 1622969627.1618004, 1622972999.6746001]
fps.e0:[10742.897201087118, 10740.4110219841, 10716.553700568971, 10714.205125274178, 10752.997433925711, 10715.61231017828, 10717.257358488003, 10725.2977993731, 10723.284291804972, 10717.383806485175, 10736.086101706693, 10729.55614004158, 10711.443680901502, 10717.8407132347, 10714.595003236813, 10719.444219462877, 10730.76528473835, 10733.761593780224, 10704.096829670558, 10715.816117555236, 10710.863532980857, 10736.187673207549, 10733.140596744552, 10719.450011432824, 10715.945688128058]
fps.e0u:[14.224640246997334, 14.229789895589024, 14.333920102293616, 14.500711608580321, 14.377000346110378, 14.367985570255794, 14.227425907092059, 14.354133271636877, 14.333287706037579, 14.447680543340743, 14.223459236979423, 14.339041167154358, 14.181535228427975, 14.309042627305208, 14.387995992808793, 14.438306876376771, 14.398154610549016, 14.280915762098543, 14.336414857570851, 14.343162995901098, 14.288103747158276, 14.275764106423756, 14.310051978826888, 14.480522537063397, 14.463335341899146]
fps.lt:[18844.730204145504, 18680.916203116627, 21811.820867933842, 20015.984828679826, 16648.691902311963, 20394.856771731353, 20619.251433846563, 20330.997856841877, 20569.08458429222, 20989.37481056299, 19500.443415940164, 20165.288042079417, 22176.547440867973, 21507.394371553815, 22038.537352177213, 19074.149505305082, 20254.982057589503, 19207.044363793357, 21989.60345816055, 22105.925071993137, 21629.350278398713, 18495.557104228497, 19658.302482063413, 19516.04354719576, 21625.585840833843]
fps.ltu:[1419.3843169597574, 1396.858555429623, 1910.22818971892, 1634.6156922652867, 1126.84642840479, 1675.0649760337192, 1706.157067127611, 1675.9777211274018, 1696.6944142205357, 1784.0885239326788, 1520.0124919234813, 1634.2165199418198, 1965.2424101231907, 1861.728473054899, 1960.6920413440728, 1472.1709400162129, 1650.930332361336, 1480.092112250198, 1953.0779123534703, 1961.4413317042965, 1880.782782890438, 1373.4886264300346, 1547.3467832903855, 1548.4294138063608, 1894.6903115290013]
fps.c2:[0.8794970393144308, 2.4932881100399027, 0.5730794779363177, 1.3796366018256814, 1.0063110538802138, 1.8763668295469844, 1.1397296013062828, 1.198957393463971, 2.075498251011945, 2.0254183534599113, 1.1072749601520295, 1.2911176571570406, 1.1703873936670166, 1.4466661717584979, 1.3249301875190203, 1.6990421912534126, 2.1757032841754014, 1.9290542360464675, 1.1139140695417635, 1.8927487410497923, 2.0640682568712267, 2.505773697284339, 1.0158289427461478, 1.921409002531741, 1.2191306382244633]
