Ri:[50, 100, 150, 200]
Zi:[100, 200, 300, 400, 510]
FC:[[4.066014653301291, 4.0097376962610625, 4.050785413666268, 4.066446979476627, 4.079231462789734], [4.039183305237536, 4.020365563179529, 4.063948880583098, 4.091597043868333, 4.122084662977168], [4.1667818586379, 4.173700218845667, 4.215711594435651, 4.237685795005295, 4.267997530858545], [4.770754560688562, 4.7954027582520995, 4.845005979505801, 4.881094923524102, 4.917266802257369]]
FCE:[[0.053949144840215194, 0.033710532847028046, 0.02764551204893913, 0.02392823219033503, 0.02094360534278481], [0.025581140814683066, 0.017058335177881342, 0.013868399889149816, 0.011956884149539848, 0.010549069712759167], [0.018091252373277432, 0.012136277042418124, 0.009820515665140458, 0.008307391310083628, 0.007346476509006272], [0.016770034166940482, 0.011328809313246662, 0.009167037239087836, 0.007914806399501302, 0.006958442154207827]]
fps.ts:[1610896776.84764, 1610900254.2529202, 1610903731.6582, 1610907209.06348, 1610910686.46876, 1610914163.8740401, 1610917641.27932, 1610921118.6845999, 1610924596.08988, 1610928073.49516, 1610931550.9004402, 1610935028.30572, 1610938505.711, 1610941983.11628, 1610945460.5215602, 1610948937.92684, 1610952415.3321202, 1610955892.7374, 1610959370.1426802, 1610962847.5479603, 1610966324.9532402, 1610969802.35852, 1610973279.7638001, 1610976757.1690803, 1610980234.5743601]
fps.e0:[10051.580048911048, 10055.251834921799, 10036.834180528953, 10091.717572135753, 10081.460716403943, 10050.694396547242, 10052.660647495695, 10062.710972732883, 10043.136501242403, 10088.028987944985, 10051.408777520397, 10055.61816137031, 10091.724736836637, 10069.276683023456, 10024.32134303985, 10061.942578873472, 10068.330327331312, 10077.38685695729, 10071.86268329973, 10015.642156712633, 10087.986335017087, 10085.276347532657, 10084.351686947752, 10086.518193513904, 10078.768363525294]
fps.e0u:[22.8280427166603, 23.130859905731327, 23.30475244263095, 23.120354511463244, 23.256174642169437, 23.07898787436438, 22.88237392155922, 23.28364240878246, 23.057553956049144, 22.828391270004474, 23.023619440129366, 23.162962775136602, 23.30095974693704, 23.016702794573742, 23.002135459587404, 22.961978217289797, 22.947771010744866, 22.991019242728036, 22.88088940134468, 23.193209940179614, 22.857226754872425, 22.931709950399636, 23.3111478582364, 22.893380458386318, 22.93138032236599]
fps.lt:[19232.699496583584, 17101.37040269091, 20105.62348777764, 15495.106166881887, 17051.343397124798, 17919.339958144028, 19552.482281628447, 18469.67763764099, 17655.98404565312, 15998.681780171122, 18418.93839313967, 17955.323300343025, 14313.458555063711, 16751.160297439295, 22358.956949070063, 18182.196429993113, 17571.452704825424, 16509.8300090755, 17088.533968530344, 21306.57552209682, 15281.11512645491, 16777.209265877224, 16143.40664595895, 15740.742973678862, 18106.46092021194]
fps.ltu:[2506.3726179784276, 2029.2919574595037, 2795.9591786927954, 1657.85548279012, 2007.3089498353684, 2206.1151593108725, 2617.92132776997, 2346.7866951247856, 2147.108191238732, 1734.6381302960779, 2335.388589398304, 2230.1566597434917, 1427.0802664035712, 1940.7811425469818, 3447.029490411314, 2268.9497450410245, 2117.015275871585, 1866.5141373978313, 2007.9994203347624, 3162.1834128407095, 1599.5886049338064, 1915.4801821022045, 1823.510625637848, 1690.355268807797, 2266.2570843327176]
fps.c2:[1.7623670439143995, 1.4423987533538871, 1.1636872867442332, 2.2720615491423812, 0.8995103873646143, 0.9385182271175496, 1.3155073137020399, 1.2646521740511303, 0.6607721925023958, 1.3455521620191158, 0.9282945140905162, 1.1563264955249624, 0.8332324793154877, 0.8697788499959185, 1.118025121679324, 0.6211397437372496, 0.7851259210638808, 1.2075878194419838, 2.047437555222437, 0.9381344518692915, 1.092576153244234, 2.7572703100339666, 1.19783865987658, 1.1562830895447278, 0.7084659682540306]
