Ri:[50, 100, 150, 200]
Zi:[100, 200, 300, 400, 510]
FC:[[4.013312262262766, 3.9912583881415555, 4.021163412145571, 4.0482739705531525, 4.057338503944505], [3.996340910723173, 4.011812103206441, 4.041425080110482, 4.066861786264553, 4.085897972168116], [4.123294948396951, 4.136811144236586, 4.171087778569882, 4.195125749257068, 4.225976014150584], [4.751312087270311, 4.792460770480175, 4.830576828045998, 4.854671502662978, 4.879546208933227]]
FCE:[[0.04631782772155577, 0.03058911052001797, 0.02457432112723778, 0.0211680326856263, 0.018695535666052535], [0.022380377168585295, 0.015329509943506223, 0.012321090681678776, 0.010662451947290317, 0.0094441065569929], [0.015701321769525697, 0.010660809478893286, 0.008587305324237638, 0.0074134004447561725, 0.00639924340719238], [0.014283235783955161, 0.009715490461634361, 0.007837122716934033, 0.006751839543866801, 0.005980190168188939]]
fps.ts:[1607683052.3313203, 1607686534.90596, 1607690017.4806004, 1607693500.0552402, 1607696982.6298802, 1607700465.2045202, 1607703947.77916, 1607707430.3538003, 1607710912.92844, 1607714395.5030804, 1607717878.0777202, 1607721360.6523604, 1607724843.2270002, 1607728325.80164, 1607731808.3762803, 1607735290.95092, 1607738773.5255604, 1607742256.1002002, 1607745738.6748405, 1607749221.2494802, 1607752703.8241203, 1607756186.3987603, 1607759668.9734, 1607763151.5480404, 1607766634.1226802]
fps.e0:[9995.582713108688, 10003.385456222804, 10032.315397308477, 9992.419251663552, 10023.091699022729, 9973.973101895617, 10009.242976970449, 9986.676371238462, 10014.237150490046, 9980.817987176977, 10014.677688778756, 9978.514337572382, 10015.922197727734, 10037.165636860573, 10027.86114648738, 9981.013134461522, 9954.01769814324, 10022.722869453646, 9996.488843010642, 10034.89986837168, 10003.202537663901, 9975.326204187055, 10004.593456473081, 9995.997730899067, 9992.945490828413]
fps.e0u:[19.795495192820848, 19.598061038406193, 19.832033174869967, 19.4918421451465, 19.927881966673613, 19.87649440834736, 19.523734995387116, 19.893811085913885, 19.59354360169115, 19.839312617482275, 19.916018112503572, 19.721151012083293, 19.670402099362835, 19.736973936978657, 19.63800023387118, 19.486320654205905, 20.038055989883958, 20.06084760183921, 19.773730433902283, 19.584117318690538, 19.924143374422485, 19.82824750886501, 19.98209301785048, 19.71033181197905, 20.135243326211967]
fps.lt:[17656.550084343242, 18539.768314817615, 15438.46681379476, 17486.50737565364, 14826.056486665551, 19482.61572410198, 18051.6684204657, 19043.097593374525, 16417.56840359491, 19362.52059296621, 16419.51265255106, 19416.0909866204, 15294.234534826066, 14850.659838235422, 14745.961823498525, 21110.899781971893, 23094.538147738775, 16240.126438445688, 16697.86559259337, 14485.875904947632, 18349.473561466584, 20109.757210695858, 17082.207196810457, 16830.379471345692, 18149.67486769892]
fps.ltu:[1867.630942218284, 2028.222313314329, 1422.1139715915117, 1814.8125700184248, 1323.9243664803382, 2271.146883260606, 1918.8149041502631, 2174.3475546025143, 1598.901095228555, 2250.790289013871, 1607.829677133428, 2236.698000971113, 1383.9622983476322, 1315.2030182306896, 1301.2896821852191, 2600.7925331440247, 3205.4559801942864, 1573.636943148987, 1669.4165537663237, 1241.2725822120026, 2025.8429859762127, 2425.304310748741, 1758.803570221813, 1691.4439141689197, 1997.712808598075]
fps.c2:[1.3126604817730438, 2.0596146584556823, 1.5988997607264537, 0.8878577366409155, 1.2653939588400596, 1.200295104946648, 1.3510192895957722, 0.780573363543621, 1.409280986387338, 0.9810474391601596, 1.2037400008865673, 1.2695179843641862, 0.5601568338795456, 1.8726653020195871, 1.0747718862461075, 2.776275715279484, 1.3155854819194972, 0.9992576620960988, 0.9824027737379245, 2.687311567568406, 0.5434568380431604, 0.9769421307195896, 1.1900540733925904, 0.9230663097622, 0.402099411261407]
