Ri:[100, 130, 160]
Zi:[50, 100, 200, 300, 400, 500]
fps.ts:[1517.4811400032042, 4552.443420009613, 7587.405700016021, 10622.36798002243, 13657.330260028837, 16692.292540035247, 19727.254820041657, 22762.217100048063, 25797.179380054473, 28832.14166006088, 31867.10394006729, 34902.0662200737, 37937.02850008011, 40971.99078008652, 44006.95306009292, 47041.91534009933, 50076.87762010574, 53111.83990011215, 56146.80218011855, 59181.76446012496, 62216.72674013137, 65251.68902013778, 68286.65130014419, 71321.6135801506, 74356.57586015701]
fps.e0:[10964.426374509587, 10894.795137398898, 10949.17205896388, 10934.8786114769, 10937.965155733526, 10926.452347625922, 10958.053795170299, 10917.968402879584, 10947.358171563272, 10923.270997947466, 10934.237839297994, 10925.619334627061, 10911.704505471347, 10935.255278382929, 10965.343656915877, 10959.046472022615, 10927.804318835004, 10932.01102572032, 10919.203017093374, 10912.13642215998, 10931.127009064681, 10946.635051307747, 10902.473216207778, 10902.633080575566, 10928.225595308902]
fps.e0u:[18.612339960448377, 18.42423679223668, 18.357291832229205, 18.08633995001981, 18.37158109699455, 18.966967347007596, 18.61657519945521, 18.488865830765654, 18.547528690192493, 18.60367410430704, 18.835111486300672, 19.32165538246096, 19.654258645909106, 20.199689406091135, 18.15953970746652, 19.988727510531408, 17.83966044214112, 19.36467192833794, 19.128243444205207, 19.236394128047234, 19.28689807673951, 19.495942623226192, 19.411613081765154, 18.562794831732496, 18.91767180627594]
fps.lt:[6535.692831632778, 7515.893194234283, 6748.944545669686, 6910.317468593043, 6805.092709483649, 6964.693051569291, 6677.102352697114, 7061.977119039034, 6874.384256530555, 7231.74009336542, 6928.377442549296, 6971.672832497577, 7146.807794421057, 7109.995792678096, 6408.62087072011, 6698.647628742828, 7004.0923505895225, 6959.045279549215, 7031.885132723473, 7236.838208345293, 6998.623109934074, 6737.286131772602, 7362.155546051572, 7160.114940089761, 7056.298751965623]
fps.ltu:[215.7158145257616, 280.9482375794658, 227.8883194958326, 234.83001813934237, 232.13443500883392, 249.90268826973173, 227.79742465641428, 252.04890004540417, 241.67970008111888, 264.9577370087964, 245.9890689646964, 254.1465973752217, 272.659537685748, 277.41356713011186, 202.39436822978274, 244.31941471148252, 240.4236570287237, 256.3153630474975, 260.44841664701573, 274.23965879414914, 257.14222279622754, 241.06627925029122, 287.47306112104127, 259.9508165103438, 257.57221167590507]
fps.c2:[1.899116118621417, 1.4511543532656401, 1.8743043052026385, 2.014396896281637, 1.9854666291431624, 1.608994330165783, 1.0800483774550202, 1.610387789159632, 2.155254459184192, 2.946123228739879, 1.581349468175824, 1.1490560516846942, 1.3096676084428966, 1.2740430995267005, 1.4175463378979687, 1.050694707319374, 1.7777103200633844, 2.017241653043486, 2.3381501404123224, 1.979707689045855, 1.3139778280094982, 1.7542649963871237, 0.3825531850802607, 1.6915978068118476, 1.9028853594421185]
FC:[[3.906295551238793, 3.8279446919774522, 3.889694865423335, 3.9080184212434963, 3.9599625764866375, 4.013116853505758], [3.91787777343541, 3.88798835526744, 3.93796493973429, 3.9668092214018915, 4.013093507468869, 4.067279611499311], [4.060759953694618, 4.0134539958539595, 4.0787135599390805, 4.114619930970297, 4.153671198609999, 4.200170948493156]]
FCE:[[0.04993172370376581, 0.026776298330585493, 0.017221604000658308, 0.01342027219867095, 0.01113301425292994, 0.00986958885623355], [0.039353473204097676, 0.0206448543276683, 0.013345914472696285, 0.01019117508935716, 0.008625420262582215, 0.00749756370645538], [0.03333835966885113, 0.017611571494741088, 0.01081572399521399, 0.008458095288873651, 0.007158844064945803, 0.006343585108466027]]
