Ri:[100, 130, 160]
Zi:[50, 100, 200, 300, 400, 500]
fps.ts:[2037.2280199956895, 6111.684059987068, 10186.140099978447, 14260.596139969826, 18335.052179961203, 22409.508219952586, 26483.96425994396, 30558.420299935344, 34632.87633992672, 38707.332379918094, 42781.788419909484, 46856.24445990086, 50930.700499892235, 55005.15653988361, 59079.612579875, 63154.068619866375, 67228.52465985775, 71302.98069984913, 75377.43673984052, 79451.89277983189, 83526.34881982327, 87600.80485981464, 91675.26089980603, 95749.7169397974, 99824.17297978878]
fps.e0:[10668.30923519343, 10733.625785542832, 10774.187738887715, 10819.877620829564, 10829.063553805408, 10839.32927148128, 10847.84101006379, 10857.225120032717, 10872.671980196787, 10891.215279711269, 10874.380527110487, 10891.720168024498, 10907.080097749349, 10897.459752793402, 10906.070468812619, 10902.826705001393, 10905.46391668105, 10923.426287749995, 10907.306400890293, 10913.042497474873, 10920.510775974813, 10918.874991120789, 10929.705219096137, 10926.697697589452, 10922.294154457135]
fps.e0u:[8.727518924367645, 8.804333594558612, 8.689790081126505, 8.823412856333917, 8.804164931009266, 8.834370178420704, 8.781738972511738, 8.826257697223383, 8.791799826546459, 8.827259005468681, 8.816242326987885, 8.814236307106667, 8.8540224289953, 8.90384986216161, 8.8363206968935, 8.852422696472452, 8.777251550227495, 8.836193081872873, 8.756041743823637, 8.758979098682603, 8.817921958589285, 8.764122307805762, 8.784337124747191, 8.721545061817451, 8.801358233619379]
fps.lt:[4361.350548657914, 4388.491199774194, 4426.146301820361, 4345.4739824648705, 4440.254929066599, 4496.621451994101, 4520.744492535183, 4543.572961065999, 4487.748258298792, 4451.526574168615, 4601.042239685915, 4510.305266382081, 4441.89089976045, 4538.248345313962, 4502.832760941631, 4557.3619316355735, 4597.364200671676, 4533.630674665463, 4588.320027074712, 4644.6003501781015, 4606.910396309523, 4592.366451226641, 4575.420534783157, 4607.099658503381, 4573.511427652994]
fps.ltu:[48.256397807634535, 49.39344563074228, 49.264548567389234, 48.082293283239906, 50.069427147647986, 51.42193825835709, 51.88159010353985, 52.2803977106206, 50.82990753669437, 50.125101913052475, 53.26570229526588, 51.383812603136754, 50.1885420546717, 52.493558198465415, 51.178424149669915, 52.53027846023639, 52.876631560665764, 51.67357401146957, 52.754148949667666, 54.0560462476268, 53.289604286770135, 52.57818822167183, 52.2244291407724, 52.74014558600581, 52.29607162238634]
fps.c2:[2.308708864971915, 2.7503752759814284, 3.437324481240192, 3.2170665270764403, 2.8401965758717607, 4.27866818531943, 4.398951364816272, 2.2704018834356408, 2.6320830224463276, 2.741027831586364, 2.200552797251984, 1.7821543698470264, 2.803351934069732, 1.4284826051101382, 1.5984058809153772, 1.4621012594617093, 2.502654251379073, 1.4235890489930811, 1.7001744971224886, 2.510809044401363, 2.5926763431868163, 1.8257420754636262, 1.1542454250436978, 2.2309121097162463, 1.2141018601768272]
FC:[[3.831701042759417, 3.9108025294675386, 3.9906644618498324, 4.078247826687306, 4.155549048570035, 4.227797941618947], [3.8930850885020805, 3.951270666087377, 4.030153016606145, 4.112765000811473, 4.199325822346128, 4.264291484731901], [3.986194056815322, 4.029302155586109, 4.105734384606348, 4.20004741412983, 4.278670348402322, 4.344920925353023]]
FCE:[[0.024019380662655947, 0.01212259382906935, 0.007599291754799091, 0.006197380593772187, 0.005456123411337403, 0.004875244187776308], [0.01888804492631289, 0.009411554463886326, 0.00589225413099857, 0.004802154639338444, 0.004157110718965468, 0.00379123793663511], [0.016086885731847356, 0.007902655823818053, 0.004911259002374577, 0.003933843966800578, 0.0034690300423819154, 0.0030958371508072896]]
