Ri:[100, 130, 160]
Zi:[50, 100, 200, 300, 400, 500]
fps.ts:[1839.716519999504, 5519.149559998512, 9198.58259999752, 12878.015639996527, 16557.448679995538, 20236.881719994544, 23916.314759993555, 27595.74779999256, 31275.180839991568, 34954.613879990575, 38634.04691998959, 42313.47995998859, 45992.9129999876, 49672.34603998661, 53351.779079985616, 57031.21211998463, 60710.64515998363, 64390.07819998264, 68069.51123998166, 71748.94427998066, 75428.37731997966, 79107.81035997867, 82787.24339997768, 86466.6764399767, 90146.1094799757]
fps.e0:[10798.976680360405, 10786.706980808529, 10797.822232445336, 10808.747567448592, 10799.710078868278, 10801.316679787531, 10793.813822909699, 10812.284280146985, 10818.317063141421, 10815.008617217956, 10812.703358422392, 10807.694205846507, 10822.135411857049, 10814.950995957968, 10807.898285156918, 10815.465804304435, 10819.051016630769, 10820.037638641308, 10810.076509418475, 10823.520050059144, 10825.028493413538, 10827.724505419912, 10833.32702312634, 10823.989309550643, 10828.381573918246]
fps.e0u:[6.587748948593478, 6.613428777369699, 6.579395056271224, 6.584177456065225, 6.562127913204269, 6.580953449696374, 6.582664213316373, 6.598143521284802, 6.5729683514049535, 6.618117919922055, 6.571292626673025, 6.582853607984127, 6.604073504684595, 6.59906619216141, 6.602047744061036, 6.598508227989672, 6.560751848453035, 6.601242299827042, 6.5587805794404765, 6.577018137262251, 6.537680840151679, 6.614561076789969, 6.602808436694254, 6.591351228041042, 6.613253645820779]
fps.lt:[7708.698530851904, 7958.643560751209, 7715.389282029522, 7663.675550410221, 7909.301276294645, 7836.556526937786, 7950.469344281073, 7780.854112117285, 7538.391790033533, 7683.955916576618, 7707.392543040924, 7832.120844019248, 7652.010834685889, 7681.807301523563, 7895.169503362878, 7779.139010009787, 7725.790203835809, 7685.980552113028, 7906.771606754562, 7745.618087567425, 7743.66656514098, 7682.789755674037, 7665.753828226097, 7750.706012006188, 7640.941478472073]
fps.ltu:[109.01799324022043, 116.42734897581408, 109.25499112637117, 107.54294834146242, 114.1375788386855, 112.41273160377057, 115.89835264951364, 111.22167309313835, 104.07797188108017, 108.45910520418694, 108.67581705649744, 112.30493492279821, 107.86160081456248, 108.46499812748006, 114.34614355722711, 111.1278961151023, 108.7881570785685, 108.44959670296585, 113.90604453582735, 109.60959612807675, 109.25465424597871, 108.59404870701921, 108.05046394113387, 110.19734775533338, 107.92638307000833]
fps.c2:[4.0200594133657805, 3.039828584380019, 2.6126974026937515, 1.6362788912437065, 1.9887442448865325, 4.019478494489929, 1.2001188320014256, 2.7919945403322695, 3.3619856888666524, 2.158951494541342, 2.466404828959703, 1.5260211713510594, 1.8123357948684533, 3.5307149575254986, 3.643926881598788, 2.7047776296267325, 1.7666071894163577, 1.6110083661324084, 2.1695515129364447, 4.102858180263861, 3.2583680231827636, 1.5897082033428798, 2.7730069841558977, 2.4232065062453723, 2.074934484913279]
FC:[[3.8392152281709757, 3.840662546486977, 3.8669097036467526, 3.9054293696236333, 3.938732722787089, 3.976749130320285], [3.864204138082732, 3.88191514270243, 3.91184960361136, 3.9524716252693417, 3.9945235589813524, 4.03428682867527], [3.996134783445446, 4.02125865068777, 4.053525307718506, 4.094377128956973, 4.134485880381334, 4.1744308998405355]]
FCE:[[0.01637981184435554, 0.009268552895519326, 0.005860134488468563, 0.004606249478044874, 0.003914988758731371, 0.0033962177046750067], [0.012721277339218696, 0.007182931723734221, 0.004564746771596555, 0.003591585117824423, 0.002991893207852803, 0.0026628401924317134], [0.01100103854744254, 0.006020954566367641, 0.003817133772079941, 0.0030003825604226707, 0.002560710877175501, 0.002283406712306865]]
