Ri:[100, 130, 160]
Zi:[50, 100, 200, 300, 400, 500]
fps.ts:[1718.495560002327, 5155.486680006981, 8592.477800011635, 12029.46892001629, 15466.460040020942, 18903.451160025597, 22340.44228003025, 25777.433400034904, 29214.42452003956, 32651.415640044215, 36088.40676004886, 39525.397880053526, 42962.389000058174, 46399.38012006283, 49836.371240067485, 53273.36236007213, 56710.353480076796, 60147.344600081444, 63584.3357200861, 67021.32684009075, 70458.31796009542, 73895.30908010007, 77332.30020010471, 80769.29132010936, 84206.28244011402]
fps.e0:[10897.699552279344, 10888.34640594115, 10906.492910139841, 10888.843177543487, 10878.069066092954, 10884.34659209434, 10885.801974368567, 10877.568418101642, 10882.211724544677, 10893.31300139737, 10879.812048203166, 10886.104862100265, 10892.016338504676, 10892.33775814587, 10871.081434433981, 10905.820486728348, 10901.593871323148, 10924.461932093509, 10885.017032204747, 10880.47119147441, 10907.850592221264, 10883.32797207688, 10880.913355384984, 10875.695687971813, 10865.967838056747]
fps.e0u:[11.22311188208358, 11.13581537316392, 11.061185579191145, 11.061131265875488, 11.12908177649674, 11.06810913061523, 11.04866023170665, 11.03206230316023, 11.010918578675627, 11.039354213162767, 11.11493870643353, 10.93120217740916, 11.159521027691767, 11.011415453771304, 10.943808312619604, 10.879303113793448, 10.797977608855575, 10.84919538132717, 10.92376723251187, 10.876646171636727, 10.805337780899583, 10.776529125085325, 10.778331595359793, 10.776057938006062, 10.90383230888421]
fps.lt:[6352.643488662481, 6422.223797317047, 6271.781990994248, 6394.052393179182, 6510.105200047706, 6487.505803331858, 6511.156399281269, 6474.001287811179, 6547.090649839733, 6385.130049834486, 6558.818380343435, 6393.893798844731, 6399.8575087169875, 6460.49715049439, 6615.541704743551, 6370.283307197366, 6266.270208087019, 6040.664211174322, 6391.2106719077565, 6519.140585742414, 6279.863716310918, 6644.155632548873, 6508.925246938922, 6539.116126853699, 6703.610432537993]
fps.ltu:[122.58266092102286, 125.08434012074385, 118.57918177450718, 123.10658677949714, 128.56459739025414, 126.68898176055181, 127.46907353172365, 126.14380074721707, 129.15176108628646, 122.88511348719523, 129.50220259737083, 122.22270356089435, 123.78392808516236, 124.12870213671167, 130.02101192829397, 119.61751352070478, 115.168403985613, 107.72609453088513, 121.31417872977475, 125.88649908212192, 115.06065789689852, 128.53422518496512, 122.95191862309571, 124.44720537425736, 132.14679276577203]
fps.c2:[3.776472315043163, 2.8275685162359134, 2.9081148494108264, 2.1081107894288573, 1.826745981727085, 2.109817089060585, 3.043799223657685, 1.1591980821079424, 1.6378313169974172, 3.3929006370884776, 3.3397386150297588, 1.5539228430040581, 1.6580285626474873, 2.2450620597087925, 2.3474484031299068, 0.7411425853446023, 3.3579489916193928, 2.111575373237717, 2.492074028888742, 1.9764789389448056, 2.6029370637761953, 2.194485702653382, 2.284613078595855, 5.046659179391294, 2.945107383348464]
FC:[[3.7659578879344533, 3.770014772658014, 3.827481351756614, 3.9462009160549094, 4.075627201747318, 4.226649930709262], [3.7943052437035094, 3.7975322446426447, 3.853862586642696, 3.9616693016393665, 4.084848902244468, 4.218309684274589], [3.859153882140641, 3.8703251012734605, 3.932317995638765, 4.028482892678386, 4.14019309978505, 4.266242459894635]]
FCE:[[0.029515558235786873, 0.015849756771897174, 0.009763311774229169, 0.007596627390003257, 0.006614760229927008, 0.00595538971991798], [0.023053669190105493, 0.012191109373454745, 0.007502242546003006, 0.0058146262937092, 0.005065513846564671, 0.004544334429733883], [0.01926318668705422, 0.010113666144801602, 0.006216795666883609, 0.004802417739939186, 0.004176532405439535, 0.003657633127930922]]
