Ri:[100, 130, 160]
Zi:[50, 100, 200, 300, 400, 500]
fps.ts:[1811.0375600004197, 5433.112680001259, 9055.187800002099, 12677.262920002937, 16299.338040003779, 19921.413160004617, 23543.488280005455, 27165.563400006296, 30787.638520007135, 34409.713640007976, 38031.788760008814, 41653.86388000965, 45275.93900001049, 48898.01412001133, 52520.089240012174, 56142.16436001301, 59764.23948001385, 63386.31460001469, 67008.38972001553, 70630.46484001637, 74252.53996001721, 77874.61508001805, 81496.69020001889, 85118.76532001972, 88740.84044002056]
fps.e0:[10913.698187932177, 10905.29761742995, 10917.557829935002, 10922.459584456004, 10908.778718369274, 10914.286256345618, 10898.387864305801, 10923.294795912592, 10902.70267589121, 10899.197089264408, 10913.548027913906, 10895.028880440075, 10909.435122762909, 10869.025252722822, 10891.649871275615, 10904.213960949064, 10920.921130964894, 10884.253443176483, 10926.482606675621, 10901.67042060832, 10887.367697806905, 10906.458024310079, 10903.479279966243, 10916.647248315816, 10898.20247631812]
fps.e0u:[13.411476490832582, 13.482902291015343, 13.433869567782592, 13.414073023095382, 13.705100957101973, 13.466977938942781, 13.644584745444881, 13.608995272669922, 13.506410425896055, 13.509333914340342, 13.528704584432717, 13.525655601574934, 13.667336476779525, 13.764132799440942, 13.552999381088366, 13.597270051297192, 13.631139594116215, 13.423310602269126, 13.432693339998236, 13.716507869998338, 13.668155451379958, 13.581373647661623, 13.510948329945744, 13.482447087033462, 13.69600956229913]
fps.lt:[11856.65401692409, 12354.881986724817, 11973.045803042016, 11641.732151095533, 11934.069973738631, 11854.801824046284, 12955.090052925263, 11540.35022919016, 12587.293849569338, 12646.819126210465, 12081.32767386256, 12728.607848113357, 11845.767938885698, 13776.864431144631, 12732.077658791422, 12723.743560687786, 11923.843700205729, 13886.211524425222, 11899.17067264359, 12105.978829749049, 12675.930777728026, 12762.602988584416, 12554.776599281036, 11911.808002101585, 12830.07792529649]
fps.ltu:[522.3060420403485, 565.0694064519328, 534.070107701017, 503.2847459109492, 539.1596112205991, 523.8703670927697, 631.5994971064218, 500.63888414955, 592.188568176259, 595.5547539490503, 544.579655890635, 602.2897508209884, 532.9164289965888, 720.8852626481353, 607.7641274254769, 607.1692687764137, 538.2919112779215, 713.1931822950999, 521.5433175217207, 552.8758098054547, 609.438084815489, 607.5974398126891, 589.1975169095945, 531.8035995211886, 619.2394348139155]
fps.c2:[1.4378450104823106, 2.365738207050165, 0.9256662598297841, 2.6633761749082328, 1.6949371883310174, 1.4970577132784035, 1.0296767589731446, 1.0181446064927004, 1.210265503143775, 2.3528261869157427, 2.2465884572119625, 1.5771673879996408, 1.576750967128908, 0.6547339897546472, 2.029435713099021, 1.2707995414535473, 1.4774934594113316, 2.324605770092886, 0.7472991499440425, 1.2380640088404569, 1.9697634684575704, 1.4461875200272998, 0.9358797479702142, 1.8209061125208024, 1.409120195638864]
FC:[[3.848651163844854, 3.890223098091389, 3.89007666388122, 3.9056184825792557, 3.9283521815259137, 3.961493615314105], [3.8861607233273614, 3.9155708460842487, 3.9298675293947904, 3.9533372753071916, 3.980177316043844, 4.012610244763571], [4.0067706999917965, 4.029412703127063, 4.059391539042749, 4.089811363571757, 4.1156119909367685, 4.1468565030788325]]
FCE:[[0.02950182059167863, 0.01861374658179017, 0.012360781663435301, 0.009736105168127916, 0.008280563711137584, 0.007332644239164296], [0.023214352352136387, 0.01450738425698405, 0.009577935832896144, 0.007557954927013883, 0.006448456054472832, 0.005573673663710843], [0.019837579121570827, 0.012026844627336821, 0.007957103463865082, 0.006302413764266238, 0.005377445780250235, 0.004659214587871594]]
