Ri:[50, 100, 150, 200]
Zi:[100, 200, 300, 400, 510]
FC:[[4.024642304546497, 4.048371984369691, 4.008210741518115, 4.019338005793576, 4.051200151084208], [4.004365767851687, 4.034987040676677, 4.045468301704893, 4.0651637995823915, 4.091766832396609], [4.136859061938599, 4.151884777446994, 4.173740110043612, 4.201406614995343, 4.223886977433174], [4.783273872655013, 4.803692197116357, 4.834078697797039, 4.859057071812828, 4.87649539070426]]
FCE:[[0.04806538833645795, 0.03310040403160156, 0.026418078119926088, 0.02286141857494145, 0.020107172705094028], [0.023653126888835946, 0.016265705979726822, 0.013135629875803204, 0.011364899209524482, 0.010041315474203892], [0.01676352584069449, 0.011010656508672634, 0.008867898535547725, 0.007676570749829687, 0.006776143847628416], [0.015088998833081527, 0.0102130492303996, 0.008247642545542017, 0.007108052108307289, 0.006278712373973985]]
fps.ts:[1619296757.60816, 1619300233.2944803, 1619303708.9808002, 1619307184.66712, 1619310660.3534403, 1619314136.03976, 1619317611.7260802, 1619321087.4124002, 1619324563.09872, 1619328038.7850404, 1619331514.4713602, 1619334990.15768, 1619338465.8440003, 1619341941.5303202, 1619345417.2166402, 1619348892.9029603, 1619352368.5892801, 1619355844.2756004, 1619359319.9619203, 1619362795.64824, 1619366271.3345604, 1619369747.0208802, 1619373222.7072003, 1619376698.3935204, 1619380174.0798402]
fps.e0:[10732.648281892096, 10752.701747869236, 10724.114261735793, 10740.108557605232, 10744.679507316345, 10676.7473876684, 10729.597073685152, 10701.012921789676, 10742.871537240058, 10711.930294035545, 10719.204896674353, 10723.686911695337, 10737.522169308508, 10748.808271393951, 10754.471570433621, 10771.49706535456, 10709.561343218806, 10739.301397404462, 10731.229036317915, 10713.82617864094, 10731.314818724313, 10705.412142675123, 10703.599015114853, 10688.365341974433, 10717.42828114105]
fps.e0u:[22.402923854967273, 22.192668513244925, 22.379501395452237, 22.27503601830545, 22.1118814087966, 22.300213791569576, 22.142622843149223, 22.019225671872512, 22.46710051130245, 22.274740596927114, 22.275062535086896, 22.386924550103593, 22.20500991245959, 22.05150588571461, 22.063478615241046, 22.178138200010245, 22.179391548808972, 22.16326551162005, 22.27970378955186, 22.192790818901436, 22.087165294482947, 22.36161042030282, 22.429931869590657, 21.789691464965056, 22.644377959311477]
fps.lt:[18726.19573992962, 17946.459001415216, 20749.96630663022, 19550.5081301642, 18896.09872370532, 26746.378066544956, 18035.393120868524, 24142.798657414423, 17623.112872425903, 20948.11952549367, 19728.302729110033, 19921.08109601578, 18507.520015568432, 16653.508302408376, 17305.007277294168, 17770.614304936844, 22204.601977456226, 18353.448859981025, 20262.48657417851, 22481.77937647383, 21110.250661900674, 20861.81319301812, 23612.690193913764, 25513.80194051273, 22130.024347683073]
fps.ltu:[2195.58648180372, 2003.4412445514731, 2721.5323092899816, 2389.3874379980944, 2210.6805989473737, 4492.928496613766, 2033.6725307199592, 3602.8803450603596, 1967.3108769486118, 2726.2924625373685, 2436.7999206361037, 2502.50197173615, 2140.63007797875, 1735.4910006488558, 1869.825978322425, 1963.8489443453534, 3074.5853139901697, 2118.3836668107824, 2572.1174926090093, 3160.5130324915763, 2769.574527743548, 2715.803099846621, 3506.530417013951, 4005.127730838071, 3113.76225126839]
fps.c2:[2.3007985668553137, 1.9166523653186696, 0.5887959648839778, 1.3320167553316087, 0.8831103591686682, 0.44481381351724686, 1.091699832401865, 1.485315511521048, 1.3815313449897009, 1.8731260024566958, 1.609695310544788, 1.514186362233065, 0.5995780798755085, 1.2137054620457486, 1.4616907967027228, 1.1454994560944423, 0.6480178843569461, 2.119134413136029, 1.0259034207849338, 1.4149850981316943, 1.924142582287118, 1.2912167399330694, 1.1464338831652865, 1.1223077319384869, 1.3277476400716286]
