Ri:[100, 130, 160]
Zi:[50, 100, 200, 300, 400, 500]
fps.ts:[1353.4171000003814, 4060.251300001144, 6767.085500001907, 9473.919700002669, 12180.753900003434, 14887.588100004195, 17594.42230000496, 20301.256500005722, 23008.090700006484, 25714.924900007245, 28421.75910000801, 31128.59330000877, 33835.42750000954, 36542.2617000103, 39249.09590001106, 41955.93010001183, 44662.76430001258, 47369.59850001335, 50076.43270001411, 52783.266900014874, 55490.10110001564, 58196.9353000164, 60903.769500017166, 63610.60370001792, 66317.43790001869]
fps.e0:[10848.575368508033, 10847.257097920292, 10858.226061218826, 10871.477283805047, 10879.044398552493, 10849.960235111672, 10860.443218745173, 10846.373487234632, 10853.712332552419, 10862.533323153762, 10845.320929217292, 10860.011677830447, 10865.739766228508, 10860.565949597249, 10859.146785405257, 10864.02774248565, 10855.63613169769, 10840.653034429928, 10872.370333751147, 10876.380894867845, 10852.429564770837, 10860.981229731218, 10854.009110952387, 10862.41895040781, 10835.230738033995]
fps.e0u:[11.411634138348104, 11.34351241925198, 11.238879783225748, 11.292536591346726, 11.369090795353909, 11.373738398783772, 11.36462380863296, 11.35579246792722, 11.333463028969039, 11.328246143322326, 11.367339195148165, 11.340910684374695, 11.323252881900963, 11.281293717055625, 11.268465104535368, 11.39009525147654, 11.38598298126589, 11.250760636997411, 11.212904995302159, 11.243726945238343, 11.286601546067367, 11.341575613937133, 11.35773142525561, 11.280615451438319, 11.762278872783929]
fps.lt:[5974.133966084658, 6079.438101485958, 5882.212139931944, 5778.037117843085, 5654.4293473729795, 6010.182500273785, 5890.598864273124, 6021.288465860436, 6074.546423337061, 5863.322031209217, 5989.778016351186, 5917.719920005307, 5847.3849085292495, 5965.181044060189, 5981.817194268068, 5863.202551465972, 6028.819607913612, 6273.530589169785, 5881.517703186138, 5861.255838963882, 6064.878185999959, 5926.082822779285, 5992.37751421301, 5878.059802028933, 6115.633253470058]
fps.ltu:[111.50246918724562, 114.83724607005786, 106.54537929641975, 103.62116927885222, 100.02474581088364, 113.17203255538385, 107.84606652465058, 113.66726613167268, 115.2061632707656, 107.02308183787864, 111.87343204613404, 108.67435873649647, 105.86198330472871, 109.91956587838493, 110.44455807313611, 107.24372407009824, 113.59998539485379, 121.48170972018413, 106.18791453760434, 106.27120836578459, 114.34543895631022, 109.62305408144283, 112.3289723754442, 107.61055827205533, 120.0716784121887]
fps.c2:[2.0772394363924698, 3.0115417937526154, 2.335723788678446, 1.392024652613963, 2.6260374485706994, 1.9073725326979127, 3.96840516779693, 4.023134814205315, 1.359930132812443, 2.367988444298564, 2.15315983552902, 1.5008281098311942, 2.4244704682000857, 4.584986944872515, 3.1239711360185534, 1.9775533729445163, 2.6801574048084285, 1.172318877583914, 2.8581827652302843, 1.373268811767216, 1.7390528186491163, 1.8456065267307342, 3.3427909064693972, 4.216184162277285, 1.9728856696762611]
FC:[[3.8182664001724906, 3.8267937161781624, 3.855077718492539, 3.90210695742866, 3.9535625591628065, 4.006731382270943], [3.8600890240934915, 3.865112036989905, 3.9040403162101107, 3.9471673283124735, 4.0018379714811845, 4.059285732142504], [3.9774069971162063, 4.000044920272732, 4.04780852424899, 4.096823310104473, 4.155542460366635, 4.21452896034309]]
FCE:[[0.030896354018721664, 0.01638082223984101, 0.010057575999573118, 0.00780781308206401, 0.006604139217716941, 0.005699478548708306], [0.02395989246156843, 0.012647424854555661, 0.007760092333995793, 0.006035074217542573, 0.004997252002279961, 0.004437840244852397], [0.020691370277927196, 0.010561368961293874, 0.006436936630760987, 0.005023503362485546, 0.004180278479257231, 0.003717437180419772]]
