Ri:[100, 130, 160]
Zi:[50, 100, 200, 300, 400, 500]
fps.ts:[1714.0296000003814, 5142.088800001144, 8570.148000001907, 11998.20720000267, 15426.266400003433, 18854.325600004195, 22282.384800004955, 25710.444000005722, 29138.503200006482, 32566.56240000725, 35994.62160000801, 39422.68080000877, 42850.74000000954, 46278.7992000103, 49706.85840001106, 53134.917600011824, 56562.976800012584, 59991.03600001335, 63419.09520001411, 66847.15440001487, 70275.21360001565, 73703.27280001639, 77131.33200001717, 80559.39120001791, 83987.45040001869]
fps.e0:[10884.689801287508, 10896.37274262768, 10865.54651562859, 10878.154473917602, 10872.165591540566, 10840.682603291922, 10870.570303389208, 10848.549756718598, 10838.66621308042, 10845.882318550788, 10822.975248191882, 10822.568119660553, 10841.372894788781, 10852.123294900663, 10839.36084899899, 10836.510638570531, 10833.920336933483, 10842.801728649341, 10830.990247315698, 10842.995063800445, 10850.735617987835, 10840.756381810703, 10854.017309396664, 10848.697081607375, 10870.960556604095]
fps.e0u:[10.766577299403593, 10.814873554434914, 10.73284303793793, 10.798887364704079, 10.934327021082447, 10.928537673365438, 11.049823889867485, 11.213135630707683, 11.024255337684943, 11.238963900696687, 11.392306597049394, 11.519903387754226, 11.360992236984288, 11.494070986943113, 11.399779872615456, 11.41992760434265, 11.408062081392892, 11.410766066144612, 11.746682354716738, 11.495957541162413, 11.245431143374626, 11.593495583061339, 11.605026485406345, 11.27823141673, 11.644630004252571]
fps.lt:[6272.942276035314, 6269.114105155332, 6481.762800603442, 6351.89554421531, 6242.188239070733, 6658.779224692393, 6306.865377544979, 6424.1211188200095, 6633.32976925531, 6582.366379651144, 6896.994144797423, 6887.929758055153, 6665.415924217992, 6565.737353565196, 6716.504029978918, 6565.704331452931, 6765.935065854964, 6697.700455862757, 6658.935862690155, 6571.879593222454, 6485.082432567645, 6630.7843376824585, 6419.983187318486, 6466.322602312564, 6236.02522856201]
fps.ltu:[114.89653578379738, 115.55467141344481, 122.10838245339546, 117.64282021582727, 115.56660126752708, 132.05672213921966, 119.651726834135, 124.92379783903753, 132.9682325067873, 133.33230892503056, 148.33402749148235, 149.53762200137828, 138.5164205225095, 136.6668141053479, 141.21571203968287, 135.2495649395628, 143.5743428458261, 140.98676672088007, 142.5922546622751, 136.10464908839728, 130.78989579578072, 139.5824586404802, 130.2572365093171, 129.18602330044698, 123.53820231558355]
fps.c2:[1.5650625384859624, 2.9941887054131744, 3.368210936953441, 2.5985878299308913, 1.6004754349247376, 2.76273484680221, 2.88420121496863, 1.4122503636480361, 3.021825151752275, 3.0963742409332746, 1.6124518581898974, 1.8707618652635216, 1.7500464726323643, 2.7222992811288638, 2.0014706041123898, 2.5209886332692353, 1.8672686091011022, 2.2589272836626133, 3.705569999153585, 2.637110930387474, 2.713268215127111, 2.061851824505266, 1.3473282250609975, 1.735347514631489, 2.047920689721102]
FC:[[3.854012454067224, 3.8624371989894963, 3.8846110797458526, 3.9418709098385443, 3.9987536606539256, 4.054042770691853], [3.891121899747681, 3.9120005476484927, 3.9378998139733143, 3.9889832511236727, 4.043288942193618, 4.1057141397695345], [4.002387796352948, 4.014130717167021, 4.055237133438624, 4.108001843269701, 4.172315967856456, 4.234737552164127]]
FCE:[[0.03118251044472616, 0.016669588334476675, 0.010305654901027465, 0.007826236349704115, 0.0066322683624201436, 0.005869480453218498], [0.024341026584597573, 0.012714087135561759, 0.007791087115921861, 0.006063983106191731, 0.005151190173222167, 0.004585298130346478], [0.02029619756639164, 0.010689548936762324, 0.006547101770130922, 0.005110032846976856, 0.004269743927719783, 0.003805563064063811]]
