Ri:[100, 130, 160]
Zi:[50, 100, 200, 300, 400, 500]
fps.ts:[1554.8503599977494, 4664.551079993248, 7774.251799988747, 10883.952519984246, 13993.653239979743, 17103.353959975244, 20213.054679970744, 23322.75539996624, 26432.45611996174, 29542.156839957235, 32651.85755995274, 35761.558279948236, 38871.25899994373, 41980.95971993923, 45090.660439934734, 48200.36115993023, 51310.06187992573, 54419.762599921225, 57529.46331991673, 60639.164039912226, 63748.86475990772, 66858.56547990322, 69968.26619989873, 73077.96691989421, 76187.66763988973]
fps.e0:[10680.385289250913, 10683.237507941947, 10660.564607529688, 10690.001469192744, 10658.981227287746, 10665.330933154837, 10700.253289129241, 10681.139754463342, 10700.30039373104, 10699.088622702104, 10700.259102634958, 10695.970367532089, 10700.346387100319, 10686.38121060815, 10711.362744581163, 10688.404092865761, 10709.00098370216, 10718.794339802533, 10714.81330839732, 10713.213463519915, 10706.441289323177, 10726.681188575161, 10719.035736527754, 10733.283927347815, 10707.677650159634]
fps.e0u:[11.281782226955745, 11.35543905751176, 11.291322022442648, 11.417592633635676, 11.410648784849048, 11.424147560529692, 11.310843251609258, 11.478441894422629, 11.480599000200574, 11.481055842655502, 11.598263740511387, 11.548654483515508, 11.41204532696922, 11.469193072674425, 11.569833295311929, 11.347232266063678, 11.350770124638494, 11.448182586212251, 11.472551414725183, 11.385788869153723, 11.339300907549191, 11.231671474712432, 11.365040892426117, 11.349778320215995, 11.350533895717366]
fps.lt:[5330.1464386733915, 5327.025898578535, 5515.799511410465, 5261.737945448645, 5413.7767336285515, 5449.893170951412, 5194.730166164318, 5189.553636627219, 5231.485634942882, 5153.570471473392, 5166.466215512794, 5151.6254936634095, 5211.782866545976, 5216.61381921796, 5040.202977503354, 5308.815152507138, 5173.441503507091, 5062.522741422047, 5082.105434558799, 5085.118629708816, 5142.812570160803, 5079.419077399791, 5027.785946347771, 5000.509145846832, 5205.777739106895]
fps.ltu:[87.77039142144831, 87.82684178211261, 93.5376777584827, 86.33034875339747, 91.61312045107343, 92.27830699036384, 83.40807586602863, 84.37765033809586, 85.2859038276798, 83.1509361448741, 84.49324128811767, 83.75678887091681, 84.31793246479361, 84.80035966102001, 79.84739973465169, 87.17933389902467, 82.69738573377589, 79.84453233737747, 80.87430085863849, 80.3117832262738, 82.0219453045324, 79.22771851367301, 78.45123585650283, 77.39946793735099, 84.0167719379785]
fps.c2:[2.1928350443009914, 2.7534363413548424, 2.868864047509015, 2.7263568983219915, 1.206747169774699, 1.2734430515253257, 1.029901272608859, 1.362672650965321, 1.4177044053479018, 2.712488174432101, 1.9409988151213198, 2.316496210751907, 1.1667534754219362, 0.418773748464057, 2.645194444413622, 1.99554511603791, 1.6572116094912888, 2.6579500286020443, 1.2894861006536869, 2.5372628267187314, 0.6721514424905949, 2.8598837714837524, 1.5377766395364245, 1.435519408444269, 0.6794364542192588]
FC:[[3.7618973974170866, 3.817532009537578, 3.848774035929908, 3.9009708935735814, 3.9543036264440192, 4.017973940412881], [3.8250616941995967, 3.843246623842306, 3.889489343566146, 3.9487037233561, 4.005873457855279, 4.073845543142175], [3.9797589619729057, 3.970947385597078, 4.014368803048686, 4.073587949946794, 4.135370131792772, 4.200030380593842]]
FCE:[[0.0338834749936277, 0.01686440438529099, 0.01012960688608529, 0.007871951702556527, 0.006632876809129081, 0.005845857252967948], [0.02740248602367899, 0.013091759782131321, 0.007860845711431754, 0.006119425743662053, 0.005165377901438297, 0.004442620709389114], [0.02283245298457205, 0.011211516225311427, 0.006664880107317124, 0.005042159221618692, 0.004259261860966143, 0.0037626325142428633]]
