Ri:[50, 100, 150, 200]
Zi:[100, 200, 300, 400, 510]
FC:[[4.0451047779158325, 4.045270925068669, 4.026300375043886, 4.05045218026429, 4.096464993381349], [4.007703387364853, 4.04758208420357, 4.048266857622289, 4.06939755094528, 4.101191306147387], [4.129555382150723, 4.163410566858977, 4.184994647041446, 4.214109828182126, 4.2451971890973255], [4.711652792709615, 4.776840343920426, 4.814792026576461, 4.860764175395618, 4.892526622675638]]
FCE:[[0.05585048338145183, 0.03731939541050249, 0.029916496236370032, 0.0258519770566898, 0.023027204902038353], [0.025357123892072495, 0.01736221274667377, 0.013976610430709928, 0.011980692128544674, 0.01056904067326864], [0.017996677801183036, 0.012265372349805027, 0.009783937387292148, 0.008430870980790635, 0.007446425479091016], [0.016767310561327218, 0.011465724879541764, 0.009267986048526322, 0.007971347459088637, 0.007055169312902043]]
fps.ts:[1607450052.8555999, 1607452478.8628001, 1607454904.87, 1607457330.8772001, 1607459756.8844, 1607462182.8916001, 1607464608.8988, 1607467034.9060001, 1607469460.9132, 1607471886.9204001, 1607474312.9276, 1607476738.9348001, 1607479164.9420002, 1607481590.9492002, 1607484016.9564004, 1607486442.9636002, 1607488868.9708004, 1607491294.9780002, 1607493720.9852004, 1607496146.9924002, 1607498572.9996004, 1607500999.0068002, 1607503425.0140004, 1607505851.0212002, 1607508277.0284004]
fps.e0:[10058.491319358645, 10029.640048330106, 10019.248449224362, 10018.152256723786, 9995.922258000444, 10056.70103933301, 10042.966137227326, 10037.01467081254, 10040.66862466014, 10034.793823998209, 10043.673738580033, 10009.441782640333, 10032.287381293592, 10034.595828670244, 10055.06482134237, 10031.369189099105, 10046.461289491584, 10021.80559259859, 10057.396322686209, 10036.82081218625, 10067.562595852069, 10005.214902048205, 10013.679387534503, 10029.003043352388, 10006.966390007741]
fps.e0u:[23.92823952702953, 23.471272587271194, 23.80792657430116, 23.67495065270786, 24.015441117779574, 23.50243697646698, 23.81364179741721, 23.73110206472292, 23.74784064698496, 23.91908119804666, 23.528314635373516, 23.74767299421502, 24.004865127529293, 23.84160015185419, 23.19571251574507, 23.427539841783794, 23.624535336230757, 23.72810197412957, 23.356703264674206, 24.085584685264063, 23.6869468005761, 23.681288445191317, 24.081784785390976, 23.382520833235866, 23.616300828558515]
fps.lt:[14676.546175731297, 17699.883519557156, 17353.62808010555, 17066.8956830775, 20034.008829021852, 13829.813195080991, 14615.597543594326, 16246.20783989679, 17122.7252540201, 16633.629626599606, 15343.72616594469, 17486.215913682703, 17112.932627171962, 16666.55009390992, 15547.30660486389, 17794.381652588305, 14912.908149913039, 18795.642964987164, 14933.88092838341, 16087.816920922558, 14616.220935520216, 18839.91887867115, 20395.31671082457, 16434.825833996445, 19357.138400927153]
fps.ltu:[1540.4139151906118, 2207.939728804984, 2140.004870554801, 2089.2622175038246, 2897.1179395862505, 1347.8440888086934, 1531.1786439155098, 1874.0534152893226, 2068.0003732590217, 1988.86336380997, 1677.7761284357357, 2190.979066504759, 2091.7327725166388, 1973.3397454825074, 1689.0272265475494, 2241.43446406572, 1574.8974576928188, 2504.0316548707897, 1559.2439749860096, 1857.1096845177192, 1529.7893149645324, 2528.428155964311, 2954.3813217811457, 1890.2311870724895, 2657.0343228993356]
fps.c2:[1.2552106667736393, 1.7357669568185263, 1.253269574461923, 0.8468608157494911, 1.6763724684966248, 2.100064662349359, 1.0493764518340554, 1.3367298805550993, 1.7185644000219809, 0.852078953232128, 2.603224924704336, 1.130291665450579, 1.117924900682815, 0.42974721841770014, 1.668516072916712, 1.3135103591884312, 1.0404961723943233, 0.9052319266246361, 0.8136290203474685, 1.2139810601794392, 1.6295753027311881, 1.045439863817172, 0.834392485235797, 1.7600080213522475, 1.3314870025684962]
