Ri:[100, 130, 160]
Zi:[50, 100, 200, 300, 400, 500]
fps.ts:[1480.275640001297, 4440.826920003891, 7401.378200006486, 10361.92948000908, 13322.480760011673, 16283.032040014266, 19243.583320016864, 22204.134600019454, 25164.68588002205, 28125.23716002464, 31085.788440027238, 34046.339720029835, 37006.891000032425, 39967.442280035015, 42927.99356003761, 45888.54484004021, 48849.0961200428, 51809.647400045396, 54770.19868004799, 57730.74996005058, 60691.30124005317, 63651.85252005577, 66612.40380005835, 69572.95508006096, 72533.50636006356]
fps.e0:[9668.255728496091, 9734.076762059913, 9801.181199356215, 9901.606708188503, 9922.253043239112, 10008.902940055716, 10052.549780055342, 10082.351911181986, 10112.103678693913, 10126.442187994147, 10185.413794332926, 10193.65941098211, 10240.049164771688, 10245.895462849656, 10255.90993463815, 10328.768235652418, 10315.383071675747, 10356.48632189635, 10375.444866248892, 10401.300094003831, 10395.74608666554, 10434.270475106305, 10427.90323982688, 10429.01836872534, 10470.313598927329]
fps.e0u:[17.54710816954538, 17.27522075116383, 17.190173458506944, 17.128061391342367, 17.2245025733005, 17.46386481844832, 16.952181168790222, 17.76413961417411, 17.2073598121878, 17.593674179513545, 17.572710805230194, 17.45354317074817, 17.360633260282395, 17.72863456561591, 17.330937185091532, 17.563351974698822, 17.774495455537224, 17.583665885924898, 17.580169002972408, 17.91279736391801, 17.54459551024554, 17.636635427103926, 17.792630911604228, 17.575915793044967, 17.35218311884392]
fps.lt:[10494.22638086134, 10443.722390787036, 10002.279647766629, 9514.594149666405, 10504.364068222305, 9557.03661353219, 9280.711119063342, 10019.375902966385, 9687.255260348013, 10031.93527980095, 9520.924990337642, 10237.321592415175, 9832.26000431817, 10273.043735917121, 10809.427028855398, 9596.378843174167, 9890.694985585413, 9473.14745275611, 9873.117062249077, 9267.366868634672, 10072.191462738543, 9243.930632821464, 9890.580243869808, 10090.910600946912, 9289.28821942857]
fps.ltu:[584.4652755011881, 565.7787044773575, 518.5141596090486, 462.6063732515001, 566.0482364382651, 471.28559544914737, 434.9224294450893, 522.7820509367931, 478.47188478629175, 520.6082373984314, 462.9644062855735, 536.2108111486207, 488.31289302698684, 540.967235302443, 594.0463531419849, 470.52683989655253, 501.1746511172308, 457.7051663698181, 496.1955768535988, 442.5903810745991, 511.51939534470876, 434.58194195601106, 502.07721485789705, 516.2785507926724, 435.3635809530575]
fps.c2:[1.4099176845058, 1.2732549624125216, 0.5181787578431739, 0.5713982877562573, 1.9983304589002857, 0.45742055018270517, 0.8833170780166549, 0.8255702802426056, 1.728679796929089, 0.960008224922609, 0.7359183915813793, 0.9664906985180214, 1.8057053143134885, 0.8839433914542845, 1.3707332182200942, 1.0786943070111419, 1.2279577056777025, 1.3233820377273906, 1.1202752330428525, 0.8251126857081241, 0.8132663376592529, 1.7397391940362072, 1.0832960763478716, 1.4961631500479105, 0.9346297669659621]
FC:[[6.203078365709451, 6.200259878357633, 6.214628720666751, 6.223344647889832, 6.290689369975944, 6.36998460659637], [6.229364391189037, 6.2367090136882934, 6.308208971376018, 6.331155892238021, 6.389888226762727, 6.444780033833077], [6.407503238990421, 6.42128708303283, 6.450364626174705, 6.480594111940419, 6.50213217920542, 6.567141247703656]]
FCE:[[0.06949180197313537, 0.040191589199987186, 0.02554520570099738, 0.019572603456673762, 0.016495557615309454, 0.014672211443532408], [0.05333896228750901, 0.03104783750946382, 0.019909685169913798, 0.01541466679803974, 0.013010482583524342, 0.011475291587546729], [0.045618836304566264, 0.02632074854768911, 0.01679787776023601, 0.013056544369432268, 0.010687002806090641, 0.009485579636683287]]
