Ri:[100, 130, 160]
Zi:[50, 100, 200, 300, 400, 500]
fps.ts:[1730.1027999973296, 5190.308399991989, 8650.513999986648, 12110.719599981308, 15570.925199975965, 19031.130799970626, 22491.336399965287, 25951.541999959943, 29411.747599954604, 32871.95319994926, 36332.15879994392, 39792.36439993858, 43252.56999993324, 46712.7755999279, 50172.98119992256, 53633.18679991722, 57093.39239991188, 60553.59799990654, 64013.80359990119, 67474.00919989585, 70934.21479989051, 74394.42039988517, 77854.62599987983, 81314.8315998745, 84775.03719986916]
fps.e0:[10762.15871033062, 10774.376010924494, 10789.163716979492, 10766.402152641096, 10792.531467073408, 10788.457744673804, 10768.265030846533, 10787.166720538957, 10777.323169910653, 10781.848477788555, 10777.53286208004, 10810.603573282016, 10791.420719936103, 10778.44510203057, 10776.327227464837, 10795.770466879929, 10790.993789749262, 10799.172626315407, 10787.976132178042, 10779.215312537559, 10802.162336652793, 10796.549407370827, 10787.0626735766, 10829.962249847993, 10791.02499792325]
fps.e0u:[13.259684140271222, 13.271607308119808, 13.300973414366387, 13.516984183054248, 13.33050389571966, 13.276345617355787, 13.34064350075024, 13.554803765078656, 13.429601485501003, 13.334782989545108, 13.591013918211116, 13.176939771798152, 13.599434447099451, 13.387673539818783, 13.32310377410491, 13.38830364516745, 13.366875746378549, 13.467766626882804, 13.389132185729876, 13.553339031304088, 13.570716274991687, 13.370452922664233, 13.483821200029144, 13.413404615098164, 13.399591021171481]
fps.lt:[11555.359646093968, 11354.745330727228, 10875.724335396768, 11797.23790684597, 10900.905177639983, 11303.894703485601, 11672.917878777667, 11275.975244790827, 11398.071583951558, 11561.577454426006, 11292.391490841415, 10601.486543122786, 11195.74885349261, 11558.586145187837, 11838.338092014403, 10945.263798783857, 10722.834136085858, 10682.671326001677, 11184.730738593862, 11450.95630853976, 10807.588057787394, 11422.337890182831, 11276.297117041511, 10230.43307384073, 11418.887079515789]
fps.ltu:[494.1033541785405, 477.13574003324635, 438.54578632409226, 519.5792434640266, 441.8378299171576, 474.09694177580815, 504.03636390471445, 477.954439942202, 489.9933489218407, 494.9799412364609, 478.4506460127414, 412.937954713989, 471.78295422534796, 498.7363411235437, 517.9748401697715, 445.88673557915405, 431.2907668150393, 429.1735778071856, 465.997393306625, 496.11769595598565, 441.17892297607995, 485.84913884332315, 478.00981556313553, 391.01971239948347, 486.4667447051304]
fps.c2:[0.9924259548516763, 2.31719630503506, 1.301997174943197, 1.1288937084268258, 1.435473996910798, 0.8200995797392395, 2.462825939286707, 2.200817949632045, 0.8281340866202256, 1.0633091677907804, 1.579148246332777, 0.68700122288279, 1.057400729377211, 0.8858097552996583, 1.6069798205313535, 1.394990919269957, 1.3613681988985766, 1.3927241512816186, 0.9665185788301428, 0.8484931620598103, 1.4192623166108136, 1.4555755899561107, 1.2080098140352096, 0.6541964961137275, 0.5135450434957459]
FC:[[3.800868930813109, 3.821364100964058, 3.85690843506045, 3.899840765600229, 3.926795062615572, 3.9573395427230222], [3.848066031762198, 3.8849319555136854, 3.9176499891181833, 3.9524769129283484, 3.9806867101004, 4.006973317919393], [3.9850679667397766, 4.022366200763896, 4.055480352440156, 4.080109683950024, 4.108717921985548, 4.134319394963963]]
FCE:[[0.03109324687714102, 0.018322432416934382, 0.012244391188602113, 0.009712184545155968, 0.008221232530466123, 0.007255639876955061], [0.023785996542769985, 0.014395872076898436, 0.009511621506210363, 0.007540240437519882, 0.0064020133337862935, 0.005651895656709813], [0.01986236393296977, 0.012033277018303559, 0.007916584594507142, 0.006245754668221617, 0.005309818737178468, 0.004700698923752965]]
