Ri:[100, 130, 160]
Zi:[50, 100, 200, 300, 400, 500]
fps.ts:[1709.3018400001527, 5127.905520000458, 8546.509200000763, 11965.112880001068, 15383.716560001372, 18802.320240001678, 22220.923920001984, 25639.52760000229, 29058.131280002595, 32476.734960002897, 35895.3386400032, 39313.94232000351, 42732.546000003815, 46151.14968000412, 49569.753360004426, 52988.35704000473, 56406.96072000504, 59825.56440000534, 63244.16808000565, 66662.77176000596, 70081.37544000626, 73499.97912000655, 76918.58280000687, 80337.18648000716, 83755.79016000748]
fps.e0:[10939.800698599016, 10946.237022062496, 10923.841750660516, 10924.912501148716, 10922.144761821242, 10952.589622499929, 10951.3685095116, 10914.085409821768, 10940.273722494556, 10924.64796364265, 10934.166416485225, 10915.317856409347, 10962.34123978512, 10925.281728859902, 10930.311267379078, 10954.203853143954, 10927.450363580167, 10935.586724099629, 10935.18110998053, 10914.329431149632, 10938.049110389624, 10916.228087363166, 10930.009072574261, 10937.027294614776, 10928.076671427765]
fps.e0u:[17.120213174403336, 17.14521486118254, 18.142714193539337, 17.183363971519935, 18.032375494886896, 17.491693716779416, 17.35191734260527, 17.4790359692909, 17.323691234971665, 18.012108621999438, 17.93319929017956, 17.7731049122192, 17.770508413355348, 17.884938909872172, 17.892064380185513, 17.47690343177498, 17.980600464527, 17.728145504147513, 17.370187488959274, 17.085167921917037, 17.90383648649177, 17.993987563684183, 18.120354759426878, 17.76290157572919, 18.12723574599505]
fps.lt:[6631.7181331784695, 6662.25021095943, 6796.232510743153, 6808.075904907146, 6850.7338751256175, 6688.951283726337, 6588.63278393772, 6950.731396960031, 6717.827056082397, 6873.308089768982, 6790.51760875998, 7008.841973338166, 6431.417843640483, 6902.846008840524, 6637.749940369194, 6518.103281764279, 6844.91157502139, 6621.809800475991, 6794.222484399228, 7002.794098960513, 6836.670310389127, 7055.436637765204, 6932.040343979242, 6664.752629123582, 6809.681859569968]
fps.ltu:[205.24460283011004, 208.43202699077585, 228.9628412498866, 218.1314836675719, 229.56254783848738, 214.48429416119302, 206.99140294211455, 230.5051080189569, 214.22503263082433, 231.77116987206236, 224.68737323394842, 237.5136816878973, 199.09828793236107, 231.51082561940345, 214.38408160542994, 202.98945457396303, 229.53946655247225, 212.38731365803304, 218.78041788335756, 229.29869728849124, 229.6385606419622, 241.7872340775914, 237.55104205253244, 216.3691402847403, 227.73899246804504]
fps.c2:[0.8090297341092874, 1.1358781215307086, 1.3356101613357, 2.5916645203976074, 2.028129273689678, 1.4625959327880766, 1.9977508396596373, 1.3543254935167421, 1.311551346037174, 1.1214425133304944, 2.212896669186137, 2.605422578958055, 1.5344542208917367, 1.3132685071235604, 2.302677658279435, 1.3891562574514391, 1.7992996134144918, 1.5670633878468367, 1.7498471030064993, 1.246307972310044, 1.3149763987209762, 2.6795505190059803, 1.5981948949767388, 1.6183297797155327, 1.751651685081666]
FC:[[3.824208413581342, 3.8961332178397026, 3.925078340693751, 3.9263024048441406, 3.9814584434386444, 4.023822404001487], [3.882739676835314, 3.9360051514753582, 3.9657767365459833, 3.988608052767096, 4.0314079337303, 4.07950179568911], [4.023715413796638, 4.058654863874043, 4.0805685975440245, 4.112138514964278, 4.159270234918622, 4.2075822117415616]]
FCE:[[0.045158649365517584, 0.02567424552700865, 0.01599712200799202, 0.012520235752164271, 0.010450494200931849, 0.009204834594421953], [0.03539008970906588, 0.0199758344670271, 0.012332632886302292, 0.009553530750063287, 0.008084764091220484, 0.007004266667235135], [0.03054900122859449, 0.01655299188523291, 0.010110859692084348, 0.00784843866029918, 0.00666783695247108, 0.0059237106249503905]]
