Ri:[100, 130, 160]
Zi:[50, 100, 200, 300, 400, 500]
fps.ts:[1410.621920003891, 4231.865760011673, 7053.109600019456, 9874.353440027237, 12695.597280035021, 15516.841120042802, 18338.084960050583, 21159.328800058367, 23980.572640066148, 26801.816480073932, 29623.060320081713, 32444.304160089494, 35265.548000097275, 38086.791840105056, 40908.035680112844, 43729.279520120625, 46550.523360128405, 49371.767200136186, 52193.011040143974, 55014.254880151755, 57835.498720159536, 60656.74256016732, 63477.9864001751, 66299.23024018288, 69120.47408019066]
fps.e0:[10882.048804702696, 10904.19494329203, 10865.278664415477, 10885.430162768696, 10895.58015832583, 10880.798172811368, 10887.516464589742, 10864.186590461442, 10901.624945748485, 10885.688693001843, 10882.50919790513, 10876.764493265491, 10862.554751631786, 10871.380817768642, 10888.627213363889, 10848.333297741878, 10842.376665041476, 10887.314287706722, 10872.353330186925, 10863.922510925491, 10841.339557919544, 10888.359756489144, 10904.604959062444, 10902.588282857696, 10883.211389652599]
fps.e0u:[18.603089121874334, 18.05961894493098, 18.684559520938752, 18.72119617549477, 18.487351221481163, 18.47530268517776, 18.497944810404825, 18.464847470850803, 18.538674152916922, 18.550562544056525, 18.630675403439156, 18.51140011242456, 18.564247911883626, 18.70811337095521, 18.266356391930742, 18.692152031223888, 18.684496432792336, 18.443495196517294, 18.593215160721222, 18.513734879457925, 19.092712661985573, 18.85103001111527, 18.51965660366707, 18.58488326608897, 18.7214193264597]
fps.lt:[12906.863112428433, 11600.265466806688, 13318.750930823495, 12490.68784398461, 12060.179605258458, 12840.408226241518, 12514.739203555495, 12868.076267043649, 11831.458438446769, 12660.4696396865, 12012.766693016267, 12375.987262332328, 13507.142973072263, 12412.14900922748, 12405.212816237947, 13745.890413430503, 13451.400241581989, 11939.367618485305, 12646.29252114968, 13032.786984193961, 13846.018440682365, 12333.51665830918, 11077.720230508981, 11860.831902946067, 12752.994622228942]
fps.ltu:[853.6057791236732, 676.2702657220733, 916.7606425563362, 810.9638372551121, 743.099464738552, 843.9892683886324, 796.735022103184, 845.4658150761445, 717.5947748808331, 826.3523922557458, 746.413711004952, 786.9153243939376, 944.6596117156568, 805.8469322201178, 781.4553358805298, 971.9044969515138, 937.1755576315717, 728.6245426599622, 821.0208634605083, 869.323436287746, 1004.3984504171901, 789.0540906855322, 637.6613899630241, 719.9053286620413, 843.5632359540416]
fps.c2:[2.294387341572704, 1.085242538244884, 1.3211061981184697, 1.1318931499161708, 0.4788129976903396, 0.9127510379453658, 1.3640218961500634, 1.5153796927714305, 1.029146123643774, 1.4731449868519797, 1.512334499658352, 2.9309247264153666, 0.9100822691532636, 0.8759141922207696, 0.7601565611843728, 1.4239030090806604, 1.364601836594652, 0.7350017432907243, 1.3270536369356545, 1.231480474063634, 0.5582498101431095, 0.7845815878635001, 1.1073506079043984, 1.171401771816057, 1.0465734148532961]
FC:[[3.7870239610346346, 3.8470129275880276, 3.885670439049952, 3.8982497916029164, 3.920361998750175, 3.944035522040743], [3.862664748786595, 3.8720107992990296, 3.913527966906725, 3.9357183458889207, 3.964102535317301, 3.9926213074887515], [3.9773865921258555, 4.010855959883866, 4.050586198173982, 4.068791605500861, 4.09294779055357, 4.121793312260097]]
FCE:[[0.042105005199912365, 0.026110801657493486, 0.017162079713056434, 0.013541852604107148, 0.011405328505364137, 0.010063604676648937], [0.032272409323681604, 0.019776268306843325, 0.013141087970799796, 0.010398389007694858, 0.008837770221363292, 0.007649049376020617], [0.027293220505231936, 0.016443590244655346, 0.01088894582203572, 0.008612879809429284, 0.007328479438722715, 0.006508311868112756]]
