Ri:[50, 100, 150, 200]
Zi:[100, 200, 300, 400, 510]
FC:[[4.048109482295503, 4.018077608034477, 4.017030409180011, 4.031902048346939, 4.047314312025877], [4.006453136673929, 4.015737147720901, 4.034886086376097, 4.05526236732022, 4.079353945575733], [4.124433177586568, 4.147045029240108, 4.1790787385986405, 4.204763519027833, 4.233804762290492], [4.773698559326482, 4.804465235502629, 4.854062888451488, 4.879884358679201, 4.899168032323709]]
FCE:[[0.036313241628277516, 0.024352126991664006, 0.019666734683875236, 0.016903129648252222, 0.01494465415032619], [0.017924462134834337, 0.012083919572004068, 0.00980890423908113, 0.008459644818546492, 0.00748565757183069], [0.01249888471745372, 0.008486164944859487, 0.006692709351158771, 0.005774547305152456, 0.005120471444518368], [0.011363374827756728, 0.0077300545591268924, 0.0062066100169510295, 0.005358772919304528, 0.004739893398872616]]
fps.ts:[1614250673.6908002, 1614254050.2844, 1614257426.8780003, 1614260803.4716, 1614264180.0652, 1614267556.6588001, 1614270933.2524, 1614274309.8460002, 1614277686.4396, 1614281063.0332003, 1614284439.6268, 1614287816.2204003, 1614291192.8140001, 1614294569.4076, 1614297946.0012002, 1614301322.5948, 1614304699.1884003, 1614308075.782, 1614311452.3756003, 1614314828.9692001, 1614318205.5628002, 1614321582.1564002, 1614324958.75, 1614328335.3436003, 1614331711.9372]
fps.e0:[10723.987917458473, 10735.328391528083, 10700.98265894247, 10724.380011036294, 10729.824707335929, 10768.150428087924, 10748.927945542619, 10729.785748477614, 10732.971675938965, 10710.968885310862, 10733.338925246888, 10706.266132545454, 10726.76897586459, 10750.1236885, 10733.225352927919, 10692.233522153982, 10702.763463183132, 10747.778330541027, 10698.715515218313, 10725.513498821716, 10763.672996561187, 10751.298783904595, 10751.91453213881, 10724.330293858102, 10715.877198323531]
fps.e0u:[16.82249434361108, 16.675003765004, 16.923032854905536, 16.626864822265226, 16.52333773853819, 16.757014839782276, 16.62735264118049, 16.726849612063212, 16.592428650490998, 16.636852233125104, 16.62881667935606, 16.573264164813473, 16.70411650228605, 16.736250792596618, 16.59874494771924, 16.78415960960722, 16.865603957337818, 16.693494864931374, 16.779329489985894, 16.91053506923877, 16.584443099882705, 16.81041091311329, 16.66376011701227, 16.808590524095113, 17.05729062744174]
fps.lt:[18218.375934439515, 16629.469105066633, 21430.433276371587, 18438.628059798637, 18279.692563365363, 15181.225821920385, 17055.86872215341, 17815.979374243758, 18300.139220027548, 19922.040527748257, 18329.065565943027, 20667.827566326312, 17349.11067080345, 14223.279360492255, 17032.184425745116, 19719.516842230187, 20248.43669368778, 16360.310810771518, 19961.87104266044, 16261.046029528716, 16499.228445636625, 16145.29249257706, 16218.460980121487, 17682.02949958411, 18858.538309935735]
fps.ltu:[1571.7427503036301, 1299.0059734840195, 2165.475591319209, 1589.4499587223, 1552.3820513102708, 1082.6786607227602, 1360.9306655444718, 1489.4664947612814, 1559.3743381609615, 1847.9857781513865, 1560.164268698384, 1979.805993032787, 1417.3158746017023, 955.382571886178, 1350.5768366031507, 1833.506980947438, 1934.3183395741314, 1249.831383457117, 1879.1363667690919, 1254.738212303041, 1263.2222183642277, 1234.103021137087, 1234.4228858571287, 1474.763923033448, 1705.6353468698474]
fps.c2:[0.7439863748934118, 1.2951658396695385, 0.679132850661602, 1.9295097697863577, 1.7600911426140533, 1.8645318699502447, 1.2009728806102222, 0.968001879479921, 1.1689049489033878, 1.1231603076292982, 1.913779843972039, 1.529667487146089, 0.9969169285111322, 0.8738080867905715, 1.0484932787038337, 1.5434791914787698, 1.3295735121257115, 0.9041910127586679, 2.916072131847365, 0.7715668393418356, 1.3972797531295877, 0.8127602103660027, 1.4333049751973035, 0.9861616170332587, 1.7849401911600906]
