Ri:[50, 100, 150, 200]
Zi:[100, 200, 300, 400, 510]
FC:[[3.9740473951412416, 3.9881023331602017, 3.9997854165120286, 4.02422980636961, 4.040272744704896], [3.974074957996151, 3.983542180465672, 4.009472626726626, 4.034162557919785, 4.056281173298164], [4.055336639461167, 4.071435276525523, 4.096198404711989, 4.123626533024129, 4.152084034950328], [4.4113542759325926, 4.443055451361795, 4.474288691984809, 4.500441993356521, 4.524170339106037]]
FCE:[[0.022606784440765325, 0.01545796317244913, 0.012537730030703981, 0.010852158395653518, 0.00956279197784731], [0.011395657002739678, 0.007720817235426265, 0.0062750969874805764, 0.005423919144630531, 0.004791954677504718], [0.00787848637348036, 0.005330569200231691, 0.004311829237741692, 0.0037265512948225603, 0.003302578025406814], [0.006661915508273261, 0.00452720153807084, 0.0036591813790393386, 0.003156490608234251, 0.002794507768869407]]
fps.ts:[1620898945.5740201, 1620902393.7260602, 1620905841.8781002, 1620909290.0301402, 1620912738.1821802, 1620916186.3342202, 1620919634.4862602, 1620923082.6383002, 1620926530.7903402, 1620929978.9423802, 1620933427.0944202, 1620936875.2464602, 1620940323.3985002, 1620943771.5505402, 1620947219.7025802, 1620950667.8546202, 1620954116.0066602, 1620957564.1587002, 1620961012.3107402, 1620964460.4627802, 1620967908.6148202, 1620971356.7668602, 1620974804.9189003, 1620978253.0709403, 1620981701.2229803]
fps.e0:[10703.14233916095, 10693.693912915405, 10684.452735493986, 10706.635479698367, 10686.192804144323, 10719.01686513336, 10709.84306584618, 10694.04133709234, 10706.03601876168, 10713.242952670907, 10722.812521579037, 10692.374045110719, 10719.703337806824, 10713.417266728547, 10726.029288100746, 10762.593236753479, 10736.28561431158, 10744.092717326537, 10726.00604742159, 10719.373585917523, 10726.750220053964, 10736.131209209385, 10747.33403809047, 10740.473452810056, 10739.182143436767]
fps.e0u:[10.707951853866042, 10.711702615003514, 10.686917716344931, 10.7411330994943, 10.759745270674948, 10.688203404827012, 10.776349429824547, 10.843487704008671, 10.795767131386313, 10.887908455486205, 10.816631791239422, 10.870683862878453, 10.892208788912837, 10.910596063381947, 10.898490660743521, 10.791305198279908, 10.81710560539648, 10.853418144097127, 10.88719439226141, 10.953198313549205, 10.882796596880114, 10.871080613575884, 10.856128607460091, 10.838614078810194, 10.981667887918459]
fps.lt:[18614.81794617189, 20889.662794195283, 20891.975804617927, 18925.56504053159, 21649.83626731995, 17780.53030682525, 19579.67575993872, 19592.507796493854, 20475.103963854606, 19836.01495387596, 18246.8199976169, 22423.452853401308, 18749.7470130148, 20200.30468376968, 18599.27623090115, 17883.16259259869, 18669.570437012622, 18138.264130588854, 19800.735965315387, 19815.4833697372, 19727.281680214626, 19719.845005466337, 18779.136450411148, 19279.031277994727, 19406.401693687036]
fps.ltu:[1044.7447275371333, 1316.8922603050307, 1313.7033315137144, 1080.2063502841734, 1423.090246407241, 953.147844432431, 1160.425795841801, 1168.8785743509216, 1273.2621987738135, 1199.9680048511789, 1009.18330592018, 1532.6825892440932, 1071.4667177978288, 1248.4915001924212, 1061.3556531597567, 972.3629001900947, 1059.0034107537388, 1003.6634123142154, 1194.0219026993573, 1207.4242125939372, 1185.7773261269103, 1188.333038645486, 1074.530632214803, 1129.6303676428804, 1156.9114264651669]
fps.c2:[1.4113284798840386, 1.218607097253774, 3.3448848345341555, 1.5837943679264415, 1.9650801281641583, 1.601193749511089, 2.2453326528134374, 2.2902191707624215, 1.3584350183469818, 2.374187554976299, 2.098099232798348, 2.043319456637304, 2.0271266851669294, 2.1422944602835754, 2.200751393441089, 1.4010625282674243, 1.7842661930382797, 3.0966968723285575, 1.0660896745990014, 2.7019794364482723, 2.3519865685066232, 1.8080539966156952, 2.6013176123398383, 1.9740659074588771, 1.2324294232580475]
