Ri:[50, 100, 150, 200]
Zi:[100, 200, 300, 400, 510]
FC:[[3.933097180386039, 3.954463279692217, 3.9663101123367484, 3.9884755525995614, 4.006055086052366], [4.035047000905824, 4.025521086462053, 4.0395187242334245, 4.057772678944192, 4.07404885621717], [4.15761311261997, 4.1666717079225855, 4.195070839446412, 4.2161811958427045, 4.242496907993392], [4.823170933315019, 4.855067860493458, 4.889970182201483, 4.911414706928933, 4.929430113325464]]
FCE:[[0.03920041836759058, 0.026585224429549793, 0.02139395315100439, 0.01841296921307121, 0.016278792823226428], [0.02024763325689504, 0.013648662733187395, 0.010649143140885475, 0.00915559489944288, 0.008059721364317563], [0.01319387226191222, 0.008890401342350007, 0.007166532883517751, 0.006171410122582133, 0.005463119400555945], [0.012162757926564826, 0.008251671043846266, 0.006669272971915742, 0.005750645024947115, 0.005093172039093635]]
fps.ts:[1615453224.48616, 1615456675.10448, 1615460125.7228, 1615463576.34112, 1615467026.95944, 1615470477.57776, 1615473928.1960802, 1615477378.8144002, 1615480829.4327202, 1615484280.0510402, 1615487730.6693602, 1615491181.2876801, 1615494631.9060001, 1615498082.5243201, 1615501533.14264, 1615504983.76096, 1615508434.37928, 1615511884.9976, 1615515335.61592, 1615518786.2342403, 1615522236.8525603, 1615525687.4708803, 1615529138.0892003, 1615532588.7075202, 1615536039.3258402]
fps.e0:[10686.76067956425, 10702.894171732563, 10692.03148918896, 10723.34103907192, 10707.599437147232, 10719.934326509103, 10681.775978326581, 10700.906973492283, 10674.370285082065, 10703.272858761457, 10704.744762484279, 10681.80593609616, 10691.34677300785, 10687.85861049711, 10686.326660660678, 10686.321757708865, 10700.2934970388, 10707.060561050766, 10676.716855143646, 10696.538896567401, 10715.146372561936, 10709.130559930562, 10681.608383921013, 10637.53249776605, 10692.24035115679]
fps.e0u:[17.71557232008116, 18.045440228267623, 17.833083323433556, 17.73531897168411, 17.936910809374872, 17.823182825161087, 18.009704451738497, 17.774009602330736, 17.736377804548397, 17.72518164812229, 17.787060600894677, 17.887048026843114, 17.776433146724685, 17.764297043189995, 17.975925268577228, 17.779534443239076, 17.746086034847597, 17.926669779496137, 18.05784949459985, 17.64272034836701, 17.85930263723809, 17.63169431026731, 17.70664137579703, 18.011207436917914, 17.8152605843]
fps.lt:[21839.646644920136, 19644.32790292236, 22450.36826478817, 18292.95743113344, 18923.69740973261, 18395.55344360527, 20967.55472480876, 19978.779078770098, 22659.474978024737, 21298.51655090145, 18243.674529336957, 22739.202842732237, 24420.8299219387, 20392.233699176453, 21568.424827235307, 22312.11955283411, 19532.46756536845, 18881.738126255677, 21415.347552290095, 19323.223412252908, 18623.75138057887, 18060.036776696816, 21122.23472277127, 23989.596566786582, 20428.07162146081]
fps.ltu:[2384.468382336276, 1967.329218192002, 2529.7417828664215, 1672.9675736341605, 1817.9608644750094, 1704.5664615452567, 2245.627828523731, 2001.755568592558, 2582.7946291233984, 2288.304543006174, 1672.2838775453067, 2621.2591544224274, 2977.705199512258, 2094.081490687317, 2357.2482974983723, 2495.330765053858, 1915.4473370057476, 1802.5784849819152, 2343.618088066039, 1857.9331230604994, 1735.3358882189177, 1632.1519731828084, 2236.170358264433, 2925.8413125057073, 2096.6964240257084]
fps.c2:[2.3389275557391054, 1.5039606834001467, 2.1668992715405757, 1.05639107307086, 1.87315505488795, 1.1006799809036407, 0.9511462673383939, 1.5901978168690472, 1.6106430120113377, 0.950025186221609, 1.4811862082329013, 1.4690827605010135, 1.5152750844654967, 2.18336164372766, 1.467410916941572, 1.3247851112608124, 1.3886637889676108, 1.4612318641014062, 0.8915152024679854, 1.669707175420348, 1.1738284103056515, 1.6869104257275789, 1.083587727720222, 1.094079668857275, 2.048162499439991]
