Ri:[50, 100, 150, 200]
Zi:[100, 200, 300, 400, 510]
FC:[[4.045464485210699, 3.988401491453156, 0.3550962405264976, 3.9954476927113993, 4.021868462187728], [4.001681671908825, 4.017220117709921, 4.0367531709145235, 4.056698996645861, 4.081256266649154], [4.1259983619301615, 4.147285758063875, 4.1750778486727445, 4.196959048127998, 4.2265643399845985], [4.733267437481111, 4.778976915467393, 4.819706962829012, 4.844984492856523, 4.869920601007811]]
FCE:[[0.04909700238644211, 0.03223119982423854, 2354.813089588747, 0.02212950745384912, 0.019621710629572374], [0.023556890087308532, 0.0159935160536666, 0.012902963292200394, 0.011146335779927427, 0.009590240250635191], [0.01580129557325299, 0.010796047282021366, 0.008704228107904865, 0.007512754966377854, 0.006667593343514906], [0.0145290685944204, 0.009948500340480277, 0.008056444225178254, 0.006955700163362712, 0.006163340639110098]]
fps.ts:[1619208630.5388799, 1619212155.18064, 1619215679.8224, 1619219204.46416, 1619222729.1059198, 1619226253.7476802, 1619229778.38944, 1619233303.0312, 1619236827.67296, 1619240352.3147202, 1619243876.95648, 1619247401.5982401, 1619250926.2400002, 1619254450.8817601, 1619257975.52352, 1619261500.1652803, 1619265024.8070402, 1619268549.4488, 1619272074.0905602, 1619275598.7323203, 1619279123.3740802, 1619282648.0158403, 1619286172.6576004, 1619289697.2993603, 1619293221.9411201]
fps.e0:[10738.823237201732, 10721.535870857935, 10725.907273991672, 10742.506476573244, 10694.549893556497, 10739.441865553623, 10719.208347038162, 10754.291919271807, 10726.686005475463, 10697.091891106547, 10700.782192872155, 10730.007410635795, 10764.012076920197, 10739.299812666315, 10750.053801784403, 10728.536173423336, 10752.567124969895, 10725.281792319918, 10715.122500980737, 10740.630981047967, 10716.767937813924, 10747.068594852888, 10726.912041776248, 10731.606891907184, 10702.740569430796]
fps.e0u:[21.533292824187587, 21.450155584075485, 21.661529267499997, 22.03381848406249, 22.21272479462135, 21.70037698854107, 21.761220334744337, 22.06619643047819, 21.78963761921374, 21.752468381472628, 22.152750049067507, 21.947728809444047, 21.87650664823485, 21.776212702712968, 21.6248411695282, 21.606453438368344, 21.743302737388472, 21.90986940768832, 21.800891208602277, 21.664014952102377, 22.02783105366403, 21.545152428398357, 21.821947260554385, 21.76460859918657, 22.471085593786423]
fps.lt:[24273.607599969506, 22960.16703275682, 19958.07498019766, 18675.341670328708, 21691.437258642265, 19197.41464730674, 22003.79181502734, 18971.996161694322, 21473.571445649595, 26571.20786456843, 24205.205590087447, 18953.156492034555, 16743.164376408236, 18322.581978131686, 21207.09549425977, 23516.18591388295, 18147.910692282247, 22921.408658800196, 21307.543994438667, 18673.257105526332, 21945.577713581537, 17568.972568469984, 21090.265975017668, 21317.595314634447, 21781.416995178613]
fps.ltu:[3563.7698031019736, 3196.2678499310546, 2438.4471403260554, 2151.094519082613, 2954.6371490999586, 2258.12709500467, 2968.405122923005, 2249.427166424907, 2851.189183286695, 4359.645284387451, 3629.5925421171996, 2214.0328815103594, 1720.7602818989942, 2049.2701766626215, 2733.30902010492, 3357.764097102383, 2023.816107880353, 3248.6856167084816, 2785.0920777116007, 2117.8520192611027, 2970.960170751175, 1897.1124187228077, 2738.9428421931125, 2781.7879799858756, 3010.61385444342]
fps.c2:[0.869587392457079, 0.8023991486608646, 1.2928735288883313, 1.210809109078749, 0.7203131702121974, 1.6025275811722857, 0.476559339213125, 1.5173426894470579, 0.7444462231696877, 0.8157626129868485, 1.5996563384805926, 1.0013288973330083, 2.507654760615336, 1.4818466729077444, 1.1562432239109566, 1.5976255148058969, 1.9021671299964855, 0.7095564870704012, 1.3261853661930563, 0.738556711970538, 0.806792294042518, 1.3043303149711305, 1.4859023462738372, 1.9293606566885468, 0.765461688415216]
