Ri:[100, 130, 160]
Zi:[50, 100, 200, 300, 400, 500]
fps.ts:[1757.1387599992752, 5271.416279997826, 8785.693799996376, 12299.971319994926, 15814.248839993477, 19328.52635999203, 22842.803879990577, 26357.081399989125, 29871.35891998768, 33385.63643998623, 36899.91395998478, 40414.19147998333, 43928.46899998188, 47442.74651998043, 50957.024039978976, 54471.30155997753, 57985.57907997608, 61499.856599974635, 65014.13411997318, 68528.41163997173, 72042.68915997028, 75556.96667996883, 79071.24419996739, 82585.52171996594, 86099.79923996449]
fps.e0:[10609.46371332152, 10639.186756186104, 10655.55918890029, 10641.61048353385, 10620.912182960677, 10647.027249009336, 10660.194577242924, 10655.869568800736, 10645.626497767678, 10654.710003919168, 10664.182746969576, 10654.4138487855, 10676.409218791347, 10697.366876067028, 10668.425824271291, 10681.068324987958, 10700.214684090515, 10718.729762239174, 10689.825196210784, 10711.927247519005, 10710.143864770958, 10710.305317536995, 10712.195011649857, 10694.548392999664, 10719.020103979812]
fps.e0u:[12.60447316094091, 12.359412399028342, 12.541228975171276, 12.438057812707237, 12.604322487120426, 12.591556982106075, 12.39519286253236, 12.636578329463866, 12.528875164740958, 12.467974066798558, 12.450344801863583, 12.49013736700033, 12.544847682723503, 12.491235776189395, 12.582359042507779, 12.446869858472224, 12.57005003671339, 12.439037980976819, 12.464517023838212, 12.60395686450099, 12.44347109653252, 12.557063444156224, 12.614767050999266, 12.565768392753338, 12.695748327178586]
fps.lt:[7494.020460966609, 7368.607664413669, 7255.232691381794, 7758.84746750699, 8077.372673136602, 7580.365552257439, 7603.692871894435, 7498.087316846728, 7844.529914233165, 7779.004423276944, 7759.073164467248, 8163.328452219087, 7594.217268015913, 7412.625558937467, 7955.318918250791, 7858.531810148864, 7796.80353486708, 7407.309016892842, 7921.128785361179, 7520.853984761165, 7841.654484826637, 7792.713131489027, 7787.668492819952, 8046.5548871027095, 7707.522975954444]
fps.ltu:[195.33306772630823, 185.8013679082773, 182.08484090204274, 206.74117269640425, 226.27058679802747, 199.51537870307808, 198.65716015617704, 196.11912390817758, 213.28801233024043, 208.63333648595727, 207.34587966709094, 230.01183840516615, 199.9685599711236, 190.1109043684026, 219.43540698500377, 213.1968310839872, 211.0615777016812, 188.50836419576146, 215.80132156245998, 196.45667262081162, 209.39606671956122, 208.95162239703475, 209.96623903513557, 224.0074628317018, 207.74553467191924]
fps.c2:[2.3658263502129326, 1.1600816483633998, 2.0184074450727296, 1.4346327862086599, 2.0534892120188237, 0.9680200489508566, 2.6155540561131807, 1.508891532030399, 1.2453987308369878, 2.190554451416989, 0.885610099841608, 1.0110457393934391, 2.978621875343108, 3.0456319191289776, 1.6328087196690242, 1.3764280873307975, 1.5889301302337462, 1.3053613689990313, 2.3379142761313023, 1.9658944105895213, 2.060560588301524, 1.2017591803665713, 1.0505265095221754, 2.2549914276396184, 1.8138968476410477]
FC:[[3.9928492668346247, 3.9542190446656154, 3.958525834815205, 4.0013487327591495, 4.03966561629825, 4.083979842643755], [4.003634255416704, 3.9715796121838385, 4.00119099745221, 4.04862537892329, 4.095852304758293, 4.143889939816788], [4.124038222936235, 4.120261604384631, 4.151221984051942, 4.200822001559899, 4.244641638953228, 4.2906714535581765]]
FCE:[[0.033720227691379154, 0.018879605318776183, 0.012012357608096984, 0.009414857365125375, 0.007901346731140395, 0.006788601838414751], [0.02586503552395249, 0.01441937192623741, 0.009240405133448521, 0.007269078278998144, 0.006004363453293083, 0.005166466246530088], [0.021752545918801925, 0.011944398575464537, 0.0075500405720972975, 0.0059164069351704705, 0.004996066294738524, 0.004404378752835169]]
