Ri:[100, 130, 160]
Zi:[50, 100, 200, 300, 400, 500]
fps.ts:[1731.4730999994279, 5194.419299998283, 8657.365499997139, 12120.311699995995, 15583.25789999485, 19046.204099993705, 22509.15029999256, 25972.096499991418, 29435.042699990274, 32897.98889998913, 36360.93509998798, 39823.88129998684, 43286.827499985695, 46749.77369998455, 50212.71989998341, 53675.66609998226, 57138.61229998112, 60601.558499979976, 64064.50469997883, 67527.45089997767, 70990.39709997654, 74453.34329997539, 77916.28949997426, 81379.2356999731, 84842.18189997197]
fps.e0:[10751.42508180336, 10791.234490357334, 10766.397256967495, 10748.29479247205, 10758.682936700718, 10768.151878354205, 10771.285299261393, 10788.418762776506, 10751.85875400965, 10772.838872003946, 10746.747798919252, 10755.471978511996, 10782.615675550567, 10794.324444634078, 10763.496240029108, 10744.671039883831, 10765.069473154586, 10792.51564226097, 10755.416937604425, 10802.055645008793, 10758.199635085824, 10783.630157077487, 10782.559749501686, 10766.443300323572, 10749.05331952549]
fps.e0u:[16.7802340735925, 16.521313537315354, 16.61522456254865, 16.501326552882745, 16.56883344668015, 16.593732801549017, 16.180681914609167, 16.059237311328467, 16.42188720843402, 16.497274778476676, 16.454193722876976, 16.665998722516882, 16.21344453156649, 16.18270783455689, 16.556544292555294, 16.725318345783723, 16.39122990054348, 16.350126302411105, 16.416515269770784, 17.24968125411275, 16.817830382291763, 16.411489951951584, 16.475709121930915, 16.388425982378, 16.6645770238403]
fps.lt:[10459.826561710246, 9380.181723525548, 10032.12193084783, 10858.09968613082, 9973.965309529098, 9797.147121158245, 9595.06852690828, 9642.039833310775, 10682.649764730097, 10650.795232301703, 10653.77874765869, 10496.138223057495, 9781.424743218618, 9699.739040107557, 10460.199359424136, 10613.799049320942, 10409.373432647946, 9878.043966873907, 10601.853702301894, 9552.967757128328, 10780.8151210626, 10178.0710370586, 10138.627059447153, 10567.640713359417, 11155.339570434786]
fps.ltu:[509.84897810544345, 402.5079285800258, 465.2554348015052, 544.0432940827491, 458.39010838835657, 442.7448139835998, 418.77826338057287, 421.10633563148355, 519.5907598703452, 518.7962336137851, 519.8036217095737, 507.4797230783806, 433.57413279325584, 426.0477353203017, 502.0172247604496, 523.3505041450647, 495.627941018416, 445.8062920401231, 517.2125945232882, 442.96699056575983, 536.3564628553054, 473.87586303721014, 470.56446780283653, 507.1213786646252, 576.3700730557748]
fps.c2:[1.5145643451640347, 1.270312473589262, 1.5133254979407864, 1.46331256507019, 1.4120833602791443, 0.971387892557211, 1.2175823999946611, 1.0750500905162446, 1.638397587944406, 1.6489919116123832, 1.4597046123169162, 0.5302053824102679, 0.9908810746267616, 0.8745532792443986, 1.2758052478640651, 1.0536160915004882, 1.3726129669934364, 0.8289136059462942, 1.2385793495994706, 1.0149889251633368, 1.578679586423531, 1.7589286887032745, 1.175519337585423, 1.222585124825368, 0.9991220681823898]
FC:[[3.8009959285537396, 3.8165726711570795, 3.8352043267010507, 3.8634648304787147, 3.8993185236674046, 3.932405564375989], [3.845883117731319, 3.868647567824715, 3.89484633423212, 3.915770517251676, 3.9448217679792745, 3.9791076046851814], [3.977723699778025, 3.9948949902829587, 4.020030334314554, 4.03992232620491, 4.07084367389133, 4.10483737859092]]
FCE:[[0.03729894085765518, 0.02311661937730908, 0.015207401779255397, 0.012001736329608341, 0.009957450753958265, 0.008809035303778362], [0.029620449434301754, 0.0182066405548875, 0.011598524049989997, 0.00911822854603799, 0.007742062112364668, 0.006684164311714136], [0.02559366022346698, 0.01472978832229161, 0.009582794633537447, 0.007552374809029379, 0.006432731270154821, 0.005702255464457345]]
