Ri:[100, 130, 160]
Zi:[50, 100, 200, 300, 400, 500]
fps.ts:[1747.4789200019836, 5242.43676000595, 8737.394600009917, 12232.352440013885, 15727.310280017853, 19222.26812002182, 22717.225960025786, 26212.183800029754, 29707.141640033722, 33202.099480037694, 36697.057320041655, 40192.01516004562, 43686.97300004959, 47181.93084005355, 50676.88868005753, 54171.84652006149, 57666.804360065464, 61161.762200069425, 64656.72004007339, 68151.67788007736, 71646.63572008134, 75141.5935600853, 78636.55140008926, 82131.50924009323, 85626.4670800972]
fps.e0:[10900.306991448828, 10918.824126726313, 10936.244612126498, 10905.360738067326, 10897.987786612633, 10939.005930090569, 10888.297781873034, 10913.065963923236, 10899.681893001229, 10889.721773758438, 10922.17742065673, 10919.270915753152, 10941.70113807902, 10874.598873929775, 10910.49652022681, 10890.195298737422, 10920.837598773674, 10902.117335406492, 10945.684039829945, 10904.434564439987, 10898.35441548033, 10885.883220770209, 10917.706860156544, 10907.445023135342, 10936.656767791146]
fps.e0u:[16.134193194338085, 16.509285192290864, 16.09811486659087, 15.94235799054836, 16.15839383004859, 16.03371835740615, 15.737247436895345, 15.996243068282107, 15.357490396170734, 16.295041419239347, 15.83447301032676, 16.251889341800215, 16.494155041050284, 16.623822137080875, 16.434692216909337, 16.739093555058275, 16.379664449219582, 16.097447465950417, 16.142204139642715, 16.47299688847752, 16.43798340423158, 16.21456945829287, 15.937097753495651, 16.344470830931492, 16.684160749353993]
fps.lt:[6604.726757765418, 6617.188983918162, 6417.012465009703, 6763.696698322839, 6741.224467727476, 6375.948170713305, 6703.421838354344, 6544.020146377968, 6742.857453235142, 6878.0065639928025, 6569.134138269506, 6459.789296018984, 6249.638485367907, 6922.09415127334, 6667.314962731116, 6972.95956702808, 6541.746355613206, 6804.568170270472, 6354.224235471037, 6625.195862561695, 6768.661183256153, 6826.245591408196, 6597.137792129864, 6597.446197350226, 6230.844064383854]
fps.ltu:[192.95685960321882, 198.09869091254873, 181.97590701265628, 199.04389072900463, 202.36071278439167, 177.25700693883022, 193.91082976368688, 187.38991420910688, 193.10399984495447, 210.67344575980107, 186.14102704904371, 185.89070341020187, 174.405258687794, 217.97124372921442, 200.18196618846784, 220.963581316896, 191.08239267805396, 203.08729573416247, 178.98709870476247, 196.34938707068918, 205.213929688657, 206.51749419016136, 190.63827088527034, 193.84960931619347, 176.9652968125479]
fps.c2:[1.4964198441587893, 1.700157808142817, 1.301578839214581, 1.7934105734589423, 1.7179558560718133, 0.5941506336065105, 2.198752466489004, 1.3645804791616045, 2.0396221113841757, 2.7032799694638023, 1.2456911368123422, 2.959442144211633, 0.8184019405767023, 1.0339778772653998, 1.7720315742024428, 0.753516503949518, 1.5882995801979785, 2.3422136272897642, 1.8664345988086342, 1.2936037722474487, 1.9594756397190418, 1.4240255240987638, 2.6975150655332722, 1.510380733906786, 1.2113561183910542]
FC:[[3.8610589904324573, 3.9168911889732865, 3.9381086360193467, 4.0047220520775895, 4.089090388788505, 4.1936399394006125], [3.911561045818073, 3.9635612770875714, 3.987177831936204, 4.061041405895973, 4.147475082160104, 4.241651654872954], [4.035432196392277, 4.063720149582316, 4.103952406005958, 4.178924241525389, 4.2654270769598694, 4.361963083852791]]
FCE:[[0.041858951925220836, 0.02346975253884945, 0.014663997738077392, 0.011579984907699773, 0.009946513277651229, 0.008778791748587271], [0.03293230222181382, 0.018225867518358353, 0.011354774685174665, 0.008970750798684188, 0.00755771861830031, 0.006806143367619434], [0.02741009409167977, 0.015245443086920062, 0.009514748971258076, 0.007350428141472465, 0.006342785525443829, 0.005613412776082894]]
