Ri:[50, 100, 150, 200]
Zi:[100, 200, 300, 400, 510]
FC:[[4.035735144499782, 4.103634550438496, 4.099454073060972, 4.13464911784966, 4.131784598568781], [4.109280376553, 4.144920904574842, 4.171554385348852, 4.204692745645416, 4.21603149918373], [4.268989564000939, 4.303182331901412, 4.328290608404533, 4.355359723770122, 4.371520972269234], [4.875465001485841, 4.951328052617533, 5.000589464779116, 5.030461116487004, 5.043225597605179]]
FCE:[[0.0524123085903755, 0.036726442238479456, 0.029591095081829985, 0.025625883464437185, 0.022333320590685126], [0.027234649016749254, 0.01870857494198052, 0.015070766959879519, 0.01302097461953299, 0.011384784461007614], [0.019048959131276556, 0.012947108229263007, 0.010433970729647975, 0.008977032525917509, 0.007879285326677055], [0.01764122243619566, 0.01214343319728016, 0.009843322187424503, 0.00849396901206293, 0.0074722950281164765]]
fps.ts:[1602141351.38586, 1602144805.8695803, 1602148260.3533, 1602151714.83702, 1602155169.3207402, 1602158623.80446, 1602162078.28818, 1602165532.7719002, 1602168987.25562, 1602172441.7393403, 1602175896.2230601, 1602179350.70678, 1602182805.1905003, 1602186259.67422, 1602189714.1579401, 1602193168.6416602, 1602196623.12538, 1602200077.6091003, 1602203532.0928202, 1602206986.57654, 1602210441.0602603, 1602213895.5439801, 1602217350.0277002, 1602220804.5114202, 1602224258.99514]
fps.e0:[9966.973340193372, 9953.774300131061, 9953.188443045674, 9983.271235992741, 9970.809745738896, 9948.495720120543, 9967.579647155659, 10004.041099530079, 9954.930197668977, 9952.288667648732, 9971.354333549465, 9940.949825115134, 9959.32762935316, 9945.009053146552, 9987.677665043062, 9964.678632195688, 9989.128700061576, 9997.22884841181, 9991.846772006784, 9978.639000219979, 9992.705225125164, 9966.442084962115, 9964.130865174287, 9960.072708254855, 9957.631240158029]
fps.e0u:[23.888837346380434, 23.968814677649682, 23.586634511991765, 23.89696730989316, 24.016548539026918, 23.93843448107587, 23.87892201248118, 23.803443722361845, 24.127537452888465, 24.06890309734311, 24.127433296173695, 24.25756264203435, 24.20083664459881, 23.641326367698934, 24.133559361804974, 24.007583300086495, 24.059791923599594, 23.84858449247687, 24.155921146993716, 24.400288698377686, 23.776421706625587, 23.759637923044924, 24.058699026551196, 23.98526037173513, 24.40691567706963]
fps.lt:[12771.23226904817, 14038.893787922572, 14872.645296643639, 11676.078391490184, 13981.15371458173, 16582.808502170643, 13561.92583604607, 11437.195952274145, 13836.564987334357, 13910.71849487143, 13306.269935593496, 15223.543852736288, 14660.265920490217, 14946.401524284052, 13184.691351541958, 13215.786561921635, 12363.255294640438, 12556.367518434585, 12535.591906705766, 13471.924296676842, 12848.092761537015, 13411.59998523935, 13138.073458281619, 14469.423573558555, 14776.298286987236]
fps.ltu:[1179.1324344142029, 1433.0626659095317, 1579.027855331494, 992.0762265480281, 1411.60459962124, 1998.2572982471133, 1327.989418235689, 941.1455093461956, 1402.3902784142263, 1406.001474077284, 1295.382742463126, 1701.184841697052, 1558.3682255018725, 1622.2086754168802, 1263.2470166957855, 1276.9266644992535, 1112.8440880019584, 1135.2386762665255, 1141.5210092000914, 1331.12593013928, 1175.0150830062869, 1308.565262340994, 1266.2731947026862, 1525.146457325025, 1607.2822919814205]
fps.c2:[1.4364201356869246, 1.5636546957983444, 0.9650915853783748, 1.9202140389414508, 1.122707024445047, 1.8429140850207764, 2.723262069247244, 1.3009864684545096, 0.6896342564725211, 0.9660687537575012, 1.3789693199872013, 0.8309064250635072, 0.9627841042060882, 0.6714834776542967, 0.9837190990353597, 1.310058605915092, 1.0917943900857867, 2.2034282043299394, 1.7328374131545137, 0.8712063217629744, 1.502431031866489, 0.8623823253220771, 1.077726536708068, 2.1337147448951037, 0.9356985341049049]
