Ri:[100, 130, 160]
Zi:[50, 100, 200, 300, 400, 500]
fps.ts:[1191.9642999982834, 3575.8928999948503, 5959.821499991417, 8343.750099987985, 10727.67869998455, 13111.607299981119, 15495.535899977685, 17879.464499974252, 20263.393099970817, 22647.321699967382, 25031.250299963955, 27415.17889996052, 29799.107499957085, 32183.036099953653, 34566.96469995022, 36950.89329994679, 39334.82189994335, 41718.75049993992, 44102.67909993649, 46486.607699933054, 48870.53629992962, 51254.464899926184, 53638.39349992276, 56022.32209991932, 58406.25069991589]
fps.e0:[10819.985327612638, 10826.753633937582, 10815.995482293052, 10790.250256349755, 10810.839977331278, 10791.457947274019, 10809.123315987676, 10829.507229792353, 10813.982791144688, 10791.557455533466, 10844.104864056855, 10794.307833812782, 10851.775640747655, 10811.189523172832, 10832.983668131857, 10825.16455094765, 10789.701895396522, 10840.364043637484, 10822.38323080543, 10860.679802997094, 10822.172550181638, 10830.742595422691, 10852.645535262222, 10864.730510661244, 10859.932005652701]
fps.e0u:[12.533041582427657, 12.691688370270391, 12.334406408813043, 12.931889597806844, 12.70383094707503, 12.63428403064441, 12.345631405332083, 13.333450727023479, 13.126246671423944, 13.732018308066896, 13.34128856255417, 13.616060120639155, 12.756804020662617, 12.34466114651562, 14.504139689006623, 14.821779289445365, 14.70904506237862, 14.065969508041531, 14.427498717343363, 13.146697539519483, 14.178165762126039, 14.437914798978706, 13.78922717535153, 13.46391029558433, 13.320744908629596]
fps.lt:[6232.994962419895, 6516.365054000647, 6546.554569845818, 6621.241398281764, 6627.766016816307, 6833.667423843016, 6491.74504673471, 6479.273745740777, 6472.448393385413, 6734.580051373511, 6270.6660800188065, 6633.211258865223, 6194.351798533739, 6857.479594471529, 6203.533671779108, 6406.274629372594, 6867.581941572409, 6361.046357020233, 6402.619316114411, 6066.004408139664, 6664.701800864476, 6374.610525751583, 6294.743565786624, 6149.017379049864, 6177.192653232308]
fps.ltu:[134.45992920003428, 150.52521022757654, 146.61594115005013, 155.2508927294132, 154.10114065542786, 162.15221550082478, 144.50406022024188, 153.41074088343586, 152.34839843270768, 171.42525070242556, 145.08721868378, 164.7463512395702, 134.77148965364498, 160.27264084870754, 153.65222617829937, 168.10067806050725, 190.87291343234332, 155.74379102739644, 162.76732093878573, 134.48360349858348, 173.78816607780817, 162.37967063608673, 151.50375174089652, 140.8633275981639, 140.35313780673982]
fps.c2:[4.8846116175844365, 4.723587667532072, 8.587000553297562, 4.415225472728502, 7.195436396550558, 7.005312021670438, 6.3055841495299125, 5.881834205813456, 5.234967377788478, 4.469001778635481, 4.618211815316266, 6.574725629589761, 5.265828982431814, 6.798960416655612, 3.5917913262193677, 2.68011042064713, 3.8639197629985746, 5.097065781660264, 3.20208803765914, 5.728609206366126, 4.186441809222156, 1.4421178677329607, 3.542815264087954, 7.380745275385869, 4.445763133203403]
FC:[[3.9476467794429433, 3.9573587493167968, 3.9977163811320544, 4.052240119257349, 4.124167208060832, 4.185333997684633], [3.9218760183359285, 3.9649072343737526, 4.030744462029483, 4.102457318272633, 4.164232973676902, 4.224827773897951], [4.0139624174419515, 4.0779267328046265, 4.1565122188049735, 4.2351495121462275, 4.298425181207782, 4.361380073608682]]
FCE:[[0.039371334510316894, 0.020128698491470982, 0.012634131415534863, 0.009926626473163756, 0.008324272214861999, 0.007364460896753551], [0.0299969165280925, 0.015419904769241675, 0.009699297566401253, 0.007534508734401353, 0.006405026561174129, 0.00567432664977911], [0.025089301792499515, 0.012986705967757221, 0.008009431155912867, 0.006251715800766101, 0.005318594478559894, 0.004727194049453643]]
