Ri:[50, 100, 150, 200]
Zi:[100, 200, 300, 400, 510]
FC:[[4.00254845736641, 3.999253750049639, 4.007275147076131, 4.024382449652809, 4.038893254019373], [4.005717706922609, 4.022962672001283, 4.039336158570835, 4.071597089609732, 4.092694093595209], [4.140230433176787, 4.164672802509744, 4.18638956349141, 4.218127621474046, 4.244767664779547], [4.7769865372729825, 4.833463901980881, 4.863798017615577, 4.893734790357436, 4.913251246341086]]
FCE:[[0.03620207874543133, 0.024785945228641068, 0.02011152201576339, 0.017307349930051893, 0.015217829190846728], [0.018407108071491294, 0.01258407674009964, 0.010145249512639842, 0.0087682361766002, 0.007738757279490092], [0.012942960060369125, 0.008802343330709915, 0.007104147690080513, 0.0061461561533774555, 0.0054323607134628355], [0.011975401810778498, 0.008079851790583781, 0.006519123677458472, 0.005632454545416911, 0.004972378032012492]]
fps.ts:[1604732822.56044, 1604736835.8573198, 1604740849.1542, 1604744862.4510798, 1604748875.74796, 1604752889.0448399, 1604756902.34172, 1604760915.6385999, 1604764928.93548, 1604768942.23236, 1604772955.5292401, 1604776968.82612, 1604780982.1230001, 1604784995.4198804, 1604789008.7167602, 1604793022.0136404, 1604797035.3105202, 1604801048.6074004, 1604805061.9042802, 1604809075.2011604, 1604813088.4980402, 1604817101.7949204, 1604821115.0918002, 1604825128.3886805, 1604829141.6855602]
fps.e0:[9929.74885334463, 9901.501687083426, 9925.144978680917, 9901.769708865353, 9916.664594959288, 9875.638624683901, 9889.878993336635, 9895.160073048546, 9902.129821809262, 9904.89923568583, 9896.503640033512, 9894.002893216262, 9897.743482393918, 9933.811883164115, 9905.870079411987, 9911.020917924743, 9908.56449144773, 9907.314627210106, 9923.331725429478, 9919.365055823348, 9911.741572524752, 9915.040557596056, 9929.810709439906, 9887.736935634499, 9898.046644780905]
fps.e0u:[16.106872401617686, 16.265280623292604, 16.218447979137558, 16.117002794789133, 16.11213597514131, 16.432215851972117, 16.228910099188813, 16.251081804836403, 16.324029991776733, 16.208549540486068, 16.426797398410795, 16.332996195106823, 16.59243236007813, 16.170553123351205, 16.23376510873105, 16.416682906721633, 16.19337570716549, 16.203076028081586, 16.346701999586312, 16.1523566983835, 16.29292517905206, 16.406167605301924, 16.261749639387883, 16.387541343941756, 16.70741178001441]
fps.lt:[14902.371293222483, 16094.051462134114, 14239.252909720317, 16285.992086307597, 15078.889021507446, 17477.149456740335, 17742.012680003707, 16889.800527482494, 15464.200540849393, 16342.471807940488, 16565.205390294184, 17514.469293763334, 17232.591563863723, 15005.991344202917, 15681.044405976725, 16498.387642044258, 16426.417449953417, 16527.822572108456, 14084.95137322478, 14700.00402354141, 16358.069525432886, 15752.80243399172, 14071.021495801795, 19009.770901068678, 16854.491735536758]
fps.ltu:[1082.0028865160473, 1267.0194551129066, 995.0315045234541, 1302.1320695363765, 1114.376213863632, 1519.2658615595099, 1546.0180168398635, 1396.504799089072, 1177.1069718670672, 1307.9751757733525, 1362.3311609327902, 1515.0856467322233, 1479.4196841543016, 1105.3597892759371, 1211.6209893181456, 1345.3928743319746, 1322.778060921973, 1336.7584314164865, 982.4200370492481, 1062.3065783509046, 1329.371937672021, 1237.8255356505395, 977.1082647598191, 1791.426435756828, 1433.988308015108]
fps.c2:[1.0495970436234976, 0.7762082725297842, 1.3009760970293422, 1.1522592176088284, 1.5978460138032557, 1.3213018104461653, 1.825853748660293, 1.0643381947371262, 0.37450037317847173, 1.355669494705824, 0.5522869613072966, 2.9518547183477106, 0.5697992456026122, 1.2850283824325557, 1.1432232251126626, 2.0347845174284767, 2.3820358170802676, 1.4683872247222045, 1.7354222858163304, 1.285209556205685, 0.578000531119344, 1.3078928532244138, 1.7727342375739619, 0.8150647444368015, 1.7784273306980674]
