Ri:[100, 130, 160]
Zi:[50, 100, 200, 300, 400, 500]
fps.ts:[1517.513520002365, 4552.540560007095, 7587.567600011826, 10622.594640016556, 13657.621680021286, 16692.648720026016, 19727.675760030746, 22762.702800035477, 25797.729840040207, 28832.756880044937, 31867.783920049667, 34902.8109600544, 37937.83800005913, 40972.86504006386, 44007.89208006859, 47042.91912007332, 50077.94616007805, 53112.97320008278, 56148.00024008751, 59183.02728009224, 62218.05432009697, 65253.0813601017, 68288.10840010643, 71323.13544011116, 74358.16248011589]
fps.e0:[10876.432132466814, 10916.333492554539, 10938.896009505932, 10912.770084925118, 10945.103686763146, 10954.223145366599, 10936.044853906873, 10938.842033523411, 10932.137603850108, 10932.000499459991, 10964.804034655243, 10934.865643190407, 10941.10632249849, 10900.173982093218, 10911.87292259943, 10880.122710122267, 10908.349049314518, 10961.046559261553, 10906.930870830549, 10875.49827908814, 10930.483384212917, 10910.561532351418, 10919.475165927686, 10922.864895054177, 10908.485726746427]
fps.e0u:[18.606671036033276, 18.09319593757314, 18.17467012824178, 18.692088467820167, 18.809305007042333, 18.41976609858022, 18.29661405142062, 18.458218460715695, 17.412732656546673, 18.48261012989839, 18.540958492371452, 18.467047883076305, 18.181909643840186, 18.642855738677735, 18.709249532915663, 18.49105538694276, 18.19264113253072, 18.6411622835466, 18.1581657034126, 17.920789840908846, 18.700899041788634, 18.415029413788094, 18.354577822380424, 18.114475345352904, 18.80111976222177]
fps.lt:[7008.318165638617, 6626.77968603011, 6466.022727953448, 6912.982819593425, 6394.710076520231, 6383.784625557384, 6648.514951445691, 6596.044008360255, 6517.107904963475, 6667.702470621536, 6255.952668545808, 6415.984632099829, 6414.046874292036, 6968.4726824821, 6785.352194215918, 7255.904556241533, 7097.88478629905, 6320.795764604383, 6997.037208826912, 7066.362954521779, 6475.432440653439, 6913.412461536304, 6936.750829396632, 6648.352270538958, 6896.736497711501]
fps.ltu:[250.8173151483523, 217.7143720231244, 206.6686550320165, 244.79242935646303, 211.53234570285596, 205.73333051589736, 220.61790904366617, 219.47939237168455, 200.72204027962667, 225.5874273623281, 198.84535741119763, 208.0500442115488, 204.4688442701148, 245.80878133814716, 236.48087571576534, 267.4428580687445, 250.73807794065047, 203.60596534647163, 241.8923684358622, 243.47585643521015, 214.64445318649922, 240.67345859975646, 240.66052461975238, 220.3007996431576, 243.51202095576917]
fps.c2:[2.1140206014393024, 2.6051742084990264, 1.108175525264668, 2.4575267397631753, 0.6699476708502871, 1.3965471595202013, 0.9091694252595155, 0.41838905139415355, 3.4310018375683105, 1.2351795035236581, 1.8828116022843253, 0.8737847252154665, 1.7236695998851723, 1.2700157186789787, 1.414242545207613, 0.7936802794246719, 1.405719101703586, 1.0903281078245748, 1.6685959001171458, 2.093945916637818, 1.2681193710511376, 1.1873615243536697, 1.1250756160086153, 2.086484479511135, 1.0084706784961186]
FC:[[3.8972456664586317, 3.8781859157998433, 3.9263231416639397, 4.000099483158984, 4.100458710870422, 4.221593072494702], [4.004929298128156, 3.945207233287629, 3.9761628828720985, 4.052096620629191, 4.13719873065497, 4.254415795480149], [4.113294388311636, 4.0806422805853195, 4.111742782331395, 4.18232208388683, 4.273089008352592, 4.371515225249869]]
FCE:[[0.047789425488113976, 0.025890474899677066, 0.016467385863083404, 0.013085568807704891, 0.011330073528574038, 0.009920144156891237], [0.03804613921163688, 0.020363546929148726, 0.012782276137210159, 0.010155743021503096, 0.008758678309291725, 0.007665653954428076], [0.03258854574680843, 0.01705519863826986, 0.010598454447526903, 0.008397205667496821, 0.0071081422920454464, 0.006430553107875967]]
