Ri:[100, 130, 160]
Zi:[50, 100, 200, 300, 400, 500]
fps.ts:[1715.7092999982833, 5147.12789999485, 8578.546499991417, 12009.965099987983, 15441.38369998455, 18872.802299981115, 22304.220899977685, 25735.639499974248, 29167.058099970818, 32598.47669996738, 36029.895299963944, 39461.313899960514, 42892.732499957085, 46324.151099953655, 49755.56969995021, 53186.98829994678, 56618.40689994335, 60049.82549993992, 63481.24409993648, 66912.66269993305, 70344.08129992962, 73775.49989992619, 77206.91849992274, 80638.33709991931, 84069.75569991588]
fps.e0:[10754.440973507852, 10756.225569125738, 10771.127941484125, 10781.270233276213, 10787.747009138451, 10782.02251788819, 10753.71967629293, 10758.31351026277, 10761.479296998195, 10778.017509893254, 10783.401072372822, 10766.685238857719, 10771.466697594235, 10762.982615713747, 10754.52138228884, 10774.499629245147, 10757.574727287396, 10757.017904781302, 10765.039022325824, 10776.494333297882, 10764.084665967857, 10785.300264318696, 10770.425897029265, 10775.357838916596, 10768.90964285986]
fps.e0u:[11.467088777620415, 11.552031555052249, 11.511699197098679, 11.430346297213555, 11.41887896445803, 11.591447283783593, 11.528500055154879, 11.55084078701737, 11.474396887313462, 11.457731126245028, 11.518912912240078, 11.541165389772026, 11.471969707079772, 11.34872727868321, 11.525684288391785, 11.534674002170675, 11.47502561980305, 11.495747869866038, 11.44932299190835, 11.396074660154316, 11.33204463287121, 11.281616202363555, 11.429549017022783, 11.520122560628826, 11.485979280781708]
fps.lt:[5483.023563860122, 5476.3300825529695, 5391.3673222820435, 5431.472953186192, 5271.476179297045, 5291.341786111349, 5483.252461053489, 5499.171293710045, 5474.500550119354, 5326.484816454811, 5311.050133607988, 5508.236394111126, 5485.848264549262, 5455.538131556602, 5508.367508009092, 5475.923251052099, 5567.140757406874, 5563.252796876783, 5537.065497689827, 5460.630589477384, 5572.4989547737405, 5373.777454663187, 5535.23847014647, 5480.440628423469, 5541.827023890644]
fps.ltu:[93.51263735340025, 93.90949342925586, 91.17347596584585, 91.21418947025545, 85.97921915970345, 87.7511460894424, 93.73562388859206, 94.44156356654533, 92.92088004453007, 88.1355743057966, 88.36789282841949, 94.99519766613881, 93.58076534384328, 91.52479081597112, 94.51515682952817, 93.1746599851151, 95.99394000768812, 96.13440146003363, 94.73949517585329, 91.89330067866528, 95.15251479795397, 88.43547539913388, 94.48630808312296, 93.19230262626307, 95.20243211455151]
fps.c2:[2.361765429493986, 3.5119081206878566, 2.067474915822908, 3.14968750430193, 4.681242495168616, 2.3532414113606297, 2.674747534178401, 3.0667409158122987, 2.5052753163878454, 3.9156468856642386, 3.522211946048018, 2.58818423528532, 2.108430284324752, 2.070309337673563, 1.5271682324961249, 1.7652857299793785, 3.262471045560027, 2.705136709968158, 2.094076318318426, 2.18954543275834, 2.1598428215308085, 2.633076118174455, 1.8608371180204533, 1.1940800115124326, 2.2838700081640373]
FC:[[3.7983109334084695, 3.810256217177344, 3.8417024565581763, 3.9146389054434407, 3.964735903918941, 4.02247076252416], [3.853361372346963, 3.857720052845035, 3.8896223306112243, 3.95915313931981, 4.007505006173648, 4.064881566085357], [3.963902431183137, 3.9752714964827294, 4.027061719339164, 4.085921849857405, 4.135319759565336, 4.196632960618895]]
FCE:[[0.03566786804750447, 0.018026996310132604, 0.01078751807372271, 0.00816124615170663, 0.006826921172894863, 0.005859669122149501], [0.02715970136924856, 0.01395889300216981, 0.008096883098840168, 0.0061352985194732855, 0.005148498255987299, 0.0045394620083593655], [0.022543371530755855, 0.011226353549752629, 0.006685000515759815, 0.0051798481066167, 0.004364376885658561, 0.003775833831896393]]
