Ri:[100, 130, 160]
Zi:[50, 100, 200, 300, 400, 500]
fps.ts:[1755.4928000020982, 5266.478400006295, 8777.464000010492, 12288.449600014686, 15799.435200018885, 19310.42080002308, 22821.406400027277, 26332.392000031472, 29843.37760003567, 33354.363200039865, 36865.34880004406, 40376.33440004826, 43887.32000005245, 47398.30560005665, 50909.29120006085, 54420.27680006504, 57931.262400069245, 61442.248000073436, 64953.233600077634, 68464.21920008183, 71975.20480008604, 75486.19040009021, 78997.17600009442, 82508.16160009863, 86019.1472001028]
fps.e0:[10898.522064209883, 10928.377058498674, 10929.457631109444, 10924.984014603077, 10953.26647489585, 10890.32094173246, 10900.072723098765, 10907.758148338606, 10941.925047450739, 10923.394025742786, 10934.146506297995, 10935.727109073572, 10933.364057040071, 10961.55689371546, 10911.61483110176, 10898.714136209897, 10908.501651055585, 10924.476804779277, 10941.833045184123, 10908.091376307562, 10933.52892021335, 10920.266552417776, 10910.483998752325, 10912.020662028643, 10929.4559589856]
fps.e0u:[16.340108495575464, 16.745542864206875, 16.65219552431993, 16.782071291072178, 16.492743145778714, 16.66128190287516, 16.719157710269744, 16.64351048598539, 16.868784511126364, 16.43773753368764, 17.026732081697062, 16.714636714527487, 17.106393075043044, 17.113978403978425, 16.666674083587335, 17.04974502967121, 16.793432129052544, 16.72355614906954, 16.647937035515135, 16.721485236827533, 16.73200454287662, 16.44684309659936, 16.837719487083703, 15.9563615050471, 17.198495566084276]
fps.lt:[6832.987717209277, 6371.4342831296, 6584.67422207264, 6493.183272030421, 6221.497267433255, 6931.704888631484, 6784.642897976676, 6711.886734848153, 6256.459275137261, 6447.567014069249, 6453.113442850268, 6434.085553052031, 6593.366500109398, 6323.837892509904, 6824.705432794894, 6770.396212446956, 6793.577598146096, 6532.0576185035725, 6384.148561440922, 6891.666504647084, 6756.356051880299, 6650.80086883457, 6930.057423889283, 6661.768073310851, 6683.324586882254]
fps.ltu:[209.2367799076966, 185.55487776201628, 196.6332177351113, 194.03539109758162, 174.28355025625285, 219.2766993059258, 210.38165905881814, 206.4796477263554, 180.80827781375257, 188.52101862064825, 192.57152545588863, 187.78306536028077, 201.91736123807416, 187.52289994742083, 213.48157666682133, 213.2985001173084, 211.7178276561845, 196.6157647492007, 186.51014425180898, 217.22122522400326, 208.61393712595842, 198.8647725481924, 221.95576094526774, 193.97262092154605, 209.79980121125092]
fps.c2:[0.820499645781854, 1.3411622146207896, 1.1805278223829667, 2.154919715806878, 1.0592199552404062, 2.0087027073817505, 0.83531696390568, 1.4153868152571552, 1.2217575971435688, 1.2478295670128259, 1.496596849078067, 1.9407472036011468, 1.7859584247534246, 1.4951152142303092, 1.196351436518632, 1.9775491345016012, 1.6446245487472513, 2.132273994652839, 2.3513459329307844, 2.555729030694595, 0.7887355853688341, 0.9777629310717306, 1.1834269839679512, 1.7460880663833354, 1.4492764078085398]
FC:[[3.981159904170593, 3.8988183804959453, 3.905617210456193, 3.9475100886069336, 3.9888840487970305, 4.037699497985695], [4.003699343894666, 3.952618663851725, 3.953584645722088, 3.9896468506106832, 4.039940267143758, 4.085148473307376], [4.134267692929902, 4.064372097158992, 4.080650635142803, 4.116794211708264, 4.170402400327858, 4.219600011006166]]
FCE:[[0.04571299016024459, 0.024320104885851707, 0.015026867794651419, 0.011739332706331011, 0.009893193300633525, 0.008746197481740435], [0.035649023068153, 0.01900220126107937, 0.011589624236844455, 0.009031519067013643, 0.007656287095094806, 0.006784025435773455], [0.030414696232989685, 0.015643262359077006, 0.009772119218148053, 0.007440858610520911, 0.006339237318610211, 0.005642953138945626]]
