Ri:[100, 130, 160]
Zi:[50, 100, 200, 300, 400, 500]
fps.ts:[1705.9605399990082, 5117.881619997024, 8529.802699995042, 11941.723779993057, 15353.644859991075, 18765.56593998909, 22177.487019987107, 25589.40809998512, 29001.329179983142, 32413.250259981156, 35825.17133997918, 39237.09241997718, 42649.013499975204, 46060.934579973225, 49472.85565997124, 52884.77673996925, 56296.697819967274, 59708.61889996529, 63120.5399799633, 66532.46105996132, 69944.38213995934, 73356.30321995735, 76768.22429995537, 80180.14537995338, 83592.0664599514]
fps.e0:[10909.942746506207, 10902.289909251958, 10928.279383072659, 10864.323831880241, 10890.669230040336, 10913.965862257539, 10936.222248026466, 10884.773404632442, 10962.7680833928, 10954.595376186162, 10977.700955724828, 10933.066889088106, 10941.207179331772, 10947.597047766581, 10932.865510396703, 10947.119285109004, 10955.017098623397, 10942.433518928727, 10915.59597849755, 10932.51676395212, 10929.279199357592, 10951.13466437196, 10924.018158513638, 10916.524196128015, 10916.775846216158]
fps.e0u:[15.601686523566046, 15.514423633605317, 15.376812055205527, 15.33990084634463, 15.159666251865472, 15.344028916492011, 15.422006543678215, 15.351974724924167, 15.15540492792394, 15.48335634110908, 15.29289166466896, 14.913627481922518, 15.33098380184915, 15.298544938374409, 15.144757413472488, 15.407219937928872, 15.471639079397766, 15.315485391952326, 15.306097540699948, 15.401048031254879, 15.175731701487452, 15.277579815117095, 15.48310490628484, 15.318460507996349, 15.278278924370623]
fps.lt:[6424.138934242459, 6651.156093332715, 6336.130807498828, 7279.423970762383, 7141.3239573335, 6713.9471669348195, 6504.153611605243, 7063.163571632743, 6191.372248797311, 6240.9895893646235, 6150.157518320036, 6390.377763053153, 6472.579304468793, 6230.059095694013, 6459.966005685163, 6237.885878267214, 6187.416987651181, 6255.872069977032, 6625.457777825852, 6318.073559135484, 6229.231824350662, 6036.274382178407, 6384.292969638957, 6533.444964640411, 6545.4841539526415]
fps.ltu:[176.75405126210188, 188.2723643129442, 168.69263371481557, 222.45135632805378, 210.1732005961349, 188.557131146244, 176.77618148264744, 206.38560229298736, 158.70770302322597, 163.80304895952415, 156.7783892694226, 166.4252253753427, 173.83054015620803, 161.40335396052572, 172.11179291096067, 162.31115792762202, 160.4194053412956, 163.5090356322211, 182.384594190634, 167.06891905622254, 161.12592602914506, 152.10308946098252, 171.61139385861156, 179.28324191655696, 177.77588000786196]
fps.c2:[2.485892878884364, 2.2148543942493975, 1.642376956943733, 3.108793460190606, 4.456947149291226, 4.901574875955142, 3.1536356208434713, 1.677118251377298, 3.1838903582266007, 3.054533464019907, 2.390235377783206, 1.6800316958391692, 1.3098967812705646, 2.023510945156079, 2.058741442864179, 2.254757783201204, 1.7086665937850198, 3.0139114255237613, 3.5512506858176853, 2.571085376290329, 1.5248206455478932, 3.6395777691601383, 1.6877285900801504, 1.9240805495346198, 1.797014119307647]
FC:[[3.8606499956394043, 3.9353568263246226, 3.988464696034497, 4.056997258387563, 4.118233469648101, 4.1762667695558875], [3.91231184533306, 3.9740284358763116, 4.0552230074604685, 4.113818003815393, 4.182065785408498, 4.246768447552889], [4.028024871777256, 4.1078699107006855, 4.204907362808286, 4.269725681052724, 4.331566937489913, 4.399768622438409]]
FCE:[[0.03942174508894777, 0.022304010927744203, 0.014304004270158311, 0.01105300141245093, 0.009372138719320421, 0.008319905754932376], [0.031136937939979063, 0.01740216882588113, 0.011025796394899073, 0.008610159858459605, 0.007233916629440246, 0.0064332846343507465], [0.026623241372932687, 0.014558307756153533, 0.00921474798064544, 0.007218546003698229, 0.006143634999918898, 0.005482414089868932]]
