Ri:[100, 130, 160]
Zi:[50, 100, 200, 300, 400, 500]
fps.ts:[1719.3176800012589, 5157.953040003777, 8596.588400006294, 12035.223760008812, 15473.85912001133, 18912.494480013847, 22351.129840016365, 25789.765200018883, 29228.4005600214, 32667.035920023918, 36105.671280026436, 39544.30664002895, 42982.94200003147, 46421.57736003399, 49860.21272003651, 53298.848080039024, 56737.48344004154, 60176.11880004406, 63614.75416004658, 67053.3895200491, 70492.02488005161, 73930.66024005413, 77369.29560005665, 80807.93096005917, 84246.56632006168]
fps.e0:[10829.883663147613, 10866.489685938903, 10840.261969125693, 10866.769204160844, 10846.529703623153, 10880.861286215271, 10872.645765215537, 10861.813167042132, 10860.230583083365, 10860.615780858057, 10874.332565894438, 10866.129935517718, 10856.145928095666, 10881.344108457033, 10862.20559131814, 10879.197119464794, 10904.57509516258, 10906.867515196058, 10873.313228561596, 10905.787460508145, 10883.593601331964, 10935.914725811133, 10863.467138569535, 10887.65025907194, 10893.272968080932]
fps.e0u:[15.4363766767097, 15.402839002070142, 15.687026163706706, 15.693586206712045, 15.46129583976214, 15.566902306364259, 15.454908845601155, 15.450994556091159, 15.651873437075345, 15.757799601550316, 15.561141855556087, 15.636803928072826, 15.648840417157512, 15.447122379838603, 15.83745682057598, 15.464900333632539, 15.609684876568958, 15.50386257411291, 15.829068847762112, 15.744105143751533, 15.534161339985742, 15.526967415848477, 15.882864013261887, 15.663245316306883, 15.663064914075898]
fps.lt:[13111.181316063907, 12468.492059889199, 13145.68102299015, 12280.013232542276, 13861.122620526356, 12166.640102627758, 12521.069618301055, 12827.933538619574, 13419.910534272905, 13980.796917905678, 13147.08830582658, 13433.514575222993, 14071.2611638007, 13059.962842881318, 13808.598648509214, 13320.417422419026, 12481.770903398852, 12339.80520656426, 14223.452881612258, 12820.725988615379, 13167.088072027038, 11525.103869835339, 15018.904973323624, 13549.788291224406, 13300.778640595763]
fps.ltu:[739.1978855348647, 662.8468008184192, 759.0069221154456, 653.5796350683996, 823.529739666225, 639.4997314049053, 669.4662741676311, 709.8712874870567, 782.8049142171212, 842.7465001376397, 746.7363100118661, 780.0021803485765, 854.3156947855265, 731.112496539158, 828.0937506475533, 768.786886517383, 671.4472917584093, 648.671720773846, 884.5987860249294, 711.4593308350994, 748.2871025410033, 571.538400671751, 978.5186507287382, 785.111488083942, 767.1552058614368]
fps.c2:[1.4143946390157822, 0.7234219835389515, 1.082745515953814, 1.3076901295764871, 1.3598056214167384, 0.689648281057778, 1.15320193840464, 0.9203655546383426, 0.9867766284237984, 2.072140146756646, 0.4764873456590687, 1.8069283573457964, 1.6294155761494944, 1.692691010529592, 0.6106294838684486, 0.7655351526367714, 1.9653790191221718, 1.4729610596716447, 1.6219759672302136, 1.2761865244506236, 1.1635472518104295, 0.4397801008464063, 2.0351664383923764, 1.2302601565571203, 1.6336967249822296]
FC:[[3.847075828196563, 3.8898446659847665, 3.913119688882197, 3.926597070680796, 3.95671817577872, 3.9884690627905153], [3.8870550535912214, 3.922830840699426, 3.9584875208301864, 3.976971148480173, 4.006705431511993, 4.036431396547068], [4.044668419896639, 4.070110588212257, 4.087312169190793, 4.103859506824302, 4.134394715614536, 4.161081957217751]]
FCE:[[0.0339616494508347, 0.021256696703174836, 0.014027595228473569, 0.011071091955567536, 0.009387202675586334, 0.00829321752131369], [0.026646524280027645, 0.016494998644768673, 0.010870683177684503, 0.008603145007791592, 0.007311539341633109, 0.006469506792337261], [0.022387321668459984, 0.014032839407807574, 0.009217225873086966, 0.0072985112514185255, 0.006218455587709277, 0.005504560912514102]]
