Ri:[50, 100, 150, 200]
Zi:[100, 200, 300, 400, 510]
FC:[[4.018519545415272, 4.034144160186611, 4.030112867687912, 4.063792869947196, 4.06962473628635], [4.0229659078731625, 4.017414800671408, 4.0309630284308495, 4.058966042861026, 4.0855014693615255], [4.149770253450402, 4.154746937437214, 4.175328991269417, 4.206374874857173, 4.235471589741317], [4.758840020610768, 4.793166468541656, 4.829291232241144, 4.86442727949027, 4.887839342752806]]
FCE:[[0.042252471761340504, 0.028977948216848747, 0.023230283800114635, 0.020311037211527667, 0.0177899930634516], [0.021285794230018057, 0.01444618200471033, 0.011644599432146404, 0.010110835436482698, 0.008933463686782363], [0.014979913788179243, 0.01016934576014474, 0.008197368036547479, 0.007098995601288612, 0.0062802282491686056], [0.013543583346812386, 0.009232235747552707, 0.007461650424125398, 0.006451580738202892, 0.005702412808718542]]
fps.ts:[1606237515.7567801, 1606240949.11434, 1606244382.4719, 1606247815.8294601, 1606251249.18702, 1606254682.54458, 1606258115.9021401, 1606261549.2597003, 1606264982.61726, 1606268415.9748201, 1606271849.3323803, 1606275282.68994, 1606278716.0475001, 1606282149.4050603, 1606285582.76262, 1606289016.1201801, 1606292449.4777403, 1606295882.8353, 1606299316.1928601, 1606302749.5504203, 1606306182.9079802, 1606309616.2655401, 1606313049.6231003, 1606316482.9806602, 1606319916.3382201]
fps.e0:[9963.03129274024, 9944.565923036793, 9984.29943880177, 9952.877068825692, 9940.800972594276, 9981.677216630174, 9962.536487664347, 9947.485227666062, 9991.213936890543, 9953.30304038734, 9969.307676661792, 9957.741095536005, 9962.748317783002, 9977.502652401728, 9952.639747269866, 9943.597931105382, 9963.600575564933, 9980.196957314402, 9962.338043320078, 9996.51883363587, 9989.412085821368, 9961.89281344829, 9972.797089907537, 9964.319553242161, 9941.77742154502]
fps.e0u:[18.530838986525236, 18.730391634850573, 18.709041487580084, 18.773027576874767, 18.84111615382104, 18.758483490596294, 18.94325150965596, 18.765439604125792, 18.667176725490133, 18.930452498607526, 18.91570475045368, 18.715803699959874, 18.722896492873154, 18.75333879296149, 18.815563150457425, 18.804224451995452, 18.98524904604528, 18.7127268038668, 18.781487610118173, 18.799582168580358, 18.780726429596626, 19.000977183470802, 18.846155882683455, 18.878063740076307, 19.184530467950257]
fps.lt:[17018.515212693877, 16066.962421780458, 14558.589241451238, 16660.070711692784, 19184.689618134897, 14652.792052906645, 16067.110536242628, 17153.67142454457, 15045.714577268915, 15445.958892304503, 14582.781536803488, 15971.45303414722, 15850.916448750571, 15837.615934090503, 17168.754415975116, 18406.138440328727, 16238.254388032854, 15273.29852533363, 16472.653330902005, 14785.247237022526, 14248.433216978308, 15690.016874735613, 15676.9600740745, 16298.4829573477, 16669.751316536327]
fps.ltu:[1616.9339825552834, 1459.3459863203125, 1192.4749711093812, 1576.6127859480098, 2091.1248340352536, 1221.006173367237, 1474.8080751813868, 1667.2755054134705, 1267.6722842860163, 1369.1407195905838, 1222.3217677137154, 1439.1896010258447, 1424.7245277827833, 1418.1433402665007, 1680.3358913762208, 1932.497767700678, 1508.502605473112, 1314.411245976972, 1544.2966506805765, 1236.1126763954805, 1151.2719188157298, 1412.304577040096, 1395.1047816251555, 1516.6704329858617, 1603.5802950790544]
fps.c2:[1.6316613243724132, 1.3740774977063182, 1.291847889894315, 1.1439723589348707, 0.6907796146523049, 0.9217323273824479, 1.3010467141938142, 0.8722005993224374, 1.9206256421326555, 2.7127670919613545, 0.8459964807989883, 1.0208243355972932, 0.8714085246331981, 0.8182238182395477, 1.883853571404745, 1.3684395560543845, 1.8323594589353147, 1.2549435685108183, 1.0493596541380072, 1.2542630909658545, 0.6257587374238405, 1.612257115487092, 0.8087288299416537, 1.6904159620663282, 1.5421970080555552]
