Ri:[50, 100, 150, 200]
Zi:[100, 200, 300, 400, 510]
FC:[[4.032135796326155, 3.9758958416173087, 4.013542840718971, 4.02113835205445, 4.065418615308011], [4.016301876056501, 4.005628704301507, 4.046128293906465, 4.076325938571565, 4.109393221930807], [4.1500615366734195, 4.145842828320819, 4.1782499170691505, 4.212009485987703, 4.249088572739731], [4.764850990531082, 4.812737318234361, 4.851322475930355, 4.8846842257402185, 4.906063966345516]]
FCE:[[0.03857506807233793, 0.026024475935629517, 0.021116291400489456, 0.01817121714744571, 0.015703956459243804], [0.019448216380737456, 0.013100306962174756, 0.010351639576788632, 0.008942988464630593, 0.007934169209532039], [0.012987287066499943, 0.008749121629572395, 0.007086985952343762, 0.006123517674067736, 0.005430807961533805], [0.012219023377303339, 0.008246858861504575, 0.006680103685806212, 0.005762255120740464, 0.005090079436763625]]
fps.ts:[1603454600.33824, 1603458039.19672, 1603461478.0551999, 1603464916.91368, 1603468355.77216, 1603471794.63064, 1603475233.48912, 1603478672.3476, 1603482111.20608, 1603485550.06456, 1603488988.9230402, 1603492427.7815201, 1603495866.64, 1603499305.49848, 1603502744.35696, 1603506183.2154403, 1603509622.0739202, 1603513060.9324002, 1603516499.7908802, 1603519938.6493602, 1603523377.5078402, 1603526816.3663201, 1603530255.2248003, 1603533694.0832803, 1603537132.9417603]
fps.e0:[9973.36061987, 9945.487561845144, 9946.359406817248, 9964.78431549121, 9972.500865577487, 9977.620617683287, 9960.139954673348, 9963.801924969643, 9971.035427785631, 9939.702391319133, 9957.244096178618, 9943.81067218164, 9928.482226422404, 9944.918457647249, 9947.174938733724, 9969.684450695635, 9991.125518578512, 9956.607992148918, 9945.446948867682, 9957.353162912363, 9932.934350794278, 9956.603762926017, 9957.88601247835, 9946.950389552192, 9957.235500907345]
fps.e0u:[16.841168584098877, 16.965232814391857, 16.80644447423352, 16.900348046079, 16.650824453277764, 16.794444140939262, 16.923648628584584, 16.846935307866218, 16.784250729739036, 16.81280273956628, 16.839893638695393, 16.990533587664263, 16.743684219538846, 16.979125031465422, 17.07489523553815, 16.835756649503715, 16.62063981631343, 16.90497595345626, 16.611064731561584, 16.833292066644653, 16.927743721704662, 17.018339112064567, 16.74353239466697, 16.66502417786888, 16.87389150064994]
fps.lt:[13497.835301612995, 14219.425781027532, 14910.381396605695, 13144.609524248628, 12771.428622012454, 13202.887601430006, 13770.384205514365, 14153.152102130467, 13915.535768042679, 15583.471135052072, 13624.821698272379, 15354.159259065382, 15356.287253880335, 14522.305598138386, 14923.454419937396, 13169.872875527957, 12356.762820591266, 14929.167363525381, 14926.38680439038, 14777.650499273903, 14868.618728624571, 13436.58186397041, 13530.81841389192, 14635.472937786686, 14795.963794924175]
fps.ltu:[929.1299021069096, 1033.0251974880698, 1127.43219443784, 884.2996885113085, 824.959405606873, 880.1985919529384, 966.0640056771631, 1013.12576265605, 977.9380429163754, 1232.251601916434, 944.5744381519046, 1203.2427887304382, 1195.0846208564938, 1085.9458078998637, 1150.188344684871, 884.706616036296, 768.0681384627286, 1129.979780048815, 1119.8648855720705, 1111.5913704370598, 1133.0115950866593, 927.610340074497, 930.5065179739826, 1082.0286045038863, 1122.3400276069235]
fps.c2:[0.7807319082075944, 0.953921329260174, 1.6754886723630198, 0.5991317826001569, 0.7986496695707562, 1.1343232872139466, 1.6757499270761127, 2.4986506593506235, 1.3264469831578465, 1.6905260449704695, 0.6682528954163127, 0.8693170168782841, 0.9996694693161376, 1.9792101837076663, 1.8681495557262313, 0.6191192187888125, 1.7049777119130949, 1.2715055275606775, 1.6362502286301017, 0.873707577577043, 1.0271104009313086, 0.8782707900063026, 1.1835707702679463, 0.7930189180176144, 0.4134840946874023]
