Ri:[100, 130, 160]
Zi:[50, 100, 200, 300, 400, 500]
fps.ts:[1867.2445799970626, 5601.733739991188, 9336.222899985312, 13070.712059979438, 16805.201219973562, 20539.690379967687, 24274.179539961813, 28008.66869995594, 31743.157859950064, 35477.64701994418, 39212.136179938316, 42946.625339932434, 46681.11449992657, 50415.603659920685, 54150.09281991482, 57884.58197990894, 61619.07113990307, 65353.56029989719, 69088.0494598913, 72822.53861988544, 76557.02777987957, 80291.51693987369, 84026.00609986781, 87760.49525986194, 91494.98441985607]
fps.e0:[9606.418894042206, 9750.70261795897, 9842.02510884069, 9907.845312146934, 9982.22768478195, 10054.982807650222, 10103.829027377027, 10180.887398821755, 10275.397440069182, 10270.781689317788, 10324.597157491307, 10379.539622858341, 10373.411649576074, 10407.081184399745, 10439.81173678256, 10482.944066346985, 10493.657087769163, 10527.334949233698, 10557.615733229643, 10543.195212456998, 10589.336807831878, 10601.451811036479, 10606.678746745158, 10612.244990660234, 10639.237979495105]
fps.e0u:[13.644751303664695, 13.561521610948462, 13.485390294080949, 13.718801054960588, 13.543025866569076, 13.750426289276435, 13.790741547404767, 13.586729525783607, 13.701939925004286, 13.890685026819403, 13.781372887844213, 13.929359619257, 13.858394073319221, 13.770224603023694, 13.80680992865115, 13.869970061105937, 13.985375787486655, 13.831202336546365, 13.703166818633752, 13.82108422459127, 13.829180406637244, 13.785163701884004, 13.683597059087829, 13.888517966557103, 13.939584294192777]
fps.lt:[11410.64890580583, 10462.581771716663, 10815.122682722562, 11636.32610514888, 11870.581001866329, 12074.182240793274, 12300.087324462118, 11685.772467033652, 10402.832415479897, 11799.152114905224, 11375.551521473739, 11119.504425370313, 12551.169189473774, 12955.327805884652, 12094.384916316614, 11150.175998709368, 11743.919582769584, 11101.361646561283, 11266.927404661903, 12407.005346419019, 10855.883735630678, 11197.320363267147, 11641.833088525545, 11215.882644695403, 10852.308338744282]
fps.ltu:[544.0105585244895, 448.6750224763078, 475.9341151154434, 555.9037373317934, 571.050940252315, 592.7283415324117, 616.3893834376578, 545.4524186430472, 430.43848490326275, 557.9363485154965, 518.7728056698445, 496.5978121889761, 628.4997780812479, 662.5213523585952, 578.3403436913416, 491.65503850625714, 549.733429904084, 487.01515908194017, 498.86084075681646, 604.4608853105298, 464.9716017654402, 493.0527081832212, 528.8325023494428, 494.443176576093, 465.85226325262096]
fps.c2:[1.2255625629734128, 1.0874894864042226, 2.0987696889734564, 0.6781606483187992, 0.788221128235537, 0.8954613177177774, 1.3686152249139616, 1.81376942262898, 0.618645999112982, 2.3575010399264995, 0.8712100772055393, 2.4381741042126377, 1.3240294861958186, 1.6875877812632467, 1.6255935355020295, 0.35544004076517843, 0.5468903730663963, 1.171792123135392, 1.459495373340705, 1.670547901867745, 1.3935407783625438, 1.7482406631856295, 1.5189499204023063, 1.650468875820881, 1.312452042565369]
FC:[[6.531825918771856, 6.45476645661825, 6.500902668554357, 6.443465656185988, 6.498083315564192, 6.605618667052292], [6.496832721404419, 6.390933236920169, 6.411395329445355, 6.482569226737785, 6.594019147220237, 6.698064014946455], [6.591046017492515, 6.541513219261676, 6.646927690022229, 6.712526228944434, 6.802884508160419, 6.88169212420894]]
FCE:[[0.05904341302756511, 0.033726128029928054, 0.02185944060384762, 0.01608523610139653, 0.013686149499999077, 0.01226037894043929], [0.043611989051021816, 0.02465975869873277, 0.015650489466520867, 0.012356193535700506, 0.010719371199604746, 0.009614571676973972], [0.03563780846111016, 0.020438971596185143, 0.013466580688064667, 0.010618147578905422, 0.009128757711124584, 0.008123036122429142]]
