Ri:[100, 130, 160]
Zi:[50, 100, 200, 300, 400, 500]
fps.ts:[151.12889999866485, 453.38669999599455, 755.6444999933242, 1057.902299990654, 1360.1600999879836, 1662.4178999853134, 1964.675699982643, 2266.933499979973, 2569.191299977302, 2871.449099974632, 3173.706899971962, 3475.9646999692914, 3778.2224999666214, 4080.480299963951, 4382.738099961281, 4684.995899958611, 4987.25369995594, 5289.51149995327, 5591.7692999506, 5894.027099947929, 6196.284899945258, 6498.542699942589, 6800.800499939918, 7103.058299937247, 7405.316099934578]
fps.e0:[10921.77029058644, 10935.189934353371, 10956.934678548525, 10928.953358144354, 10953.884493941548, 10942.374808802044, 10879.864250935228, 10898.937654349307, 10865.289742258185, 10936.2613197703, 10929.727481609343, 10963.439430993329, 10932.113693146233, 10952.79920055891, 10880.847085980691, 10956.891698222094, 10973.038122803855, 10934.35717270718, 10915.416232440179, 10836.609350473575, 10931.920503149555, 10944.951805925326, 10979.207753356413, 10945.142460957533, 10904.728208413706]
fps.e0u:[33.26474213709004, 32.22361774632373, 33.529497885767746, 33.18025331945655, 32.74166601697397, 32.541611050978474, 33.3947969715246, 33.24549273774749, 33.08718739507055, 32.34324008680687, 33.46602469028899, 33.62373869425056, 32.200342990365044, 32.995060054492996, 33.899574602141826, 33.717067459361594, 31.864252621610262, 33.17987417032493, 32.969950514754515, 32.76764738289724, 33.74053994332788, 34.53740978867462, 32.97202765582294, 33.43233204668495, 32.89997025729957]
fps.lt:[3115.050213580562, 3081.8626797029256, 3023.671260109385, 3089.0810081012073, 3063.9172707697553, 3090.692185428851, 3214.737499653059, 3122.3685124362896, 3248.232493228681, 2997.062962165026, 3057.0353069528687, 3011.5035175850526, 3050.087656848181, 2997.0510243390186, 3145.016912762408, 2987.0343085826585, 3053.267527326957, 3020.9392073876943, 3100.656051444633, 3351.0014204585855, 3019.8055648951486, 2995.4820096249673, 2930.761133500579, 2994.381094534787, 3196.9208239810346]
fps.ltu:[92.61059821908044, 89.10866981422393, 88.04191635828542, 91.29564150365594, 88.91269450219934, 88.96093561494263, 98.50465340331971, 94.7028322137046, 101.7595917694713, 84.25742470101484, 90.19989175809656, 87.95206594978681, 85.76730388451223, 85.98764980375113, 95.54250020694091, 87.32713463110096, 85.89997187687162, 87.56196673240719, 91.44399851146386, 108.08197778243994, 87.33564386688302, 88.80896396133511, 82.90294179257323, 87.37999900279183, 95.71379265690449]
fps.c2:[0.9750704744521457, 1.2847172983597093, 1.097802080854783, 0.7127479112658931, 1.0089584485225012, 1.2800182423557014, 1.2368787820182634, 0.9451164399457345, 0.9026463310601643, 0.8565995020020074, 0.5676543761058594, 0.6490976113606047, 1.0240001967644263, 1.043272527603265, 1.58892188494596, 1.3243680062587673, 0.9921078452989924, 0.4268028996359666, 0.9731258382616031, 1.0959490664135734, 1.0236374093336118, 0.4852978133164432, 1.0058730488903895, 0.8789052118141965, 1.1620045298175212]
FC:[[7.700285753498265, 6.928581587686331, 6.629387785221682, 6.543673464790701, 6.455639305632746, 6.419140350541487], [10.42767360798072, 9.712463096900395, 9.142831224758007, 8.987763070263863, 8.861126183380284, 8.824535185195971], [13.653368654624181, 12.945546583781484, 12.21044212931012, 11.879692494350547, 11.673612438771555, 11.556974586864303]]
FCE:[[0.22588402443553834, 0.0903616644989703, 0.05007913058443131, 0.03899868547333967, 0.03277830183197334, 0.029028363133546793], [0.23016554674547754, 0.09285255113788603, 0.05168948922968553, 0.03987921439248918, 0.03351038553375553, 0.029694110355082896], [0.2923395279220505, 0.11781633769437039, 0.06303206138708209, 0.04729064449700863, 0.03929459919867017, 0.03457649616450875]]
