Ri:[100, 130, 160]
Zi:[50, 100, 200, 300, 400, 500]
fps.ts:[1761.4368200016022, 5284.310460004806, 8807.184100008011, 12330.057740011216, 15852.93138001442, 19375.805020017622, 22898.67866002083, 26421.552300024036, 29944.425940027235, 33467.29958003044, 36990.17322003365, 40513.04686003685, 44035.920500040054, 47558.79414004326, 51081.66778004647, 54604.54142004967, 58127.415060052874, 61650.28870005607, 65173.16234005928, 68696.03598006249, 72218.9096200657, 75741.7832600689, 79264.65690007209, 82787.5305400753, 86310.4041800785]
fps.e0:[10894.261312654733, 10901.384548949809, 10900.432917973205, 10927.613227103006, 10918.542020089964, 10917.91711225743, 10907.231980828261, 10911.808520557075, 10925.007256774341, 10912.495297487107, 10920.728291081012, 10922.72681305617, 10906.924056140837, 10908.37523753392, 10898.791144440092, 10910.66011378508, 10899.914583929649, 10908.029130077199, 10905.878377665662, 10898.918630308819, 10913.773587794523, 10892.141017018015, 10919.186518057126, 10889.308370826311, 10926.394154379184]
fps.e0u:[10.393812704816, 10.40817263484057, 10.356496298011773, 10.374833790383391, 10.358645360452872, 10.410255163870817, 10.35235308283946, 10.338329954582305, 10.453712228549746, 10.329300282581668, 10.269887949828043, 10.444631044526789, 10.332250930611114, 10.450195643114702, 10.249190477836834, 10.330677533881815, 10.441712298728135, 10.436915176482106, 10.420642177476948, 10.387598105058009, 12.037591368630697, 10.712575817119651, 10.729781564834566, 10.753054860719116, 10.797720551492601]
fps.lt:[6221.359521976732, 6047.507652767314, 6057.6875312040875, 5852.483712002678, 6043.936828750212, 5925.798120157514, 6001.774549524433, 5981.198941798063, 5989.334527316801, 5991.961768233091, 5993.393751614199, 5921.142169473113, 6142.316893426354, 6049.882244275638, 6218.88842055163, 6157.288703172802, 6190.891068440726, 6121.686096103161, 6091.758363011017, 6249.40347789276, 6019.016018721983, 6229.914730182492, 5988.621035501099, 6263.542920536545, 5961.4445635819775]
fps.ltu:[109.98246555233386, 104.22140703365753, 104.25521969470513, 97.32203287808754, 103.25587510635506, 99.67798362940869, 102.3111197540197, 101.25485624270655, 102.14876355779592, 101.7156078543731, 100.87709715992955, 99.62235708822143, 106.52795797519245, 104.51260429778226, 108.57071655055249, 106.60293185828861, 109.18655622943015, 106.31853210521992, 105.23784460806439, 110.88370939430895, 119.02316813605653, 112.92688072779461, 104.99813815154786, 115.13514120842095, 105.20454394804302]
fps.c2:[3.3410031607739863, 1.6724959840385136, 3.05034872525513, 3.278189416612475, 2.7164660541110544, 2.466218259701086, 1.9582157750168734, 1.8821082777648608, 1.6637945053416712, 1.5899383623358003, 1.9992352813371013, 2.126284521286352, 2.4655619840927567, 2.5332115607424552, 1.0376560815519835, 2.0336352274793623, 2.2098444716937062, 2.0209205852309426, 1.8584786572823133, 1.7216270746730231, 2.258346929659465, 2.3996766239960965, 2.8723242283561485, 2.832741270312745, 3.4545895935018764]
FC:[[3.8257285376083185, 3.8259506674763504, 3.8618588020255142, 3.904937045849852, 3.9576872177241027, 4.001991174047642], [3.8465487283440027, 3.8556811169912755, 3.8993209143082574, 3.948101937967814, 3.995872964475547, 4.044494455856629], [3.9647402236307294, 3.9796023993076575, 4.02757513191932, 4.07291480160343, 4.118836755493094, 4.167555577624311]]
FCE:[[0.02790112939709303, 0.015051499465063435, 0.00928297243564918, 0.007047070589886176, 0.005979980865642806, 0.005290397639530986], [0.021914670886298084, 0.011685399307203408, 0.0071824617727139165, 0.005464096171339062, 0.004637257370995239, 0.004114640879313692], [0.0185296280432319, 0.009679546587082982, 0.005935972355094481, 0.004628779132822748, 0.00393400590534229, 0.003499203513151318]]
