Ri:[100, 130, 160]
Zi:[50, 100, 200, 300, 400, 500]
fps.ts:[1668.3085399961471, 5004.925619988441, 8341.542699980735, 11678.15977997303, 15014.776859965325, 18351.39393995762, 21688.01101994991, 25024.62809994221, 28361.2451799345, 31697.862259926795, 35034.47933991909, 38371.09641991138, 41707.71349990368, 45044.33057989598, 48380.94765988827, 51717.56473988056, 55054.18181987286, 58390.79889986515, 61727.41597985744, 65064.03305984974, 68400.65013984204, 71737.26721983432, 75073.88429982663, 78410.50137981892, 81747.1184598112]
fps.e0:[10786.060647371423, 10752.861440738692, 10743.411993951742, 10765.379721159952, 10741.625005130207, 10735.70225176249, 10737.561974799753, 10715.021584164955, 10715.326008819233, 10705.995328445732, 10733.180992852029, 10724.41675104648, 10725.250446420096, 10749.683352365952, 10731.950354724524, 10747.593807960355, 10728.682335232703, 10746.772445708197, 10748.797345956018, 10761.148370246925, 10710.598887378748, 10765.920547761734, 10724.483881489023, 10740.69897078312, 10769.59254008754]
fps.e0u:[12.398783712754803, 12.390886293183797, 12.328503673724438, 12.291116069332256, 12.408500806596154, 12.397540567748262, 12.515221835024391, 12.481470694051922, 12.521938809966068, 12.459974994705979, 12.65488818682205, 12.644770754212296, 12.627032475148157, 12.398877436462033, 12.50915916673473, 12.417493341819997, 12.670419786535426, 12.551264543043523, 12.853152430036904, 12.993031385300098, 12.769544427303545, 13.15263819904717, 13.177626725081149, 13.60019567372344, 13.175913107686235]
fps.lt:[3346.0344907244944, 3466.8762337156704, 3474.694385319243, 3488.1527530533626, 3552.564356653631, 3570.4725974548105, 3571.521807320593, 3683.1847757410196, 3720.355143537096, 3693.0675255070405, 3633.9422335569107, 3699.3807488612742, 3685.169203814788, 3683.497913666081, 3782.6950787083065, 3739.2468993449843, 3877.521756185783, 3830.0108985172897, 3781.12988201514, 3794.726822757772, 3959.454466335784, 3801.1750123087313, 3941.8853042176033, 3950.239143586601, 3846.4847694104815]
fps.ltu:[40.55969490731905, 43.7207201617762, 43.85099870510954, 44.07343373580585, 45.95426142515689, 46.68014614237232, 46.84511649020288, 49.50030804067562, 50.65025387811864, 49.9000109887277, 49.212154438200386, 50.57972388883651, 50.033366370834415, 49.451785579191714, 52.43544846769785, 50.81382948437565, 55.86795891382976, 54.12214791392258, 53.78668045030631, 54.490388953900016, 58.838228245120284, 55.36610602984279, 59.9973554373609, 62.05075376494153, 57.12643853741591]
fps.c2:[1.0097608491548853, 1.2732228178967568, 2.274286327776328, 1.2609786598617037, 0.6883489678414717, 1.0581113011349113, 0.9168067280774026, 0.5247211712706216, 1.8646718443708694, 1.9765961056951358, 1.4764737015011353, 1.078941710325777, 0.8903803477154746, 0.7369223181828486, 1.1070071689769023, 1.7236142420775333, 0.7693763045465415, 2.0088256829963576, 1.4040228186193628, 0.6086286508000761, 0.7698023484456354, 1.9316621684093886, 0.9491454199737404, 1.4154303516122542, 1.448134678156348]
FC:[[3.8036344243422096, 3.7979355003629918, 3.8695049039210963, 3.961782735682685, 4.0541375112296825, 4.132186071072827], [3.8068143158121797, 3.8397566939083787, 3.9322770063841, 4.024588693425018, 4.11104301307734, 4.187792814587929], [3.909497068672005, 3.9439675332158943, 4.050578671043246, 4.135184037148126, 4.22320959298162, 4.305178188364918]]
FCE:[[0.03721486960673615, 0.017321746660211686, 0.01075003709440519, 0.00867252971689152, 0.007610556272291037, 0.006999055068966891], [0.02830295771473401, 0.013447406241854786, 0.008242630151093666, 0.006656233807997555, 0.00587261247116717, 0.005393904523262941], [0.023720516658097567, 0.011179508667780367, 0.006870437737310272, 0.0055774254935764345, 0.004928560678096615, 0.004529867935652364]]
