Ri:[100, 130, 160]
Zi:[50, 100, 200, 300, 400, 500]
fps.ts:[1721.8799000024796, 5165.639700007439, 8609.399500012398, 12053.159300017358, 15496.919100022316, 18940.678900027277, 22384.43870003224, 25828.198500037193, 29271.958300042155, 32715.71810004711, 36159.47790005207, 39603.237700057034, 43046.99750006199, 46490.75730006695, 49934.51710007191, 53378.27690007687, 56822.03670008183, 60265.796500086784, 63709.55630009175, 67153.31610009671, 70597.07590010166, 74040.83570010663, 77484.59550011158, 80928.35530011656, 84372.1151001215]
fps.e0:[10942.453687635903, 10928.295876692551, 10920.076812394946, 10915.807786254149, 10915.542989554018, 10894.42503540107, 10895.702034593083, 10875.278784708935, 10876.695828836157, 10870.913919890769, 10868.231617630398, 10878.499053480526, 10882.955043164664, 10873.012203721195, 10885.709315344804, 10872.959006761548, 10888.775235195802, 10887.257005883032, 10873.793049096666, 10870.33376863508, 10891.780278946406, 10873.401079212354, 10868.674161874418, 10884.911357185316, 10878.711703212692]
fps.e0u:[10.47574908912757, 10.253953201370194, 9.95287990270819, 9.829997523822199, 9.873690351323473, 9.689179444866811, 9.7427241366148, 9.646292542843291, 9.6872577085853, 9.620817094938449, 9.742262619352347, 9.658928174019424, 9.600264519320552, 9.67312401571413, 9.662475164557048, 9.677531570188826, 9.752837462434249, 9.653029832887174, 9.698667667237865, 9.645236121834342, 9.702244538811852, 9.748821999700189, 9.663020463435998, 9.75879391139823, 9.882563054670703]
fps.lt:[5651.181816451238, 5650.911583591224, 5782.844447105777, 5703.297172242054, 5592.097929279866, 5738.4384245390165, 5664.113801452518, 5900.0180194865325, 5796.8868106040145, 5872.816234360134, 5785.7507666477895, 5794.930543795499, 5734.852412867568, 5799.158793690802, 5769.923260024117, 5850.870628676569, 5721.520253501327, 5702.84164008158, 5847.930079557922, 5841.076189266152, 5754.742064108377, 5861.747026662662, 5920.249148527529, 5698.1726239528825, 5852.634330101692]
fps.ltu:[91.214442293894, 89.58195514238024, 91.13819847802903, 87.58291208014771, 84.17724687370062, 87.40016315648415, 85.60856889516502, 92.0849997126949, 89.15171077480628, 90.95616892424242, 89.27213975504695, 88.52373583247523, 86.4749765154877, 89.0032221667614, 88.26380380813761, 90.54215558593394, 86.85579815238582, 86.10727785382272, 90.96533650227552, 90.19615914987172, 87.90663618836273, 91.18537231522407, 92.9326791979243, 86.53414459601129, 92.66765296093976]
fps.c2:[2.806507802563694, 2.293421556767191, 1.5693766234651012, 1.419277960540267, 1.3212899206170907, 3.6916360398948984, 1.2968945588773764, 2.298004286859583, 2.348948888175898, 2.7668695491134025, 2.6124573095992463, 3.0627651595408443, 1.2567029610134237, 3.5713380280133453, 3.0171485672178004, 3.2243968239078673, 2.966651780232686, 3.8770703695070567, 2.12613519218168, 3.509468530827197, 2.3626590695503116, 3.6508316865670642, 2.5635502343922525, 2.434220237077232, 1.4574354513525878]
FC:[[3.7814096039925276, 3.807109834413114, 3.860525614822639, 3.920527509939069, 3.969623334749319, 4.019924543773865], [3.838583666634554, 3.859615576782899, 3.9112373007457815, 3.9665242607862874, 4.01762395181984, 4.0741773141779785], [3.955259411360018, 3.988416604281904, 4.044891298077451, 4.101525728907628, 4.155460175730215, 4.206920554756041]]
FCE:[[0.026230364663234557, 0.013960848982336085, 0.008614022801886966, 0.006733248933576166, 0.005711910127193155, 0.00506100411042803], [0.020748449053673786, 0.010850808868189421, 0.00669372248223866, 0.005219655770823091, 0.004436106233963224, 0.003765431020022513], [0.01748334090835176, 0.009276658741535094, 0.005564580804741165, 0.004242796062237255, 0.0036051156789213977, 0.0032019251318805408]]
