Ri:[50, 100, 150, 200]
Zi:[100, 200, 300, 400, 510]
FC:[[4.026900808347388, 4.024988633945798, 4.0359395755883565, 4.050631853961115, 4.058845778500596], [4.012882797094645, 4.026166753277576, 4.055805109270791, 4.076468536667241, 4.093204070983242], [4.132626469122887, 4.165150227261866, 4.182472585015634, 4.205374344462882, 4.234652330095188], [4.761873102095721, 4.800271186377522, 4.824743887554745, 4.851873713319551, 4.873487290102522]]
FCE:[[0.042271028160526115, 0.02799137020066965, 0.02251060856604002, 0.01930583550791955, 0.016965623528816955], [0.02144410043040234, 0.014541206155065354, 0.01173084937134708, 0.009926656614541122, 0.00875263894764692], [0.014889575160409873, 0.010154307138521355, 0.008124566525019148, 0.007001492833955306, 0.006203224469816377], [0.013883677277097394, 0.009429476602365388, 0.0075685107722551145, 0.0065238023177972, 0.005770209256760845]]
fps.ts:[1606581063.45438, 1606584501.99714, 1606587940.5399, 1606591379.0826602, 1606594817.62542, 1606598256.16818, 1606601694.7109401, 1606605133.2537003, 1606608571.7964602, 1606612010.33922, 1606615448.8819802, 1606618887.4247403, 1606622325.9675002, 1606625764.51026, 1606629203.0530202, 1606632641.5957804, 1606636080.1385403, 1606639518.6813002, 1606642957.2240603, 1606646395.7668204, 1606649834.3095803, 1606653272.8523402, 1606656711.3951004, 1606660149.9378605, 1606663588.4806204]
fps.e0:[9973.625149650916, 9993.52923852165, 9964.679799436417, 9969.395102377186, 9948.978854664841, 9985.935001848937, 10034.758590954263, 9958.9334495853, 9970.50473563897, 9983.215324465766, 9968.29727407169, 9990.556217437615, 9983.855539180331, 9986.577525234596, 9969.53322721397, 9987.527424463111, 9986.57919790394, 10007.083910954967, 9965.26756736529, 9985.345563829538, 9950.186751138266, 10006.427803307137, 10004.13915219375, 9990.911319915274, 9984.357000919732]
fps.e0u:[19.16582399572417, 19.140098409205773, 19.392480331258643, 18.882813134446465, 19.40273081823081, 18.90301736404158, 19.00065485314859, 19.015893496924694, 19.364563758675455, 19.220099754318664, 18.99771712080985, 18.98048078587941, 19.08041945654016, 19.374767736103827, 19.271043341529218, 18.983158902316312, 19.23685596138721, 19.05225113983051, 19.100878159136283, 19.01758776809193, 19.082050649672702, 19.004597575506907, 19.249783821408883, 19.13028359744769, 19.168638783631696]
fps.lt:[18310.875428436786, 14964.569237756486, 16311.12726461535, 17674.53917586048, 18144.544621990724, 15646.893579397085, 13531.7520695801, 18092.02585947181, 16431.29170644703, 15209.75851488916, 17949.29324352279, 14993.928141146167, 16193.376016413871, 15486.946787280473, 18055.03083972632, 15522.407183371599, 14978.18985968027, 14065.317112418337, 17681.694645360367, 16903.632130940954, 21219.483641006605, 15610.643071453327, 13720.40035294478, 15529.67273093663, 15382.73206294326]
fps.ltu:[1935.258102302867, 1296.9182909048495, 1545.9813580336304, 1781.3950931581358, 1907.61143021788, 1387.409424453207, 1042.0340785229537, 1865.3126573798127, 1570.1364740659858, 1332.1255327830045, 1837.968745838455, 1283.5748503603663, 1514.8093962800845, 1404.7303028496885, 1893.8104098992335, 1384.7497352869032, 1299.5320705314255, 1138.360809542603, 1800.0984022279893, 1635.3822522467665, 2579.3506973981193, 1396.5153142125303, 1089.7547288863132, 1392.104073062266, 1370.3918102687794]
fps.c2:[0.6866696560738885, 1.6618775332743758, 0.24911604301754955, 0.6394640308028597, 0.7801506672094249, 2.276652088583947, 1.676927036705823, 1.2272230885143431, 1.8171778610229947, 0.5897814537830025, 1.1913993128688636, 1.909365748402692, 1.0491657836683066, 0.974703533879948, 1.3108057466330598, 1.4589574400140903, 0.9360649884450164, 1.1220779764171047, 1.8175584103205946, 1.2749460230586598, 1.8506798471031156, 1.4970700092834832, 1.384545288331166, 0.8819843029576482, 0.646156092718789]
