Ri:[50, 100, 150, 200]
Zi:[100, 200, 300, 400, 510]
FC:[[4.061474021845433, 4.036596527129871, 4.015961189867856, 4.035190964216938, 4.040187319046633], [4.016220666780933, 4.018820679610385, 4.024994514929139, 4.05198421292945, 4.0788927296894615], [4.124473265055579, 4.15175863380693, 4.1685264520228325, 4.202447962400612, 4.231005213695421], [4.74403727537694, 4.785774856146631, 4.817867637665352, 4.860692500315478, 4.886838204901162]]
FCE:[[0.04906777380290558, 0.03296217648597442, 0.026684963826938673, 0.023173191651377233, 0.020341036833632906], [0.02454664333760302, 0.016595890433750767, 0.013393005426721954, 0.011614612897259622, 0.010274441286089734], [0.017197483994782, 0.01171126561469809, 0.009419491112175568, 0.008152074912332238, 0.007218026836948517], [0.015258160784335353, 0.010412054122099855, 0.008423173602731607, 0.007277046410737953, 0.006428810091713821]]
fps.ts:[1619761100.56758, 1619764562.1547399, 1619768023.7419, 1619771485.32906, 1619774946.91622, 1619778408.50338, 1619781870.09054, 1619785331.6777, 1619788793.2648602, 1619792254.85202, 1619795716.4391801, 1619799178.02634, 1619802639.6135, 1619806101.2006602, 1619809562.78782, 1619813024.3749802, 1619816485.96214, 1619819947.5493002, 1619823409.1364603, 1619826870.7236202, 1619830332.3107803, 1619833793.8979402, 1619837255.4851003, 1619840717.0722604, 1619844178.6594203]
fps.e0:[10717.5717797546, 10733.696097862672, 10769.889776867976, 10758.051812310223, 10773.12157548917, 10754.324243947238, 10756.058529020385, 10742.324271615396, 10729.098049054995, 10730.885666855296, 10710.688475037487, 10711.234484743742, 10726.177801413918, 10731.56197217278, 10775.53229342101, 10752.53113671672, 10739.120122101154, 10717.775978791427, 10726.012717472013, 10752.758577942133, 10728.05366895053, 10705.355776648834, 10735.452055493903, 10730.223624406171, 10724.495984862593]
fps.e0u:[22.716548273442452, 22.864520909320884, 22.74101208730029, 23.003959984866263, 22.672035877303298, 23.07017072321198, 22.81560681852584, 22.73123830587542, 22.84853770498589, 23.02171527566081, 22.696667991259858, 22.792805181932348, 23.265057545428302, 23.150035980163633, 22.892462678066437, 23.28234594175127, 22.857376077160023, 23.277524055339097, 22.85620783305944, 22.856920978873976, 23.082564673620283, 23.16698433685637, 22.630778691915552, 22.891433035734387, 23.53624538954422]
fps.lt:[23254.174021006358, 18193.337269415228, 16877.826245091215, 18081.312864794283, 16074.195577552118, 17810.70418838286, 17141.715983230577, 19886.063167256143, 21001.206516796265, 19502.880997598684, 22311.237942142558, 20623.27977702349, 21670.477551294924, 20922.533374599385, 16884.98006188984, 17609.036440385917, 19081.615167897722, 21164.659653465405, 22639.685955704274, 17927.87763235015, 22018.514438141305, 23074.083420353607, 18082.801170778042, 18017.47607859382, 19498.353471623945]
fps.ltu:[3411.0319124015427, 2125.594696307195, 1818.8812478596303, 2095.8341458213863, 1644.7141710524481, 2046.3603526944191, 1875.2808831522736, 2510.91777000096, 2813.389482859863, 2440.540641665342, 3176.1944717881565, 2737.456880583755, 3055.6284789953543, 2824.7747518424944, 1816.4152809722113, 2014.5357686021841, 2335.501659044449, 2909.7465079638655, 3259.879153444374, 2061.4032128539084, 3102.4081715959624, 3437.211458032855, 2086.6525133387745, 2076.9091455677144, 2494.574734368489]
fps.c2:[1.9937649370549069, 0.9710641232786759, 0.7100255481863301, 0.8808249354668971, 1.3038870253379717, 0.5528516074147883, 2.055538561595531, 0.6397172233523258, 1.135867049325942, 2.490182519157396, 1.6029031272355436, 1.2874788330883398, 0.6926323158539791, 0.7557500490215596, 0.2837721210289299, 0.8189858618303667, 1.6554981223367637, 1.850996475734291, 0.5426078941221995, 1.2904848973824126, 1.1023320360075584, 0.6589318102705197, 0.9592143256081354, 1.8567086607495666, 1.3986468305223312]
