Ri:[100, 130, 160]
Zi:[50, 100, 200, 300, 400, 500]
fps.ts:[1847.9157599973678, 5543.747279992103, 9239.578799986839, 12935.410319981575, 16631.241839976312, 20327.073359971044, 24022.904879965783, 27718.736399960515, 31414.567919955254, 35110.39943994999, 38806.23095994472, 42502.06247993946, 46197.8939999342, 49893.725519928936, 53589.55703992366, 57285.3885599184, 60981.22007991314, 64677.05159990788, 68372.8831199026, 72068.71463989734, 75764.54615989208, 79460.37767988682, 83156.20919988154, 86852.04071987628, 90547.87223987102]
fps.e0:[10895.734096017824, 10900.966858091955, 10901.472153305682, 10883.974703721618, 10901.019996804314, 10890.78740039501, 10909.680986838122, 10896.931566812149, 10900.159114045238, 10878.104390882268, 10905.408954246535, 10895.53010827674, 10890.291144324563, 10918.158850573542, 10910.011792882939, 10893.013279443281, 10908.226889164476, 10889.281516390975, 10891.241591779797, 10900.808829556936, 10889.043436719903, 10885.327054240797, 10904.141499047239, 10907.951884942195, 10912.139861216396]
fps.e0u:[10.250242952606804, 10.200819393107052, 10.20714696727907, 10.31175298552328, 10.22154731717798, 10.121720968577101, 10.295154407358906, 10.310513166885078, 10.219860505306436, 10.30166317329365, 10.18147236934955, 10.280694051202353, 10.184014672134696, 10.2868364871337, 10.28442650880886, 10.354234119645056, 10.14003197445955, 10.25435639143167, 10.230652866137639, 10.248196412484926, 10.207625173516085, 10.199913961540387, 10.144079537472074, 10.278541793895812, 10.193103085294899]
fps.lt:[5769.078097334162, 5739.492935552844, 5779.935312685136, 5908.437756587952, 5823.425429896182, 5888.756979972754, 5727.862545234742, 5760.140144198396, 5739.407440134283, 5944.750843503335, 5750.099375303095, 5792.854123806811, 5838.304436190498, 5548.376444968592, 5731.648156324561, 5850.9693305718265, 5752.649838970642, 5886.944884168845, 5822.829695794752, 5825.908585561201, 5905.572468757353, 5917.337377027927, 5693.136677290365, 5784.035379604163, 5704.0587618477175]
fps.ltu:[92.84383816863232, 92.17317510991488, 92.9474605243995, 98.0898606785812, 94.73729823915977, 95.81935914417579, 92.00904475073065, 93.2298901107439, 92.12842882017534, 99.38639198140947, 92.05545698115513, 93.9703199226896, 95.10442017408573, 86.46436423947898, 91.68337928379533, 96.59430273827414, 91.52347535584146, 97.0389490502386, 94.87240990423983, 94.7994724408233, 97.06332026631382, 97.48169257012536, 90.36161505564081, 93.42872005391737, 90.4563967572345]
fps.c2:[2.7842820397756274, 2.20058499696821, 1.5632509062301605, 3.392760978210127, 2.5194992548899076, 3.395928445824235, 2.3815691959657475, 1.1926304084695585, 2.6658917612783464, 3.1841837785095217, 2.7254172859000128, 3.1367235599389214, 2.1553128735174334, 2.404281926435232, 3.5131223438540222, 2.0573022571981814, 2.413719744051677, 1.7235928055357663, 5.116840249110483, 4.389318604814245, 2.854581745301741, 4.009395357517845, 2.106471548150484, 1.716933337299851, 2.3590824812830773]
FC:[[3.701500694326788, 3.7290133757398074, 3.7821473267059447, 3.850615380214978, 3.9219668814256687, 4.000918741741811], [3.719637149872985, 3.7512609384931235, 3.814237215991867, 3.888767264485545, 3.9621679827015255, 4.041798992098498], [3.786532484191402, 3.8178000249581907, 3.8889968204101115, 3.9598431908208913, 4.034664864233229, 4.112708773729888]]
FCE:[[0.026861971583569087, 0.014693133526138323, 0.009063776674009453, 0.006948591540067602, 0.00579659618470986, 0.005191649990553791], [0.020690789934797463, 0.011286941221029795, 0.006982956947975949, 0.005231293173251891, 0.004479082605299891, 0.004020105509418816], [0.01739138892303234, 0.009114977859751378, 0.005491336375510246, 0.004328699157771606, 0.0037144127868666632, 0.0033396161030285363]]
