Ri:[100, 130, 160]
Zi:[50, 100, 200, 300, 400, 500]
fps.ts:[1739.6528999996185, 5218.958699998855, 8698.264499998091, 12177.57029999733, 15656.876099996567, 19136.181899995805, 22615.48769999504, 26094.793499994277, 29574.099299993515, 33053.40509999276, 36532.71089999199, 40012.016699991225, 43491.32249999046, 46970.628299989694, 50449.93409998894, 53929.23989998817, 57408.545699987415, 60887.851499986646, 64367.15729998588, 67846.46309998512, 71325.76889998437, 74805.0746999836, 78284.38049998283, 81763.68629998207, 85242.9920999813]
fps.e0:[10911.290617258655, 10927.298358000782, 10928.693038221094, 10921.467866360574, 10899.554893811986, 10912.216344960148, 10914.931658275113, 10930.744676296954, 10907.996086486137, 10934.059441739399, 10889.096994644982, 10953.04810578468, 10912.327476478531, 10907.734065621416, 10891.878005978971, 10927.711695099124, 10903.773819578944, 10901.324380034022, 10895.344165229571, 10905.782061816628, 10887.50524940184, 10946.75792499753, 10902.925391866826, 10938.000651982735, 10911.022980420077]
fps.e0u:[15.39470219043435, 15.195286809016068, 15.169956199638634, 15.241663029084986, 15.057363606554977, 15.218380558453811, 15.255012832793335, 15.23884212456814, 15.362110119626688, 15.07477597715658, 15.080945643895008, 15.022766618549563, 15.244763736880609, 15.182364799468289, 15.429201375225817, 14.878045462660472, 15.462719520554462, 15.424471628777097, 15.062576801393806, 15.481865337664235, 15.284916686369375, 15.306915467943666, 15.130120052953046, 15.63134180632481, 15.39916260404775]
fps.lt:[6422.147024102266, 6216.078699087895, 6237.740563885294, 6327.139213046064, 6587.06377836534, 6392.554515212968, 6392.657959727975, 6173.321869066419, 6368.342823681696, 6118.050587582053, 6437.469617681706, 5996.71153109533, 6435.0065563856315, 6468.531060169663, 6520.097930087017, 6187.43148480007, 6408.311828740889, 6468.571569775102, 6485.456936882949, 6469.856256086483, 6698.210634179372, 5985.430755599527, 6398.307345541576, 6129.610303835994, 6293.267332148612]
fps.ltu:[175.40720864873336, 161.5034471482171, 162.3709499047951, 167.73568946281955, 179.60691363893986, 170.5895833052738, 170.8621113413828, 159.08088015172115, 172.30322912997238, 155.27942335080232, 172.3194976001485, 149.69863896002514, 174.5644387885103, 174.08684791385707, 180.0618818812511, 158.5650810258515, 174.24929508346827, 177.98632984773826, 174.78715294287593, 178.07882933400157, 187.79944284717212, 151.71886995047913, 171.40972282557976, 160.26643088453548, 168.4555620505657]
fps.c2:[2.310781891356936, 2.9047105690580226, 2.4259705086930143, 3.1353959536490206, 1.7240574412010972, 3.8890463171698544, 0.9969748930605381, 1.9181926044260094, 2.503750259713131, 3.4010654063341565, 3.1830721071418058, 2.238114728680141, 2.494298006065167, 2.647812644190794, 3.096826817063042, 2.574161315165589, 3.626417328880225, 2.633242915074118, 1.7408379733328938, 2.4719013162447814, 1.3396360814838013, 4.9804813569943995, 2.8653394948194726, 1.374358595345115, 2.9999162913476827]
FC:[[3.839247408203408, 3.8986714463633687, 4.018476962855591, 4.060966999296579, 4.11829536807783, 4.178976729896855], [3.910509984442392, 3.9515714062727603, 4.064973276429964, 4.119200729793165, 4.1775682580347855, 4.240914959053354], [3.989245699812733, 4.098324793437804, 4.202175669565054, 4.276806696958216, 4.338125681805541, 4.411972651968431]]
FCE:[[0.037793327721945456, 0.02148504606903436, 0.013875407739195978, 0.010925534658216971, 0.009298064569595138, 0.008273072800722538], [0.029929546748833004, 0.016871900212788057, 0.01081215119266745, 0.00850461726949993, 0.007254774796711127, 0.00646681251242589], [0.02571850730633365, 0.014226405953512435, 0.009180919695213584, 0.007183375108966826, 0.006130327722481148, 0.00540178666631512]]
