Ri:[100, 130, 160]
Zi:[50, 100, 200, 300, 400, 500]
fps.ts:[1772.1263399982452, 5316.379019994735, 8860.631699991225, 12404.884379987716, 15949.137059984205, 19493.389739980696, 23037.642419977186, 26581.895099973677, 30126.147779970168, 33670.40045996666, 37214.65313996315, 40758.90581995963, 44303.15849995613, 47847.411179952614, 51391.66385994911, 54935.916539945596, 58480.169219942094, 62024.42189993858, 65568.67457993508, 69112.92725993156, 72657.17993992806, 76201.43261992454, 79745.68529992102, 83289.93797991752, 86834.19065991402]
fps.e0:[10932.95695871334, 10899.969265073263, 10915.70906011566, 10937.284611538727, 10925.427535365361, 10916.378339761388, 10925.553717867757, 10911.99002276546, 10898.302665167523, 10926.95267920016, 10920.204361246859, 10913.556160409096, 10914.523045983278, 10904.57697243266, 10905.341929651657, 10912.31212344157, 10925.009463915, 10934.386839359659, 10928.608932955221, 10917.121768768478, 10934.118538292945, 10895.910289712338, 10929.20144584519, 10907.328546577695, 10924.473171502534]
fps.e0u:[15.680646068527118, 15.847723337585506, 16.289737771432023, 15.922754424497883, 16.10599241871809, 15.582048308914514, 15.502207999097234, 16.3657281042669, 15.896525950875343, 15.821400269946366, 16.16346782158559, 16.12369500084104, 16.325164370216253, 16.409059352946592, 16.14611217832134, 16.069069981775698, 16.59079657817512, 15.994767929617383, 16.222043566338584, 16.16575700309341, 16.11443559932446, 16.127025675829906, 15.903311279212826, 16.215203960349903, 15.769951375198415]
fps.lt:[6164.683588228306, 6795.611331020402, 6565.29444804284, 6317.40475709068, 6411.446188417241, 6560.692409527542, 6442.460123657911, 6634.713536690069, 6549.000086787365, 6484.658010055732, 6567.200506093053, 6573.7722274657635, 6525.0828812480795, 6501.939938725704, 6688.594160534468, 6550.657305871069, 6589.550568924656, 6432.173659762784, 6307.8012501182675, 6466.693150208628, 6294.102356415735, 6717.635836283892, 6405.815785897755, 6631.098145676132, 6419.78366419326]
fps.ltu:[163.3829558250332, 199.47462134070437, 193.23644833434753, 174.585197910281, 180.92690300217777, 184.4981379738698, 175.93954192204086, 196.31149788675947, 186.7142569617067, 182.23138230453748, 190.16726067224556, 190.89931226634107, 189.26751745396552, 190.1223719265881, 197.27026399960707, 189.70308926695998, 196.1457405304012, 181.91433190122166, 177.24450221764263, 185.43758630762613, 174.61645660096656, 198.4399389134086, 180.4975807609446, 193.3541423869487, 178.46938784443688]
fps.c2:[1.314651261930049, 1.2881914959853351, 1.144900528851059, 2.4329778955174266, 0.7609228686889984, 1.3241157961329475, 1.4312521033390295, 2.024868277206222, 1.3849494294222569, 1.370023090031252, 2.940830427868072, 1.2503942400203807, 1.8327978350781833, 1.3455464924023075, 1.8658671374293183, 2.770164286002121, 2.314867188658464, 2.2520549737681943, 1.7096791946749539, 1.8133745538418065, 2.2115988444282846, 0.6390081165406418, 1.5473331449596925, 0.9066332338954048, 2.087692140254324]
FC:[[3.886555585298306, 3.920395012526914, 3.955594535584225, 4.021002539779213, 4.1115968573734, 4.202437874516005], [3.9589286341505927, 3.9474154538680115, 3.988718460915005, 4.0480420330219635, 4.140584516873478, 4.230726847234269], [4.088801747079871, 4.0629005961918505, 4.102861900915563, 4.167684911233128, 4.2607830963353885, 4.345796263794013]]
FCE:[[0.041506717707420995, 0.023531664571682213, 0.014626893410611436, 0.011616795796202999, 0.00971675211160079, 0.008717299340219383], [0.03297815814817354, 0.018095513252252053, 0.011202008282043603, 0.008851174193481807, 0.007453907071984423, 0.006696418354683838], [0.02829282646131697, 0.01496725009155294, 0.009199032181728715, 0.007258110846857284, 0.006266909922346358, 0.005631314789640119]]
