Ri:[100, 130, 160]
Zi:[50, 100, 200, 300, 400, 500]
fps.ts:[1720.5212599992751, 5161.563779997825, 8602.606299996376, 12043.648819994925, 15484.691339993477, 18925.733859992026, 22366.776379990573, 25807.818899989128, 29248.861419987676, 32689.90393998623, 36130.94645998478, 39571.988979983325, 43013.03149998188, 46454.07401998043, 49895.116539978975, 53336.15905997753, 56777.20157997608, 60218.24409997463, 63659.28661997318, 67100.32913997173, 70541.37165997029, 73982.41417996882, 77423.45669996738, 80864.49921996592, 84305.54173996448]
fps.e0:[10851.345395185652, 10868.835628429402, 10851.824087854646, 10864.499355310209, 10858.557405417938, 10855.409481710833, 10839.387287729916, 10866.149318630838, 10869.94379031024, 10841.05459168421, 10884.957694762767, 10836.201639031537, 10857.136104037736, 10879.492641828, 10873.889751188237, 10887.689025878033, 10888.02692109582, 10873.838468740661, 10861.753103866173, 10865.649331653507, 10883.315098537172, 10850.323779684068, 10845.506851392123, 10859.347762314204, 10876.183193982226]
fps.e0u:[15.248437757495973, 15.170373244855183, 15.426108081940786, 15.19598222040621, 15.086175634438348, 15.131220744289372, 15.208542216556754, 15.213943393795132, 15.249117699291755, 15.363337309846921, 15.14068524838966, 15.238892581113147, 15.189020236216678, 15.201830387406664, 15.162686623622308, 15.185195103328994, 15.220891783696363, 15.062241347017846, 15.416767438118715, 15.486156600677635, 15.21302109352206, 15.178866236614686, 15.274735325366267, 15.095222537949457, 15.164114318608908]
fps.lt:[12250.746662079344, 11643.838625135593, 11932.35645211471, 11451.698883149698, 12111.272415985395, 12216.141373333625, 12433.345318759788, 11201.00623924909, 11610.956693952998, 12535.979365452184, 10863.031391305749, 12938.894900188958, 11781.623654379735, 11322.680920979321, 11141.186894551325, 10874.37426180644, 11470.05808450419, 11585.947920849118, 11817.282718849974, 11681.793452431266, 10837.053604350214, 11962.139091617733, 12240.363482280625, 11970.79398864581, 11393.247075378678]
fps.ltu:[630.9110212052979, 566.6531051634475, 609.6288436691362, 550.5266160315158, 614.0045630633529, 626.6269034706437, 648.9711362631301, 529.8186951605993, 570.0968784595182, 662.9401250511665, 494.88430354756656, 703.4365053459172, 578.8240235095817, 539.2444153594167, 521.6960983992556, 497.10358287598143, 556.3650602115822, 556.8682278994404, 592.2521897722371, 579.9827069222983, 495.223127695748, 600.6686753980039, 633.7332409015988, 598.3664095092985, 548.2694710738286]
fps.c2:[1.2048818665635475, 2.048765615944568, 1.0519062346714019, 0.8950517427154582, 0.8164605393815687, 0.7916407588540909, 1.9806659844895276, 1.1489441996074978, 1.694591463793492, 1.9027015741262372, 1.719052506036094, 0.7665079274873865, 1.408681701818814, 1.0972114117314158, 1.9150327951721065, 1.700322275697468, 1.4679892854229755, 1.5031913291103616, 2.0705357529886332, 0.5185142784073855, 1.452927714996644, 0.8354834883819601, 1.3465386933940375, 0.848669319857641, 1.1582534423486752]
FC:[[3.8076085305730247, 3.848195807233254, 3.8856050054855436, 3.904796500798291, 3.9302080621251227, 3.95641822795333], [3.871331034716315, 3.8998467792480787, 3.926640182331782, 3.9522381999299294, 3.9753751655526153, 4.004261450880533], [3.973680923956044, 4.000302646327724, 4.038721604982716, 4.07433092758404, 4.099505218491489, 4.128963396693828]]
FCE:[[0.034361285272787714, 0.020602854196559564, 0.01371334782192534, 0.010583391672860076, 0.008996600585604144, 0.007949582094617847], [0.02689094088680306, 0.01589394173591988, 0.010389475111250537, 0.00822638924722564, 0.006990810594625328, 0.006191234588490739], [0.022189993497677526, 0.013364215878551137, 0.008790901706483674, 0.006989470961554156, 0.005951588486063564, 0.005282441895044946]]
