Ri:[100, 130, 160]
Zi:[50, 100, 200, 300, 400, 500]
fps.ts:[1848.807080001831, 5546.421240005493, 9244.035400009156, 12941.649560012818, 16639.26372001648, 20336.87788002014, 24034.492040023804, 27732.10620002747, 31429.720360031126, 35127.33452003479, 38824.948680038455, 42522.56284004211, 46220.17700004578, 49917.79116004944, 53615.405320053105, 57313.01948005676, 61010.63364006043, 64708.247800064084, 68405.86196006775, 72103.47612007141, 75801.09028007508, 79498.70444007874, 83196.31860008239, 86893.93276008606, 90591.54692008972]
fps.e0:[10658.86878442368, 10668.360083181036, 10672.101860832003, 10704.752760837076, 10690.19906782302, 10681.726232415162, 10664.434710658086, 10682.529163218629, 10686.617268890453, 10672.910271046889, 10686.679090797157, 10701.712721946647, 10712.00772315858, 10679.243159093978, 10725.370758358684, 10698.773152988215, 10707.224582480476, 10688.37679257055, 10689.227924474771, 10718.051308749886, 10695.383251422136, 10718.835346806147, 10697.470264318341, 10687.403040092458, 10715.040724749058]
fps.e0u:[10.891551372442263, 10.88754505070326, 10.92437626567075, 10.970407532025382, 10.935877807498885, 10.983772986385778, 11.027827468418153, 10.96504878775027, 10.98390004640354, 10.960811857789105, 10.841804772013676, 11.024669749914214, 10.926709340416085, 10.936297771805714, 10.83246238037216, 10.893322617664744, 11.043516124319384, 10.938409596217744, 10.916438697456062, 10.836754067940042, 10.91073937175784, 10.864318622703914, 10.984161217310538, 11.042308864831806, 10.995968812847794]
fps.lt:[5360.793568597278, 5359.736480077306, 5304.596209820255, 5072.3944506565285, 5228.459465265288, 5270.2348578709325, 5425.754869759161, 5374.92979059843, 5281.203380539203, 5369.917086797216, 5336.5868444681155, 5220.516021798687, 5229.717823470644, 5372.55896673635, 5109.233023218409, 5254.957172135659, 5222.685854760717, 5308.126102281865, 5246.242750930445, 5130.568210110841, 5377.966275195024, 5223.510764159789, 5280.661761288753, 5464.400175819012, 5176.325468528907]
fps.ltu:[86.06437662650434, 86.17095091078683, 84.61254076970627, 77.30213258591226, 82.54048693047187, 83.30974016375464, 89.31271694952328, 86.99783583384394, 84.25874524536924, 87.07046741436844, 85.1294679479661, 82.1884156629038, 81.62485205118107, 86.72661510609025, 78.00393033283734, 82.57189088561498, 82.34121521263322, 84.344082305151, 82.70172240039375, 78.44863629411903, 86.76961823816931, 81.4574239668697, 84.06881383309869, 90.58730474360264, 80.72902254983339]
fps.c2:[4.599428309435954, 1.7457175989814184, 2.0991776845264463, 3.3512155390763305, 2.1020205810157035, 1.846372759504728, 1.6698635175563272, 1.0057138058078967, 2.812171138095425, 1.9216857225520212, 1.3031879101528538, 2.9889259389850262, 1.247416935390228, 1.6114382079434568, 2.6144477233069505, 2.415196906392726, 2.448178023981597, 1.8084082632291976, 2.020714208486727, 2.5914216614218466, 2.2891740286273623, 2.4549091748514917, 1.5323350060949987, 0.9696351343378965, 0.8511326632214146]
FC:[[3.800736397743202, 3.811632879003286, 3.8538125017175844, 3.9064700510849084, 3.9673653655911902, 4.024204642246326], [3.8542225826924232, 3.848604508310462, 3.900477447058798, 3.952179190432814, 4.011685341487536, 4.067138587728682], [3.971666657203214, 3.9657294979396984, 4.031179699906116, 4.0820526752521165, 4.146824008035875, 4.2009725630393]]
FCE:[[0.0322691064428393, 0.016034151782437587, 0.00977156694757753, 0.007601105674477449, 0.006430403048693726, 0.0056695015158624105], [0.0253494428875512, 0.012512733276468267, 0.00756399324481639, 0.005876340601254772, 0.004972011408039333, 0.0043938969539116714], [0.021852219107451446, 0.010649677698260541, 0.006432115507098579, 0.004995981372234627, 0.004042004542331228, 0.0035658437645256775]]
