Ri:[100, 130, 160]
Zi:[50, 100, 200, 300, 400, 500]
fps.ts:[1718.5117399978637, 5155.535219993591, 8592.558699989318, 12029.582179985046, 15466.605659980774, 18903.629139976503, 22340.65261997223, 25777.676099967954, 29214.699579963686, 32651.72305995941, 36088.74653995514, 39525.77001995087, 42962.793499946594, 46399.81697994232, 49836.840459938045, 53273.86393993378, 56710.8874199295, 60147.910899925235, 63584.93437992096, 67021.95785991669, 70458.98133991241, 73896.00481990814, 77333.02829990388, 80770.0517798996, 84207.07525989533]
fps.e0:[10922.171775973646, 10928.727092212917, 10929.944591323812, 10906.481284589187, 10917.50334483767, 10907.254405929489, 10908.811850604781, 10920.88457101017, 10909.585642373922, 10904.198096909078, 10914.536847344267, 10938.899062002289, 10929.218571088304, 10929.511481648462, 10926.469649548839, 10924.28460306259, 10917.575199597317, 10920.669212676426, 10918.479301651281, 10929.322565961886, 10943.742968436167, 10925.701628303947, 10925.678703217904, 10931.528902896764, 10910.23889228644]
fps.e0u:[11.620456764060238, 11.630613574269098, 11.72992222959302, 11.753608511542533, 11.911209624185723, 11.758198982157413, 11.746640808613831, 11.722262630254738, 11.783144322742396, 11.844945366318527, 11.899896065376831, 11.870343288218296, 11.744930612633953, 11.724852472192964, 11.748476627353902, 11.813517240760099, 11.848986810856562, 11.8562808818397, 11.915396035463058, 11.7386248957816, 11.636457424541534, 11.814149089429712, 12.088504657421147, 11.741606550228168, 11.963904549253556]
fps.lt:[6195.584533128835, 6165.66109185022, 6189.387556208655, 6298.290456368508, 6263.962258710655, 6344.947887585113, 6353.910486842429, 6120.427465579348, 6303.546299674637, 6424.286058260619, 6134.237375113802, 6014.093540444623, 6112.42108022278, 6088.865571890255, 6157.886977556646, 6174.561005195241, 6251.188849748041, 6181.832751066576, 6178.450354597942, 6111.761665508054, 5933.242268675071, 6180.5696546616655, 6164.656740422448, 6230.325235082643, 6225.53292803513]
fps.ltu:[122.47558725569075, 121.2130653358624, 123.35015430365091, 127.54313320492702, 127.52263682913042, 130.2615555902659, 129.4666407773598, 120.63493178303489, 128.63076399606095, 133.56937084925244, 122.8158359453253, 117.12433189997547, 119.5430233217586, 119.01416841223772, 121.90594385437406, 122.66822782365877, 126.50873580178116, 123.42431599839554, 124.41997247881675, 120.00369480648365, 112.2059706371102, 123.77664055597845, 124.98413466936141, 124.87138730841862, 126.39295436839437]
fps.c2:[1.5639552267435957, 1.6433542946766613, 2.469691439604098, 2.5637304738787967, 1.4799289174168802, 1.817059725875989, 2.6472269486540876, 2.2319844702409113, 2.4866671450517916, 2.6249836726505853, 1.1230201269996247, 2.827255079684853, 2.0682534534956925, 1.9496611607722594, 2.135515355875032, 1.4417636306211032, 2.202395361008098, 0.7343285054582136, 0.917826772425814, 1.919405575174037, 2.54084664429369, 1.2358438166123156, 1.650016952395397, 1.6389204508618544, 2.819367448812273]
FC:[[3.8312540154872807, 3.8560293443328524, 3.873324691130042, 3.9247265406244987, 3.9706660287974036, 4.017165993082493], [3.87392017012355, 3.9114819116850015, 3.925926070669834, 3.9695516709308274, 4.016112641535197, 4.066022520707166], [4.015133296706725, 4.032195313681091, 4.057391198468917, 4.1013621253097625, 4.150390851949877, 4.202316720948791]]
FCE:[[0.03134776101796688, 0.016592236694129302, 0.01020669279307986, 0.007989254605721904, 0.006768695150084004, 0.006006108069688897], [0.024681870016837713, 0.012984267521532679, 0.007924032257026084, 0.006183791768248667, 0.0052511931706954364, 0.004675471604185855], [0.021194539173020915, 0.011050945912914943, 0.0067278757432806, 0.005255615220394033, 0.004475870450931277, 0.00390897399304729]]
