Ri:[100, 130, 160]
Zi:[50, 100, 200, 300, 400, 500]
fps.ts:[1725.3335199975968, 5176.00055999279, 8626.667599987984, 12077.334639983177, 15528.001679978372, 18978.668719973564, 22429.33575996876, 25880.00279996395, 29330.669839959148, 32781.33687995434, 36232.00391994954, 39682.67095994472, 43133.33799993992, 46584.00503993512, 50034.67207993031, 53485.3391199255, 56936.0061599207, 60386.67319991589, 63837.34023991108, 67288.00727990628, 70738.67431990147, 74189.34135989666, 77640.00839989186, 81090.67543988704, 84541.34247988224]
fps.e0:[10923.605281676611, 10936.80355104234, 10922.907837361709, 10898.221763029003, 10925.355785953501, 10933.250398865694, 10964.809930388017, 10918.751520215477, 10939.01314837696, 10921.904844415236, 10939.28960391046, 10922.890827566956, 10938.339372616832, 10933.500644423068, 10935.230822163414, 10934.077271239861, 10895.463639924177, 10919.57947022692, 10913.092837045526, 10917.830833199168, 10919.947316155098, 10922.177158759017, 10934.92776043634, 10936.973446861506, 10937.44897983514]
fps.e0u:[14.998428388155112, 14.836132785133229, 14.898859255248786, 14.959555259185265, 14.939823561349643, 14.60912074243003, 14.80586035096006, 14.750262866592251, 14.951518568055263, 14.754705529090035, 14.751047778123032, 14.95327087750587, 14.722915731684635, 14.907476979874973, 14.796915856308468, 14.87465423004091, 14.94344106019179, 14.873300479664213, 14.976170278975308, 14.786294066447683, 14.888610174731252, 14.752881814688578, 14.810356037326246, 14.966321103718862, 15.00199000929274]
fps.lt:[13073.636914763381, 12191.43287447975, 13157.787533887715, 14007.839412998366, 13013.550054748857, 12650.457642824651, 11705.958103283296, 13437.81322543933, 12621.07933868225, 13108.58076385532, 12424.889527204723, 13111.46819372034, 12798.326670656137, 12643.089681857304, 13138.786462802223, 13556.96792172418, 14753.19633619282, 13844.801316666779, 13725.566640237017, 13604.62328731319, 12715.85178090587, 13108.883627587164, 12370.620180014275, 12662.440006929917, 13160.192667008629]
fps.ltu:[703.3755779612684, 614.521301263233, 705.5358211292852, 814.4828485784374, 698.2910114535712, 646.4771486180333, 558.8476565669296, 734.3867519075286, 653.4388856022254, 703.6830951065915, 629.9059944882289, 704.3982524170349, 664.9547735710593, 655.7236828032715, 703.9249197685721, 754.4161048001529, 898.4865582713879, 778.9963534494308, 780.9262048444931, 752.9313126801451, 664.9473180782517, 704.0673334688349, 629.8182628550334, 660.4156259032573, 707.2372409084516]
fps.c2:[1.661435286570506, 2.1919200435916117, 0.9726191937725238, 0.4848069313104798, 1.3868661070001163, 0.9817842211029765, 1.124918911475337, 1.0807543732368587, 0.9130285455098508, 1.0834417611667513, 2.2630715608726444, 0.5709760980343599, 0.8783696413581907, 0.9374605355012176, 0.7589165173264766, 0.49943439915623206, 1.2547930392598678, 1.9118927352647517, 1.2557638668189492, 1.155837904383924, 1.1151114515183307, 1.0281165692164889, 1.2943351748292864, 1.2397908693610091, 1.2563980642589045]
FC:[[3.8783206032797986, 3.894279447837845, 3.9081173707094337, 3.919143955728074, 3.943676063544807, 3.969945835204485], [3.904668910053011, 3.9209033689608477, 3.9400382193055767, 3.9616741228326187, 3.9864636434861267, 4.012489043189679], [4.034268469333521, 4.037909247070307, 4.074078174468836, 4.098676585786686, 4.121294806042045, 4.146226607775236]]
FCE:[[0.03306115468140705, 0.02062364960573936, 0.013715799462354069, 0.010809059310481406, 0.00917848689080159, 0.008092575982156326], [0.025622463054477476, 0.01593847683429685, 0.010587846322579038, 0.008378702397105604, 0.007114266678716799, 0.006288914724919506], [0.021463265345559604, 0.013520763004496046, 0.008779508445279725, 0.006806109407670338, 0.005780639141181382, 0.005109946064871005]]
