Ri:[100, 130, 160]
Zi:[50, 100, 200, 300, 400, 500]
fps.ts:[1719.7430400037765, 5159.2291200113295, 8598.715200018883, 12038.201280026435, 15477.68736003399, 18917.173440041544, 22356.659520049092, 25796.145600056647, 29235.6316800642, 32675.117760071756, 36114.603840079304, 39554.08992008686, 42993.576000094414, 46433.06208010197, 49872.548160109516, 53312.03424011707, 56751.520320124626, 60191.00640013218, 63630.49248013973, 67069.97856014728, 70509.46464015484, 73948.9507201624, 77388.43680016993, 80827.9228801775, 84267.40896018504]
fps.e0:[10818.972057804087, 10830.24838062198, 10832.889235210921, 10847.313450870475, 10836.297077957672, 10850.9239796621, 10823.243899497396, 10820.07769507955, 10851.933656722043, 10845.094963369815, 10840.193639432617, 10857.99852109178, 10858.469659335304, 10859.0230658466, 10845.426260236305, 10848.143654825253, 10851.473612058973, 10850.085244588277, 10853.478759817786, 10853.335845527976, 10845.106276927045, 10861.862609495076, 10849.71333892018, 10892.172276800386, 10860.53168496116]
fps.e0u:[13.000392178106992, 13.023552052737635, 13.237840878997279, 12.860179327311597, 13.089469590123956, 12.860282213150857, 13.283702272452492, 12.9502370645486, 12.959785494049386, 13.241669582251385, 13.003178649177656, 12.957417927992973, 12.97435120812914, 13.044774564175654, 13.00933797414709, 12.962412260170009, 12.95844098479164, 13.003316305651644, 12.934387376222755, 13.053255508443499, 12.919497214132367, 12.931443920332207, 13.21140998803603, 13.011995330766839, 12.823837389207984]
fps.lt:[11508.014353592562, 11060.296287796153, 11208.23915878574, 11235.851028761743, 10911.252415946965, 10721.761925584658, 11820.622175819884, 11566.066245612323, 10898.81252211423, 11438.718730804618, 11435.78049437031, 10906.0334222647, 10694.288023208688, 10581.710027005816, 11461.338343971523, 11283.396105917886, 11229.408095714001, 11284.336980258155, 11014.126237726661, 10916.397014197419, 11575.183379787228, 10984.647560463134, 11180.33499079603, 10588.257191520419, 11171.348600890373]
fps.ltu:[474.5931170653131, 440.3906214384936, 457.41871350081186, 447.8181325127033, 431.30013258332593, 407.5070471334296, 510.714238068552, 477.2786686008391, 423.42581635259296, 476.85837725149355, 469.4373571740424, 424.5220209302571, 411.2781187162969, 404.66964494746196, 473.7637433275071, 457.0154138097368, 451.65013502426746, 458.7828862743149, 433.5594757391591, 429.22682892321814, 479.4422265856751, 434.48934669984607, 453.29024153113346, 401.83323335493685, 445.33931825569897]
fps.c2:[1.573468121507849, 0.8801821704147936, 1.0891232754815041, 1.384947215261577, 1.7342215079385623, 2.0229074200487065, 0.6871284142130994, 0.9751626438721702, 1.5920200688203083, 1.2266682552815813, 1.1267333583770358, 1.4128488578210858, 1.1708065479399132, 1.390505570410832, 1.1556494966709356, 1.651703597193046, 0.7376749140230695, 0.9415983851378372, 2.083739307665863, 1.4323241525891233, 1.064150739215126, 1.0031640069550745, 1.0522826888397256, 0.9955673348436054, 2.117823315269366]
FC:[[3.797800044850402, 3.843925846910564, 3.851435572611962, 3.897490989921065, 3.928984090821503, 3.9540497488840614], [3.8360916314068176, 3.879620360914638, 3.907883043476338, 3.943252860412804, 3.9754100648296977, 4.003643744176594], [3.9652091104500946, 4.002990208268713, 4.0286779886346125, 4.063702562157192, 4.0967933297044254, 4.125458631769207]]
FCE:[[0.029108713054012626, 0.018476495542540577, 0.012085160761007213, 0.009147828580987123, 0.0077581826754285176, 0.006809370931467987], [0.02262099486824184, 0.013887265146813873, 0.008916892447178108, 0.007053562313767464, 0.006003601864847264, 0.005298652128406766], [0.018829219618085313, 0.011462629222983843, 0.007526059144177104, 0.005971566612044703, 0.005094325377365654, 0.004509074978150335]]
