Ri:[50, 100, 150, 200]
Zi:[100, 200, 300, 400, 510]
FC:[[4.088173051558862, 4.053196235203654, 4.065750982097074, 4.081832955076171, 4.100887787854562], [4.054704564534065, 4.071570390601725, 4.091134704262455, 4.114955304872256, 4.135054209154511], [4.175878642953976, 4.1952672745351585, 4.227865731466585, 4.251412433043529, 4.276740199856707], [4.854050993074783, 4.887689123707632, 4.940373130091684, 4.971364744168757, 4.9845301955964985]]
FCE:[[0.03521956196187668, 0.02371280779658799, 0.01901096925590317, 0.01641188978852652, 0.01403791723200873], [0.01721230741194945, 0.011780114218699182, 0.0094782460559936, 0.007997650524199061, 0.007043529333181898], [0.011633102944149853, 0.007924021284889707, 0.006407050678505724, 0.005529843666116953, 0.004888699760117729], [0.010729520828460813, 0.007317761260069285, 0.0059434826509113655, 0.005141919447846252, 0.004536692188261818]]
fps.ts:[1623228856.3339, 1623232309.6157002, 1623235762.8975, 1623239216.1793003, 1623242669.4611, 1623246122.7429, 1623249576.0247002, 1623253029.3065, 1623256482.5883002, 1623259935.8701, 1623263389.1519003, 1623266842.4337, 1623270295.7155, 1623273748.9973001, 1623277202.2791, 1623280655.5609002, 1623284108.8427, 1623287562.1245003, 1623291015.4063, 1623294468.6881003, 1623297921.9699001, 1623301375.2517, 1623304828.5335002, 1623308281.8153, 1623311735.0971003]
fps.e0:[10702.55152192939, 10722.66719960107, 10683.659754226002, 10704.15026214261, 10723.111907567898, 10732.48250299096, 10750.199083092199, 10705.71311169333, 10690.349041557809, 10709.1467273492, 10715.497955157794, 10724.86818588421, 10706.297168477253, 10727.847335811439, 10731.097892468897, 10709.292145153435, 10716.377502031864, 10707.698498279991, 10699.396479818175, 10704.92003752584, 10713.069797499322, 10679.684606668387, 10714.715904157063, 10701.671383334813, 10688.377277702122]
fps.e0u:[15.549729203982018, 15.511743878569417, 15.631309806604863, 15.535023596858272, 15.514323160070186, 15.446496684284849, 15.71170560413568, 15.452441725092017, 15.678425843855283, 15.598351538658063, 15.620258870819569, 15.58381444814888, 15.660732091079064, 15.74769436335976, 15.41753172302253, 15.680680571741066, 15.58867853205346, 15.710498829325696, 15.717403135245565, 15.671993879330115, 15.495532338346747, 15.636233114757427, 15.555920171830856, 15.683453524783191, 15.666614351690237]
fps.lt:[24441.849229300366, 20900.367742157894, 26189.19838320517, 26580.470515781784, 21502.61217782856, 20035.591249402663, 17833.86676051939, 22635.611167975403, 23662.722437109896, 21875.427191816383, 19646.756001297468, 21360.200447216408, 23500.14484767539, 19336.621678231288, 19552.311196575185, 21657.52750211223, 21122.71931819909, 21201.288264467195, 23270.881977269746, 22585.250191749776, 19979.408914400785, 25444.948149199605, 21685.421285715478, 23216.112306718096, 24522.752746647428]
fps.ltu:[2605.538691712639, 1914.8264412445915, 3033.2945087070075, 3092.3821553270104, 2026.2425324322426, 1753.1483138455255, 1413.7820208869855, 2229.708505219274, 2469.702933708931, 2108.25764073715, 1698.1262450297606, 2000.730092449293, 2433.5397190568465, 1663.0429610790798, 1665.4822104731763, 2070.8457110782747, 1955.0509980121772, 1992.8826553507502, 2388.801794593382, 2257.115632202748, 1741.7608211119611, 2852.120893649788, 2062.645548020425, 2373.652279111348, 2646.0911402921133]
fps.c2:[2.1856251991277906, 3.5068098656837865, 1.9385192216614118, 1.4045518829827972, 1.6875226161868349, 2.0072016499546126, 2.719355281100074, 2.169160873519047, 1.739912077606196, 1.8861706588317313, 1.8514525445831969, 2.5045616888506235, 1.9145993632173128, 1.338410833633939, 1.4650672211794424, 1.8899724944991982, 1.69958670156535, 1.56475251670984, 3.2135759013141176, 1.5040372507662667, 2.194087881962427, 1.7621798398505026, 2.0546646783475913, 2.2093355576431746, 1.8523872975421556]
