Ri:[100, 130, 160]
Zi:[50, 100, 200, 300, 400, 500]
fps.ts:[1738.4350999975204, 5215.305299992561, 8692.175499987603, 12169.045699982642, 15645.915899977685, 19122.786099972727, 22599.656299967763, 26076.526499962805, 29553.396699957848, 33030.26689995289, 36507.137099947926, 39984.00729994297, 43460.87749993801, 46937.747699933054, 50414.61789992809, 53891.48809992313, 57368.358299918174, 60845.22849991322, 64322.09869990826, 67798.9688999033, 71275.83909989834, 74752.70929989338, 78229.57949988841, 81706.44969988347, 85183.3198998785]
fps.e0:[10814.419038171554, 10809.860957919416, 10794.771508360836, 10805.923084632926, 10791.24380895535, 10794.207224418302, 10802.295155158434, 10797.555785070286, 10781.855609159575, 10778.804625256993, 10788.325378151652, 10805.433997373138, 10801.587753522415, 10801.879785329453, 10785.87115336374, 10808.55245642176, 10787.61892747461, 10792.344159198225, 10776.509043789176, 10808.963993378742, 10778.64832416301, 10782.80742891398, 10785.23291825598, 10762.470532812671, 10812.899354078078]
fps.e0u:[13.306239345337875, 13.233637273556365, 13.306659928533717, 13.316112288531537, 13.461788623250921, 13.51038192040001, 13.359464013118037, 13.332707483458183, 13.372754907915438, 13.474535105941648, 13.413046328750884, 13.436651329143364, 13.353905393482423, 13.385005817671132, 13.356692756393878, 13.442767951378498, 13.295714505196798, 13.364289561706205, 13.34271764048224, 13.246105566333362, 13.340596031581542, 13.310784574105423, 13.200850581184682, 13.381841172349995, 13.203363889986385]
fps.lt:[6192.296888197699, 6170.742197371948, 6285.344900106691, 6135.955824329978, 6382.316142264039, 6328.687222258996, 6086.016844055717, 6165.094994356251, 6389.324638653194, 6398.343191220038, 6383.805031455244, 6241.125897643858, 6259.854826830373, 6277.118149964857, 6545.125156598158, 6155.504924672474, 6406.807856649593, 6448.266663792969, 6723.17142263583, 6342.909936513183, 6607.302175092926, 6624.376469831626, 6558.102284228843, 6781.045452882043, 6263.376562038631]
fps.ltu:[140.2741492029264, 138.50151794424318, 144.68051408044747, 137.10565470041178, 150.24921903737172, 148.11001690555563, 136.51036159911408, 139.45869235167427, 149.64698716997967, 151.02960663142045, 149.75241636412588, 142.90416454846928, 143.765977018429, 144.4551856217235, 156.2297314892067, 138.97596055671985, 149.77834704302725, 151.23340307407318, 164.02092412697598, 145.74487961403915, 158.81271612999782, 160.3100736836354, 156.4378635723945, 169.08470804441725, 143.17963772385755]
fps.c2:[2.4413083177882724, 1.170866286629101, 1.8595040751169156, 1.4870721164986667, 2.331948139791789, 1.255153784469603, 1.4629617227323584, 2.3650335926032175, 1.6814692072780202, 1.2788739008427592, 1.4198332714771345, 1.279749300336264, 4.383328902914071, 2.1059831148769295, 2.21326736857715, 1.9211682622493218, 1.3451099854695037, 2.2992884803549796, 1.9296875075194664, 3.4753498569842622, 2.2886817339640113, 2.4075114415616508, 1.0767305721190463, 1.421431097476798, 1.456083458029974]
FC:[[3.810478137727017, 3.835074019124687, 3.8710849282243958, 3.912755504811224, 3.943416668719292, 3.9873196147187056], [3.860626775470695, 3.8627979035510402, 3.904330565377084, 3.9526044353625633, 3.990867212931482, 4.032368005021463], [3.964264961526751, 3.98099965490854, 4.02339128249596, 4.074530888438473, 4.11632131474272, 4.159083973562214]]
FCE:[[0.03679070779705769, 0.019310476734830873, 0.011882030858709678, 0.009247941087609736, 0.007739011419458484, 0.0066509179214395385], [0.028889914714336155, 0.015095632693373351, 0.009225667382165535, 0.007161981434708224, 0.005867657893559372, 0.005171742149304015], [0.024324861560057344, 0.012741487843446699, 0.007565860149107285, 0.005889973267423115, 0.004969292865151575, 0.004392152657680635]]
