Ri:[100, 130, 160]
Zi:[50, 100, 200, 300, 400, 500]
fps.ts:[1732.8281199979783, 5198.484359993935, 8664.140599989893, 12129.796839985847, 15595.453079981806, 19061.10931997776, 22526.76555997372, 25992.421799969674, 29458.078039965632, 32923.73427996159, 36389.390519957546, 39855.046759953504, 43320.702999949455, 46786.359239945414, 50252.01547994137, 53717.67171993732, 57183.32795993329, 60648.98419992924, 64114.6404399252, 67580.29667992116, 71045.95291991712, 74511.60915991306, 77977.26539990903, 81442.92163990499, 84908.57787990093]
fps.e0:[10927.283509137822, 10946.147732444924, 10936.324634441424, 10943.920674017554, 10929.340647388803, 10949.996853494022, 10904.515882620006, 10915.066449068909, 10950.97982023895, 10915.90804897801, 10942.290405613554, 10935.605298865736, 10949.599643602909, 10933.592217142022, 10911.3992154337, 10930.385419749453, 10942.462382077843, 10925.447765925037, 10949.232645427557, 10925.791174074682, 10956.938886872174, 10954.03665528195, 10944.229668273394, 10935.677693141384, 10930.059061193004]
fps.e0u:[15.112366228815162, 15.131459941019221, 15.051688579181723, 15.04434982694523, 15.071176992997826, 15.029905376821768, 14.98372233211456, 15.461655271825663, 15.188724155838466, 15.205154611705764, 15.039336990728897, 14.916791144916148, 15.095569551983901, 15.206398660851983, 15.207895682731769, 15.228149870427567, 15.094428653998948, 14.911047717332549, 15.162411119922936, 15.051645249046011, 15.090120501319605, 15.300085119004315, 15.08942837768479, 15.129693462390359, 15.270426246120536]
fps.lt:[13141.537272966365, 12559.077086735191, 12890.74476529434, 12033.165368401036, 12997.371645151057, 12595.18019729281, 13899.096945063382, 13605.418096810343, 12116.688573654348, 13707.467355381355, 12556.104176895806, 13269.96514065575, 11879.11968316018, 12421.916443787548, 14416.390396016215, 13381.979941123887, 12629.894445658358, 13246.791196658012, 12465.377440915841, 13310.7603665017, 12078.548699316594, 12265.499805227013, 13003.120417933966, 12835.136449891304, 13021.089884388339]
fps.ltu:[718.403693691006, 660.9678561465514, 683.779250680481, 600.9674628969117, 703.7543266460948, 659.4712028559841, 795.7799130692051, 784.5387631571396, 610.7343350161328, 784.0705498344399, 656.5445560401938, 720.6093691333298, 590.9692458848706, 649.3779701075945, 872.8758071820779, 747.3126879545955, 662.5610639006745, 724.800575554244, 648.4372617085953, 736.7061128177797, 612.2770452887765, 633.2055435818997, 703.0341952211024, 688.0515979101139, 717.373137600019]
fps.c2:[1.3363795876438507, 1.16907118872679, 1.3186632048751947, 1.1016345138837336, 1.1153745591974893, 1.9611782242983176, 0.4023164551869971, 0.626021866742178, 1.707442092567822, 1.3466368611050739, 0.8008902692517234, 1.5168852136708593, 2.0277329409618927, 1.1155572423324285, 1.3738354305689262, 0.4832687642506694, 1.0485023263905566, 2.1137325058761114, 1.018470014245649, 1.1118172858980133, 1.6933033731474545, 1.119822515125179, 1.5466091979376522, 0.9847303078059979, 1.407214170097649]
FC:[[3.85252305903491, 3.8944882155231366, 3.9006068685093243, 3.9299170989775414, 3.951094484402141, 3.9742723308962953], [3.8916549049342803, 3.9277555830127446, 3.9420894622092773, 3.9700971936302936, 3.9925998348488125, 4.0174878293504594], [4.0122144395959465, 4.045811704571793, 4.070355269507296, 4.092412440736002, 4.11684081846168, 4.145342769759386]]
FCE:[[0.033499177251041665, 0.02105950171716357, 0.013867724909586859, 0.010983326715756763, 0.009086893138596445, 0.008024261637316305], [0.02538553536929369, 0.016335803209062572, 0.010751066030360816, 0.008301551261894533, 0.007052524367999444, 0.006246136805463746], [0.021648281196299333, 0.013457175405972617, 0.008911553586185488, 0.007049194613379312, 0.0060052435418243314, 0.005336756222744425]]
