Ri:[50, 100, 150, 200]
Zi:[100, 200, 300, 400, 510]
FC:[[4.034837325862668, 4.012105396995819, 4.0182973371038075, 4.01661098336897, 4.023889620339813], [3.984779844336735, 3.9978653117850023, 4.0079093878435765, 4.015351641887452, 4.037461740295306], [4.123805600083471, 4.133160736977303, 4.14973093772861, 4.166421123398742, 4.191972651865315], [4.7805018415305955, 4.811925425282404, 4.833518913606794, 4.852052399774504, 4.871503615124996]]
FCE:[[0.035441011821310264, 0.02389080859852504, 0.01896687020326436, 0.0166071873435231, 0.014135875356463249], [0.017836183907133412, 0.012071359488368799, 0.009670162978152937, 0.008026663787093682, 0.007083148800311166], [0.012025320491503143, 0.008122931386428642, 0.006514987502802193, 0.005601988630762059, 0.004960945090675946], [0.010930360663956466, 0.007436977707039353, 0.005997511346875778, 0.005166126956188194, 0.004572206402239162]]
fps.ts:[1612101936.9161801, 1612104364.4545403, 1612106791.9929001, 1612109219.53126, 1612111647.0696201, 1612114074.6079803, 1612116502.1463401, 1612118929.6847, 1612121357.2230601, 1612123784.7614202, 1612126212.2997801, 1612128639.83814, 1612131067.3765001, 1612133494.9148602, 1612135922.4532201, 1612138349.99158, 1612140777.5299401, 1612143205.0683002, 1612145632.6066601, 1612148060.14502, 1612150487.6833801, 1612152915.2217402, 1612155342.7601001, 1612157770.29846, 1612160197.8368201]
fps.e0:[11055.417059936148, 11074.188824188122, 11068.104927369917, 11056.004903141624, 11095.990756248439, 11079.28040491682, 11059.484305137748, 11097.0039645694, 11081.663409664894, 11079.111427387892, 11069.370117523675, 11047.365508616987, 11051.537855181625, 11069.934455961311, 11047.130472848978, 11082.648065336874, 11050.678084337322, 11052.822618447262, 11022.312028228804, 11048.425335110727, 11039.892540630115, 11045.965449550858, 11046.950257427408, 11032.558782995535, 11046.504689275711]
fps.e0u:[16.64117811026788, 16.57160931464552, 16.71971040883153, 16.521874779685263, 16.639081513832064, 16.46062529524209, 16.6476036961784, 16.64181543840113, 16.55324311832917, 16.600715994498156, 16.761815037280105, 16.59106220574386, 16.621513752159373, 16.572209873747234, 16.810877583617053, 16.663749309887223, 16.71743671381457, 16.461298265117787, 16.714605800498394, 16.579040138621185, 16.862055821110342, 16.784648621713234, 16.68505376830135, 16.61624261160336, 16.655032235532843]
fps.lt:[20223.725674783756, 20799.11443660869, 19727.30655260971, 23934.54633212448, 18916.857386462223, 19249.49210278037, 21929.14824209526, 17142.002421691035, 18465.439523822664, 18546.250740992447, 20788.941756189997, 22358.302103185095, 21945.233293046665, 19941.866452406965, 23473.442794278286, 18902.855286429116, 19763.827674314674, 23576.314585864886, 25076.380647296774, 21195.37060431488, 20073.242052381327, 20838.92240672993, 20270.84648851521, 19959.751790028662, 22016.32884201477]
fps.ltu:[1849.139878944726, 1969.503074173517, 1778.1583707425916, 2590.6441908265438, 1620.4504197812098, 1675.4633675036284, 2179.44766633322, 1338.179883847262, 1535.6048131805208, 1562.501948787937, 1959.3300233633108, 2257.6407555887604, 2181.9110476494575, 1803.4555438148566, 2527.7322814588824, 1627.5250150804977, 1782.4036270736303, 2490.8043904729793, 2874.7254724454287, 2038.796541339944, 1849.945712580033, 1989.0606872857675, 1870.8214252254209, 1815.4327493418582, 2198.9583618560514]
fps.c2:[2.473468249909249, 2.9807562384625745, 2.3737291448260294, 2.444589320022467, 0.8337566396543449, 1.9315345491641278, 1.0157559453251581, 1.9837436078416426, 1.002031475909912, 3.3253979647787637, 3.0744602561531624, 1.5104504403508587, 0.8245678393270175, 1.8294239220103248, 1.2871762619107328, 1.795884479391372, 0.9080072600812774, 1.5050300843527005, 1.078281366251061, 2.4945939835136763, 1.7784403183464876, 0.8769472598208993, 1.4830359252708025, 1.5876090098143212, 1.240564878882035]
