Ri:[100, 130, 160]
Zi:[50, 100, 200, 300, 400, 500]
fps.ts:[1858.8489599990844, 5576.546879997253, 9294.244799995422, 13011.94271999359, 16729.64063999176, 20447.338559989927, 24165.0364799881, 27882.734399986264, 31600.432319984437, 35318.13023998261, 39035.82815998077, 42753.52607997894, 46471.22399997711, 50188.921919975284, 53906.61983997344, 57624.317759971615, 61342.01567996979, 65059.71359996796, 68777.41151996612, 72495.10943996429, 76212.80735996246, 79930.50527996063, 83648.20319995879, 87365.90111995696, 91083.59903995514]
fps.e0:[10783.070194512675, 10782.543665269292, 10773.683827509438, 10765.900280473119, 10781.670496617859, 10765.234320287542, 10763.510837596285, 10764.743781881116, 10772.085032659577, 10776.92543823856, 10780.226475531215, 10759.81756995794, 10766.111057709148, 10764.963792870936, 10787.855481631803, 10788.546522806724, 10776.569397768302, 10762.362281063844, 10743.08199973707, 10752.490767164378, 10730.736496613383, 10775.221497218334, 10780.661275670329, 10737.857463302698, 10739.1647777146]
fps.e0u:[12.933206818815087, 13.035949748824581, 13.098564649861142, 12.750884321911101, 12.848171337628301, 12.873797264356527, 12.899332060795688, 13.126886967197466, 12.89815051886355, 13.08596040172447, 12.95776235674481, 13.001384763474045, 12.93155744136485, 12.91995564165902, 12.744011577410804, 12.925138514839315, 13.010119865732264, 12.752463839647062, 12.98481290813436, 13.106810440318794, 13.84950886007581, 13.656256276680024, 13.578628381301469, 14.016995486445255, 14.126477042064108]
fps.lt:[6597.136049098717, 6546.8549953598385, 6683.659536531966, 6669.909809374941, 6462.871362443917, 6777.2352047170625, 6766.791505735527, 6634.300740182283, 6818.527118954078, 6593.170338405538, 6554.894770800914, 6745.2032095539835, 6736.147185496119, 6698.311634197147, 6546.376332953957, 6632.115539848431, 6513.845297902102, 6174.928535893023, 6112.747693741807, 5940.053613152169, 6400.888537323374, 6047.393441027203, 6082.261088708473, 6302.326824017475, 6214.427668731078]
fps.ltu:[154.7741680925776, 151.8501778373635, 160.1692693456606, 156.23776122607526, 148.39930979424628, 161.44723481976487, 161.51141920742552, 157.33644574220025, 163.5906913791528, 154.78330977805578, 152.54107150613862, 161.20074981979744, 160.97585646887958, 158.51322541124338, 149.6756677035252, 155.48585367566884, 151.56481126846654, 134.32730974452468, 133.7501330602691, 128.65657082435834, 156.57298107784652, 139.63323781477095, 140.07374271059882, 156.04345725449465, 152.82979082094715]
fps.c2:[1.8124812257085712, 1.6455913477725954, 2.4176685761467303, 2.2603684940122357, 1.7434105510019893, 1.4011280763326044, 3.3985050902092016, 2.0285525740606936, 1.7506210534790998, 2.914976722150994, 1.6375369743758008, 2.6509278898488926, 2.0524931087249936, 2.3377950969697063, 2.9789404810804063, 1.4573672147591124, 2.0482174331689116, 1.2797316372621974, 1.6039981396226959, 3.8156144675232735, 1.8216832836235715, 1.1945180382558829, 2.016530755398394, 1.5101093788336706, 1.4903268384819457]
FC:[[3.7937976994021185, 3.8549616872875565, 3.862802379614609, 3.9262390080012506, 3.9863907799437284, 4.040102705157044], [3.8377210335311207, 3.886273156520442, 3.9146187292842227, 3.9689494236570697, 4.029763864544328, 4.0848723608372906], [3.9590457850048693, 4.005204447455449, 4.0397000745209874, 4.095755241733073, 4.154163698564789, 4.20961287736626]]
FCE:[[0.03573801076456295, 0.019383242668520626, 0.01182322240824619, 0.00927955665913045, 0.00784660139519936, 0.006761155553058669], [0.028010188277911324, 0.015029761004432268, 0.009190673716566714, 0.007178105482397944, 0.005940302391689799, 0.0052578255234397775], [0.024124132589603872, 0.012438965367736931, 0.007576287552467571, 0.005918802603282307, 0.004901368692291408, 0.004344249876005361]]
