Ri:[100, 130, 160]
Zi:[50, 100, 200, 300, 400, 500]
fps.ts:[2102.1778999996186, 6306.533699998856, 10510.889499998093, 14715.24529999733, 18919.601099996566, 23123.956899995806, 27328.31269999504, 31532.66849999428, 35737.024299993514, 39941.38009999275, 44145.735899991996, 48350.09169999123, 52554.44749999046, 56758.8032999897, 60963.159099988945, 65167.51489998818, 69371.87069998741, 73576.22649998665, 77780.5822999859, 81984.93809998513, 86189.29389998436, 90393.6496999836, 94598.00549998284, 98802.36129998208, 103006.71709998131]
fps.e0:[10936.373395165017, 10918.447161270844, 10938.704356033077, 10954.499466635192, 10955.40990618659, 10931.99307786884, 10945.994747965839, 10929.07334395206, 10933.30186283961, 10918.047712672644, 10932.927139426809, 10933.163917612479, 10923.535230720767, 10917.259473163098, 10942.546880995651, 10949.058188568792, 10932.833684837366, 10928.543788793833, 10927.481604167164, 10920.119883533393, 10968.046509128204, 10922.860659434033, 10915.566083409265, 10923.92487528907, 10941.871031434192]
fps.e0u:[16.323408616212124, 16.304389392647277, 15.63476127272282, 15.791295867173785, 16.14591425989441, 16.096567012682886, 16.118997066255776, 16.248557440842546, 16.318988366688387, 16.236585802851092, 16.125735563622154, 16.149439813525127, 15.881120550501617, 15.930861319214408, 16.327938763372646, 16.437923862260288, 15.890547278275367, 16.43191721448673, 16.31980626340974, 16.294688499937187, 16.331005982951115, 16.311920261255292, 15.895389316920571, 16.486372266504727, 15.739489941406646]
fps.lt:[6904.059888360348, 6999.829485874083, 6875.019627273272, 6654.490875292742, 6528.817590577691, 6931.317887194463, 6709.8486062274205, 7072.182302992017, 6770.456723532821, 7109.2319175794, 6976.19842300129, 6764.603501998261, 7176.309231220233, 7212.918036121273, 6790.636959531272, 6753.7042658902565, 6943.663242595578, 6866.737043174273, 7039.882949464592, 7052.263482340601, 6660.839721599111, 7047.885286714102, 7217.449767628299, 6966.646687336997, 6859.501554997017]
fps.ltu:[211.97214228922434, 218.17722320065653, 200.89072334029137, 191.5268990245883, 187.6518898497864, 210.58124339697005, 197.57120568411665, 221.0168316353611, 203.52366157237606, 223.9646326317899, 214.29555662800178, 201.98309156204593, 222.8787950727034, 226.52696446093694, 205.1059222509662, 203.35202329141646, 208.07363104388736, 209.8012674742357, 221.27031018633969, 220.5871907180751, 197.07585503184058, 223.38081874328165, 225.76343148888037, 217.6143999354267, 202.33593963500775]
fps.c2:[1.5528048204392013, 1.5175822175326286, 0.8524609230491959, 1.5709382993562007, 1.2084453725127722, 1.2711294656523267, 1.402799378104888, 2.1542866750046414, 0.837861903133835, 1.5412291041229524, 2.2974987906544904, 1.8689263632661512, 0.9145859711397001, 0.7635511304504288, 1.0786468152194904, 1.2338783234897288, 2.583514127088183, 2.3272307002884918, 2.3275875164970508, 2.5751404576888346, 1.474063865604278, 0.7266477060771599, 1.8740421159865108, 1.3459487238776142, 3.2518054846094007]
FC:[[3.8809574512344502, 3.869786401739887, 3.8813511601564024, 3.925345009856368, 3.9627921925466256, 4.022245575089173], [3.9465156006633357, 3.9301686004095457, 3.9489371215062676, 3.9849832565855103, 4.035129019751738, 4.0770980394132454], [4.063479189779298, 4.05732565762585, 4.076195480153995, 4.1133508016845495, 4.157888978715248, 4.204380428145783]]
FCE:[[0.04202209497854269, 0.02351890796694373, 0.014608398957790668, 0.01150153827875179, 0.009696443559433885, 0.008239918989809636], [0.032909076806831784, 0.0178919450143735, 0.011408401185230314, 0.008930004368930282, 0.0072588289906153946, 0.0064064331929542095], [0.027995120034308832, 0.014968529874724721, 0.00920848281013442, 0.007196265194680892, 0.006103856204353309, 0.005412542899905226]]
