Ri:[50, 100, 150, 200]
Zi:[100, 200, 300, 400, 510]
FC:[[3.908637967545323, 4.022952975038251, 4.055127337060444, 4.063644853583571, 4.04766498213248], [4.022388408320304, 4.052419793443452, 4.083339921679244, 4.087565736204106, 4.0910813500258145], [4.167145956012597, 4.180563445634375, 4.222674466036861, 4.238012251219515, 4.259857120513581], [4.71875799093243, 4.760642691703153, 4.810968448786917, 4.842099783915699, 4.869660278214088]]
FCE:[[0.057851622040417654, 0.04018984069389223, 0.03270623921528507, 0.02799274632654892, 0.024362459341412537], [0.02874168646506486, 0.019742416133291807, 0.016034549829463788, 0.013700179494394508, 0.01197457996034386], [0.019968562207163264, 0.013585356695848538, 0.011027901925923896, 0.009459908575691641, 0.008324683586028841], [0.01846813266166133, 0.012588045688383169, 0.010201220556586434, 0.008820117579123663, 0.007795534928735539]]
fps.ts:[1619933562.3832998, 1619936021.6019, 1619938480.8205, 1619940940.0391002, 1619943399.2577, 1619945858.4763002, 1619948317.6949, 1619950776.9134998, 1619953236.1321, 1619955695.3507, 1619958154.5693002, 1619960613.7879, 1619963073.0065002, 1619965532.2251, 1619967991.4437003, 1619970450.6623, 1619972909.8809004, 1619975369.0995002, 1619977828.3181002, 1619980287.5367002, 1619982746.7553, 1619985205.9739003, 1619987665.1925, 1619990124.4111004, 1619992583.6297002]
fps.e0:[10758.942285647558, 10753.759172025768, 10736.388452500894, 10791.157115487287, 10768.261155329514, 10725.244437894064, 10668.947504282878, 10718.697194244087, 10759.251986437654, 10762.750562356356, 10712.821978684055, 10717.17560799544, 10763.74851990871, 10698.051018303298, 10695.832156672068, 10695.120085987128, 10751.704851269644, 10771.46543252929, 10755.591684867633, 10784.47801158172, 10732.728913115108, 10696.892935097272, 10740.764838415358, 10689.776605760899, 10751.287056668583]
fps.e0u:[26.83459318431093, 26.928605758579913, 27.597358422711487, 27.592776406158727, 27.621654846642713, 27.70458133143782, 27.6954920712776, 27.040962410331318, 26.909696703561703, 27.523705314815686, 27.74552990763879, 27.39757845311375, 27.014764961481898, 27.526008900636793, 27.25683496628642, 27.360613329905306, 27.493692462072612, 27.525094833180116, 27.513129144427033, 27.690184430814963, 27.396659480088772, 27.44467928260057, 27.568044204070365, 27.02776587626248, 27.90051066815302]
fps.lt:[18377.615817819373, 19542.691985772435, 19853.336547757448, 14614.20511359608, 17146.724968631526, 21563.423476201147, 27746.987607697072, 20067.49650237203, 19600.359758701303, 15410.6975968813, 21529.70104916395, 19978.907333542986, 20133.912283798927, 21651.553352099196, 24203.317185645996, 24968.12426567495, 20427.80854384873, 17726.344825748012, 16597.340515437965, 16276.31333732221, 20624.98479431863, 27408.04498472813, 22212.97127853982, 28151.254829778965, 18341.3210812148]
fps.ltu:[2546.739140482204, 2892.6038262324873, 3054.673760152765, 1649.8046747694668, 2280.080468523221, 3590.1698089006723, 6018.20291451985, 3067.442339756253, 2893.9990831550986, 1832.2736791666823, 3597.4335844071466, 3067.2759166525425, 3069.682820837458, 3589.3231480275736, 4534.776158468054, 4751.291631242796, 3213.772735102476, 2421.5212126382935, 2112.8913471700985, 2042.7310486614876, 3238.5402159530972, 5749.110932628002, 3795.9727461004904, 5997.198820699684, 2642.265279944246]
fps.c2:[0.5473815914003781, 1.9764010113976371, 0.9809975350456125, 1.4005368519725883, 0.8488288084766581, 0.6974238986884809, 1.9191536586536988, 1.8669355288010108, 1.2246010097296003, 1.5890848387229914, 0.7104517737958082, 1.223694994521711, 1.7989266084235989, 1.3559779518582746, 0.8518749232076506, 1.5388533609726227, 1.4094632290973164, 1.638364470351939, 2.4206538845087593, 1.1907777989866783, 0.8237336193166054, 0.9811396818188522, 1.4998891369212792, 1.2835081918959899, 1.4013127800064542]
