Ri:[100, 130, 160]
Zi:[50, 100, 200, 300, 400, 500]
fps.ts:[1755.4928000020982, 5266.478400006295, 8777.464000010492, 12288.449600014686, 15799.435200018885, 19310.42080002308, 22821.406400027277, 26332.392000031472, 29843.37760003567, 33354.363200039865, 36865.34880004406, 40376.33440004826, 43887.32000005245, 47398.30560005665, 50909.29120006085, 54420.27680006504, 57931.262400069245, 61442.248000073436, 64953.233600077634, 68464.21920008183, 71975.20480008604, 75486.19040009021, 78997.17600009442, 82508.16160009863, 86019.1472001028]
fps.e0:[10898.522064209883, 10928.377058498674, 10929.457631109444, 10924.984014603077, 10953.26647489585, 10890.32094173246, 10900.072723098765, 10907.758148338606, 10941.925047450739, 10923.394025742786, 10934.146506297995, 10935.727109073572, 10933.364057040071, 10961.55689371546, 10911.61483110176, 10898.714136209897, 10908.501651055585, 10924.476804779277, 10941.833045184123, 10908.091376307562, 10933.52892021335, 10920.266552417776, 10910.483998752325, 10912.020662028643, 10929.4559589856]
fps.e0u:[16.340108495575464, 16.745542864206875, 16.65219552431993, 16.782071291072178, 16.492743145778714, 16.66128190287516, 16.719157710269744, 16.64351048598539, 16.868784511126364, 16.43773753368764, 17.026732081697062, 16.714636714527487, 17.106393075043044, 17.113978403978425, 16.666674083587335, 17.04974502967121, 16.793432129052544, 16.72355614906954, 16.647937035515135, 16.721485236827533, 16.73200454287662, 16.44684309659936, 16.837719487083703, 15.9563615050471, 17.198495566084276]
fps.lt:[6832.987717209277, 6371.4342831296, 6584.67422207264, 6493.183272030421, 6221.497267433255, 6931.704888631484, 6784.642897976676, 6711.886734848153, 6256.459275137261, 6447.567014069249, 6453.113442850268, 6434.085553052031, 6593.366500109398, 6323.837892509904, 6824.705432794894, 6770.396212446956, 6793.577598146096, 6532.0576185035725, 6384.148561440922, 6891.666504647084, 6756.356051880299, 6650.80086883457, 6930.057423889283, 6661.768073310851, 6683.324586882254]
fps.ltu:[209.2367799076966, 185.55487776201628, 196.6332177351113, 194.03539109758162, 174.28355025625285, 219.2766993059258, 210.38165905881814, 206.4796477263554, 180.80827781375257, 188.52101862064825, 192.57152545588863, 187.78306536028077, 201.91736123807416, 187.52289994742083, 213.48157666682133, 213.2985001173084, 211.7178276561845, 196.6157647492007, 186.51014425180898, 217.22122522400326, 208.61393712595842, 198.8647725481924, 221.95576094526774, 193.97262092154605, 209.79980121125092]
fps.c2:[0.820499645781854, 1.3411622146207896, 1.1805278223829667, 2.154919715806878, 1.0592199552404062, 2.0087027073817505, 0.83531696390568, 1.4153868152571552, 1.2217575971435688, 1.2478295670128259, 1.496596849078067, 1.9407472036011468, 1.7859584247534246, 1.4951152142303092, 1.196351436518632, 1.9775491345016012, 1.6446245487472513, 2.132273994652839, 2.3513459329307844, 2.555729030694595, 0.7887355853688341, 0.9777629310717306, 1.1834269839679512, 1.7460880663833354, 1.4492764078085398]
FC:[[4.0022935027657995, 3.8922576373448416, 3.9183773695548445, 3.9996146875493084, 4.095720805859629, 4.195302842375987], [4.014997733670277, 3.9599801882170698, 3.974354653117925, 4.047557683046069, 4.14164018271869, 4.236357449120268], [4.143390630302801, 4.069003370498253, 4.101986454085988, 4.166186174948149, 4.257807503269271, 4.359505327791174]]
FCE:[[0.046592709567900584, 0.0247349449744325, 0.015381080835273809, 0.01194896139397308, 0.010098789646905108, 0.009096762289729936], [0.03594832373307515, 0.01909703191558723, 0.01169788500744225, 0.009043346941992597, 0.007791409946908255, 0.007032715025678909], [0.030598820916073237, 0.015680414589077048, 0.009632531555389012, 0.007569035607995848, 0.006541609696003428, 0.0058219997697913865]]
