Ri:[50, 100, 150, 200]
Zi:[100, 200, 300, 400, 510]
FC:[[3.899052999719035, 3.9283102665307825, 3.959886705283184, 3.979611796422216, 3.996131187710034], [3.9544676599655024, 3.978371021067962, 4.000610974872617, 4.020164537457427, 4.0413065410051745], [4.078764914467487, 4.11630836158639, 4.144608993363733, 4.174617956700041, 4.197376753206782], [4.367444800363807, 4.418311776704277, 4.464937708483502, 4.504191916030353, 4.536239972848447]]
FCE:[[0.02952447643597732, 0.02026525330745594, 0.01639964307779386, 0.014182587861601214, 0.012522694818975028], [0.015066541141136749, 0.010292031730614354, 0.008284955088410477, 0.007125366146992833, 0.006277060796240056], [0.010404860020252277, 0.0071176643632441285, 0.005738397442519722, 0.004947473280105325, 0.004362414431527371], [0.008850367437608968, 0.006044626221985548, 0.00487974433679292, 0.004210206765083972, 0.0037228214730872025]]
fps.ts:[1623496153.79252, 1623499611.2295601, 1623503068.6666002, 1623506526.10364, 1623509983.5406802, 1623513440.9777203, 1623516898.41476, 1623520355.8518, 1623523813.2888403, 1623527270.7258801, 1623530728.16292, 1623534185.5999603, 1623537643.0370002, 1623541100.47404, 1623544557.9110804, 1623548015.3481202, 1623551472.78516, 1623554930.2222004, 1623558387.6592402, 1623561845.09628, 1623565302.5333202, 1623568759.9703603, 1623572217.4074001, 1623575674.8444402, 1623579132.2814803]
fps.e0:[10638.404436761584, 10678.766990523487, 10670.713911460023, 10659.483005362754, 10670.852673553065, 10669.947361916738, 10669.995953329664, 10679.082588797253, 10653.070740404748, 10674.077179246078, 10675.087716809656, 10637.91226461655, 10662.705541007917, 10638.694016516947, 10678.89597970265, 10651.968903028677, 10675.746989329606, 10664.407612074003, 10671.63925225916, 10665.50862368281, 10666.410253486043, 10651.53156407454, 10671.016042400415, 10682.680916576259, 10686.291680923056]
fps.e0u:[14.28434681081693, 14.50730901308978, 14.354838945576505, 14.423491244189595, 14.316782682258083, 14.328194862331387, 14.44204098761636, 14.400682336260328, 14.426044226471808, 14.288474806672609, 14.22810295896891, 14.517544281125671, 14.52379156704261, 14.487524402154069, 14.430840658344653, 14.497816877097627, 14.415464074248197, 14.458500640373725, 14.405697458690348, 14.490042971444492, 14.540870055228659, 14.530052605332836, 14.387530647169685, 14.442111115825078, 14.349701894821493]
fps.lt:[28891.804424811286, 22202.410129650103, 23594.73012630942, 24894.988846641834, 22885.842369928287, 22495.65281824632, 24170.767991065248, 22647.79120089571, 25153.54752073197, 22181.045903184193, 21503.26948685816, 29362.947796019896, 22764.352520142522, 28682.359490072893, 22200.20862408448, 24175.124049694037, 21943.880205876885, 24820.326921817323, 21903.73240310757, 22038.989775441292, 22477.203558887973, 26410.80926909272, 24397.572763413405, 20572.22136879762, 20822.227748998208]
fps.ltu:[3393.329096604738, 2019.1861555923842, 2252.492671789034, 2521.209408050578, 2121.900200633373, 2046.7052169893113, 2377.009398297708, 2084.760662309509, 2591.1823194384456, 1999.5732765800767, 1873.487192883487, 3539.9521580263267, 2125.1555751509445, 3380.448975243117, 2016.08248444533, 2410.22014247219, 1963.1781714600338, 2512.325232804189, 1954.9614609005978, 1993.6620075085336, 2076.031149203453, 2854.3406813366464, 2434.2414696819583, 1728.729168601568, 1762.9990084160913]
fps.c2:[1.4322688553229914, 1.2849688894529925, 1.8851187973109211, 1.2154690826358163, 1.8889441637756919, 1.702604620443276, 1.4260359370833238, 2.3100604020469646, 2.4289053107230605, 2.41459017416711, 1.2482495022877331, 2.1776225072083184, 2.1303914321239334, 1.7681022008905032, 1.6510410911051319, 1.556153046124758, 3.38713727884982, 0.6175560387534346, 0.8422968986146182, 2.4714780281378195, 2.3442300327602283, 1.7147327615134553, 1.6829591317739179, 2.687648453307, 1.061292019736845]
