Ri:[100, 130, 160]
Zi:[50, 100, 200, 300, 400, 500]
fps.ts:[3593.0858199977874, 10779.257459993361, 17965.429099988934, 25151.60073998451, 32337.772379980088, 39523.944019975665, 46710.115659971234, 53896.28729996681, 61082.45893996239, 68268.63057995797, 75454.80221995353, 82640.97385994911, 89827.14549994469, 97013.31713994025, 104199.48877993584, 111385.6604199314, 118571.832059927, 125758.00369992256, 132944.17533991812, 140130.3469799137, 147316.5186199093, 154502.69025990486, 161688.86189990042, 168875.03353989602, 176061.20517989158]
fps.e0:[10905.569623907579, 10915.432604837966, 10905.216053247636, 10894.531107581399, 10912.788607914492, 10907.066361031319, 10900.577501348685, 10889.891012539989, 10899.439796532015, 10890.664168359963, 10890.573420844406, 10890.524292154012, 10909.124183172358, 10916.983946554325, 10901.669396355752, 10909.808594487484, 10919.732381170208, 10906.50498345264, 10887.933815389873, 10893.813190799521, 10912.769102086015, 10895.846344771497, 10899.29149355563, 10910.008018787079, 10894.307645269359]
fps.e0u:[7.405018756879084, 7.4508191125403975, 7.436523858322908, 7.475819726437256, 7.470052657619513, 7.41617651944894, 7.451636565218174, 7.401592325619672, 7.470486853413272, 7.460997400533584, 7.442528357301017, 7.3910446781394175, 7.461669492428496, 7.37847857987705, 7.402384778043792, 7.389410610394539, 7.398788825238518, 7.42629037992721, 7.4404708956937595, 7.419532074548733, 7.3705771903572685, 7.420722370444163, 7.429961302706714, 7.385161091255871, 7.43074358252367]
fps.lt:[5614.128942320193, 5526.317318506219, 5641.990739475713, 5664.992313118292, 5570.7367354597, 5657.888602538412, 5666.327735071196, 5857.3938256714055, 5727.933712934704, 5790.152551629859, 5799.940889813001, 5756.372459545171, 5571.311008166123, 5514.986590373661, 5646.393272155623, 5618.56436856021, 5507.350288456454, 5637.407030170651, 5728.0996911704815, 5676.262491729136, 5604.542488485321, 5735.316365916789, 5699.783897009073, 5625.660791401885, 5731.358945132038]
fps.ltu:[63.39188760355751, 62.19964683210028, 64.59801388971437, 65.5148541147581, 63.33738400997652, 65.00935056555218, 65.27843171201285, 69.3814514269397, 66.80008525502176, 68.1334439480787, 68.17995817770534, 66.8163559095731, 63.25523818609633, 61.31555285709101, 64.33456836778072, 63.520236618660064, 61.23617528813085, 64.49719329974634, 66.29140650163409, 65.15969438154615, 63.26131103452727, 66.5839985460647, 65.96508572201294, 63.869259215850526, 66.55110412322301]
fps.c2:[4.990076517079298, 6.1832063303413065, 3.0071919396707134, 5.201988326372767, 3.39210401688884, 3.890340418595066, 2.925075311643736, 4.135061833088006, 4.124415540998203, 5.613311680701629, 2.6722732360187536, 6.154627488045705, 4.2925774842481665, 3.689645742603447, 5.676104404912489, 3.9785807180366026, 4.2835680871539905, 3.849937991528584, 4.033907250977044, 5.932256648742053, 5.285263306812732, 3.5970784822959336, 2.449228229070836, 4.862891012954524, 5.992704237157968]
FC:[[3.7395427055699315, 3.760050856813863, 3.8067303059985185, 3.8595696232939396, 3.929318218569799, 3.991514040358506], [3.7665172396479334, 3.783786759360108, 3.8309265846389566, 3.8926456505646683, 3.9631317837189717, 4.027205319507646], [3.8433902990122326, 3.86028439061083, 3.9037531661029647, 3.970190685671211, 4.037687994059931, 4.104616159062523]]
FCE:[[0.019786087144336943, 0.010467926264907028, 0.006447350329153276, 0.005049227855778951, 0.004208732971763371, 0.0037388212780015933], [0.015426020963867262, 0.008094973882783879, 0.004953000954151142, 0.0038893297604363324, 0.00324388731650386, 0.0028926759658882083], [0.012704891673017808, 0.00675097709616807, 0.0041138037282260585, 0.003153620334294052, 0.0026946716994321347, 0.0024102120421505575]]
