Ri:[50, 100, 150, 200]
Zi:[100, 200, 300, 400, 510]
FC:[[4.094772834017705, 4.0496386068697445, 4.045688021790471, 4.061382447380497, 4.064067931984527], [4.017873552210345, 4.013958794514238, 4.031695217903351, 4.055256487476395, 4.070321979237758], [4.125500297946817, 4.14237718152201, 4.168991069609527, 4.189624386751108, 4.213852936027365], [4.767186885339057, 4.800048125077352, 4.8353031284125905, 4.8517327392254685, 4.864769201316152]]
FCE:[[0.03715754824148054, 0.024713081689778565, 0.019909532132536305, 0.01724502987408466, 0.01514399866332943], [0.018143025812030058, 0.012210287508504142, 0.009895008228801011, 0.008547955971959153, 0.007547848878664996], [0.012665141657239474, 0.008551680541907603, 0.006935165311334718, 0.005977555591588329, 0.005294548272390339], [0.011533853115575952, 0.007831682912030626, 0.006346793214116412, 0.005468244870437778, 0.0048293630687503905]]
fps.ts:[1614076198.6860402, 1614079390.64012, 1614082582.5942001, 1614085774.5482802, 1614088966.50236, 1614092158.4564402, 1614095350.41052, 1614098542.3646002, 1614101734.3186803, 1614104926.2727602, 1614108118.2268403, 1614111310.1809201, 1614114502.1350002, 1614117694.0890803, 1614120886.0431602, 1614124077.9972403, 1614127269.9513202, 1614130461.9054003, 1614133653.8594804, 1614136845.8135602, 1614140037.7676404, 1614143229.7217202, 1614146421.6758003, 1614149613.6298804, 1614152805.5839603]
fps.e0:[10709.172435695617, 10744.86260856563, 10729.700247966764, 10685.412493981099, 10718.76063533676, 10699.161608161508, 10714.195190394144, 10718.505658368407, 10723.686063695048, 10698.573306053731, 10717.694573440427, 10738.712230367364, 10716.55079227914, 10730.138360805408, 10731.441728655396, 10713.863963493148, 10720.67943180576, 10718.979845083779, 10716.408206031972, 10732.190981715066, 10714.678080365182, 10725.391515454883, 10698.701007661266, 10728.871129131943, 10724.998709160705]
fps.e0u:[16.886391520748308, 16.847268450879742, 16.939308437539037, 17.042847889496624, 16.93800316041997, 16.78329774386894, 17.220455561894212, 16.956541652055733, 17.03448210761343, 16.93874184078178, 16.974616141874556, 16.98694170260461, 16.77899540020941, 16.963388765210862, 16.890889628287916, 17.012885427409383, 17.04802108272719, 16.852026681440844, 17.00127591472526, 17.183656732059802, 17.096723338891653, 16.993957412459867, 16.922071130754638, 16.980494976242287, 17.021457858390317]
fps.lt:[20634.842172775276, 16165.29875024688, 17877.394654771913, 22285.334299082177, 18464.356712970777, 19719.97811919902, 19484.01044070903, 17652.91891107395, 18138.462133786314, 21163.38338251176, 18976.16528611308, 15530.356433406027, 18329.659600348183, 17944.885034082745, 17542.856581008557, 19140.587147527203, 17440.542482850316, 18150.218100740465, 18431.612970556536, 17290.755452419166, 18151.26010166278, 18172.95952261921, 20672.695341263636, 17272.89705893628, 16417.616580821283]
fps.ltu:[2011.582082473749, 1240.257914417175, 1521.184181708566, 2369.106240642619, 1620.0467504375238, 1849.3948661931736, 1826.7079816286957, 1482.365715874386, 1581.3625629597084, 2133.940227890017, 1715.0548185047955, 1162.8187465410429, 1575.3110452592157, 1532.1206532792605, 1469.045550464767, 1760.7760207770975, 1457.8981324360923, 1564.0020942335493, 1622.4280311360951, 1430.6311556515939, 1577.5284298539755, 1574.1257170131776, 2037.424534051327, 1424.860582171138, 1286.7705181234076]
fps.c2:[1.5242524378700453, 1.9959300676780978, 1.5948630748385448, 0.8135062438544072, 1.2078172846641881, 1.52571265321712, 1.6333664602847553, 1.3462684331885544, 1.553789327686633, 0.6818867701754695, 2.5336922695210444, 1.9486804819373116, 2.2726844306758376, 2.956927809469332, 1.2517810784088554, 1.5264328593066427, 1.795229513230325, 2.3571082473336604, 0.9299673566977117, 2.0087116718277214, 0.9619113630428806, 0.9859840322351394, 0.8597459348598774, 1.813939158115781, 1.3665089599790907]
