Ri:[100, 130, 160]
Zi:[50, 100, 200, 300, 400, 500]
fps.ts:[1662.7269799995422, 4988.180939998627, 8313.63489999771, 11639.088859996795, 14964.54281999588, 18289.996779994966, 21615.45073999405, 24940.90469999313, 28266.35865999222, 31591.812619991302, 34917.266579990384, 38242.720539989474, 41568.174499988556, 44893.62845998764, 48219.08241998672, 51544.53637998581, 54869.99033998489, 58195.44429998398, 61520.89825998306, 64846.352219982145, 68171.80617998123, 71497.26013998031, 74822.7140999794, 78148.16805997849, 81473.62201997757]
fps.e0:[10794.85612018604, 10784.470956813795, 10791.59369842459, 10780.81432973383, 10784.547547306433, 10798.975911079355, 10812.437524604838, 10815.42678550864, 10800.049998308066, 10787.521771831809, 10802.507797453163, 10805.603160365918, 10814.297738516676, 10825.669902916083, 10814.166511465071, 10812.015428107872, 10835.047786526324, 10811.717113664095, 10827.177093294622, 10810.135519583142, 10841.101169045862, 10813.006980425049, 10802.144264781376, 10835.652656097604, 10823.440638974424]
fps.e0u:[12.796675859279244, 12.854622777019639, 13.015265795606654, 13.016058596197983, 12.721681155399517, 12.8681012737648, 12.83020284876686, 12.751983446282923, 12.76183884540077, 12.957225592381663, 12.843870317935203, 12.812901004112527, 12.770325618543717, 12.778345923286428, 12.706601889537097, 12.885917570626965, 12.826821914601373, 12.598335427072847, 12.891854494169982, 12.87736195095119, 12.846474197249309, 12.850556953090875, 13.008290736673464, 12.82476208987666, 12.766028271853642]
fps.lt:[2727.710805713581, 2757.569639262277, 2711.048958027026, 2770.297379691327, 2717.2749903478352, 2703.2417313451274, 2645.5737866451173, 2643.9185853952217, 2669.8667147526107, 2687.1890945719915, 2673.8084731834056, 2657.768591227392, 2645.0586848813605, 2607.831870921414, 2663.508476567153, 2669.7554911241455, 2629.005310021416, 2689.294379996232, 2618.356117147414, 2664.0774610941567, 2600.6760873255294, 2650.5798532477047, 2688.022476901281, 2605.6610272304533, 2645.967082863206]
fps.ltu:[28.034147540488792, 28.728778046772195, 28.03110087814954, 29.13499531836325, 27.6762197967943, 27.67543477244794, 26.4269495677973, 26.356783546057702, 26.7712514773358, 27.363933357823722, 26.92743519692283, 26.593860186577995, 26.045441427470962, 25.634386444110838, 26.49586445515264, 26.785555496912426, 25.951752384121168, 26.900664728808277, 25.956325839982643, 26.70890142915655, 25.462947889887896, 26.452967107844984, 27.332084847052776, 25.441391822094058, 26.20549550226811]
fps.c2:[1.0147804144389163, 2.697026029289099, 1.1969527717146864, 2.688877172484387, 1.6829398252914212, 1.2156013701556143, 1.113154689613061, 1.0317491055762236, 1.9467195181556312, 1.5799856602736109, 1.8507313756955537, 1.9700751993350254, 2.4878801292547266, 2.0499430628329005, 1.2265018897154174, 3.196583810840466, 0.5108814700331468, 0.9838944929653789, 1.7782047526157223, 2.2236876288649827, 2.3569558493426914, 1.280107794284338, 0.6673429590075117, 2.9067177902752395, 1.1678026639448933]
FC:[[3.867317884553956, 3.83690517480055, 3.9285323064621043, 4.035340143054236, 4.11731971888933, 4.206424790151759], [3.8889177780298416, 3.8575564527348822, 3.9778673462060645, 4.08313523326212, 4.1784932372239645, 4.258088277640423], [3.96422091065554, 3.962321687556185, 4.099753711728064, 4.213135932241385, 4.318065874420826, 4.404747114265352]]
FCE:[[0.03569523875683446, 0.01677498635006471, 0.010503288425520093, 0.008599319377278446, 0.007629846242529698, 0.006928915944082756], [0.027664490193100952, 0.012902870513704444, 0.008038947546641325, 0.006647503635064656, 0.005843787299626039, 0.005354087293584273], [0.02328419161786788, 0.010787294716107816, 0.006752934266260946, 0.005575760692745445, 0.004918698264107818, 0.004512310206436489]]
