Ri:[50, 100, 150, 200]
Zi:[100, 200, 300, 400, 510]
FC:[[3.922982637562477, 3.9598947395876363, 3.9689218206078403, 3.997911004776825, 4.020731800297761], [3.944349432787077, 3.976087007465017, 3.9948699879588423, 4.016685236695948, 4.0392641712211015], [4.053959421063745, 4.0854698171756025, 4.110396086134539, 4.137759740957778, 4.168182444187771], [4.369116674898928, 4.416234501652771, 4.4590296150152735, 4.495950522831649, 4.530044372125925]]
FCE:[[0.028167630058941864, 0.019312330340724746, 0.015580967164142678, 0.013498216545556547, 0.011915489961924874], [0.014104362514078173, 0.009612590062359457, 0.007750792345312698, 0.006681962987408683, 0.005873614499533958], [0.009756441725076176, 0.00664917565352272, 0.0053623792275482186, 0.004620541823754063, 0.004077537531443406], [0.008355671239479529, 0.005696154977647786, 0.0046047346090319526, 0.003978896775002804, 0.0035171536847855823]]
fps.ts:[1621947873.4198198, 1621951213.51546, 1621954553.6111002, 1621957893.70674, 1621961233.80238, 1621964573.89802, 1621967913.99366, 1621971254.0893002, 1621974594.18494, 1621977934.28058, 1621981274.3762202, 1621984614.47186, 1621987954.5675, 1621991294.6631403, 1621994634.75878, 1621997974.8544202, 1622001314.9500601, 1622004655.0457, 1622007995.1413403, 1622011335.2369802, 1622014675.3326201, 1622018015.4282603, 1622021355.5239, 1622024695.6195402, 1622028035.7151804]
fps.e0:[10757.616529885345, 10716.935792670254, 10766.32559425619, 10745.447226473409, 10747.071657661336, 10724.169871092266, 10751.260957072942, 10772.629120523645, 10754.43813541325, 10750.980380394532, 10763.590034747866, 10743.196471149507, 10738.273936063095, 10735.8070269499, 10737.056713107242, 10751.048017089517, 10755.480861816879, 10758.239481920284, 10747.31197545525, 10754.994550997963, 10745.864393113163, 10754.26493531208, 10766.286928070876, 10740.035312574471, 10745.245788246266]
fps.e0u:[13.830852662028319, 13.925198998289721, 13.845914650642156, 13.96859258503078, 14.033859017938875, 13.904922607345856, 13.904265286149698, 13.861421570663497, 13.896390363322817, 14.02644967374491, 13.918328662818931, 13.882361184452567, 14.04273591999596, 13.835622739430777, 13.901324156021117, 13.817582343346299, 13.92287246939858, 13.97790437312488, 13.779581803607494, 14.045222057232026, 13.881480758698242, 13.877297317023492, 13.921363876709556, 13.85644060346219, 14.168419835482725]
fps.lt:[19640.621411896173, 23638.284046166336, 16937.449475313788, 19672.298228293475, 19278.812922859546, 22864.200606081362, 19702.465112672515, 16883.134314696283, 18631.939740318616, 18291.660045707118, 17603.367021441, 20214.87005583249, 20928.282537345844, 22066.14870389241, 21030.47479875137, 18820.902145094915, 19216.899813142663, 18809.716434932703, 19103.93924804491, 17663.98325254032, 19066.715370106827, 19134.57258304427, 17483.058409749923, 19527.593550151792, 19319.911945234224]
fps.ltu:[1489.7100197910597, 2185.6762693581522, 1116.9973742442603, 1523.0952012171708, 1460.1659061060957, 2034.2198311568761, 1508.0802109696833, 1113.8280267792068, 1346.322571201159, 1308.3793937287714, 1209.147150808869, 1585.4747226535917, 1721.5225839248785, 1889.970302873625, 1713.655406869982, 1377.6391224450895, 1433.2418721925712, 1383.2013418331483, 1410.6585712296403, 1223.4458340876101, 1409.9882412252825, 1424.5407552741729, 1190.6815703765767, 1485.0440951836965, 1477.5242871798189]
fps.c2:[2.6731440436066105, 2.137711553286582, 1.914257834765806, 1.8248857071659228, 0.993670711518043, 1.8679451117511288, 2.234839754795679, 1.4306260721656296, 1.2494107053890213, 1.7250929542371976, 0.78699944220862, 1.7095804314840046, 1.3451598037708596, 1.9293292452139639, 1.9717502793337993, 1.5545488132844314, 1.3920148035115056, 0.701800443132086, 2.2407509234359284, 1.08197568993581, 1.8713416162893861, 2.187430284446788, 1.3548467582980899, 1.3240920513182006, 1.3644465230182945]
