Ri:[100, 130, 160]
Zi:[50, 100, 200, 300, 400, 500]
fps.ts:[1663.9994599962235, 4991.99837998867, 8319.997299981118, 11647.996219973564, 14975.995139966013, 18303.99405995846, 21631.992979950905, 24959.991899943354, 28287.9908199358, 31615.98973992825, 34943.988659920695, 38271.98757991314, 41599.986499905586, 44927.98541989803, 48255.984339890485, 51583.98325988293, 54911.98217987538, 58239.98109986782, 61567.980019860275, 64895.97893985272, 68223.97785984517, 71551.97677983761, 74879.97569983006, 78207.9746198225, 81535.97353981495]
fps.e0:[11012.807331391867, 11019.412803979374, 11017.643888411421, 11032.706844623728, 11009.027511874074, 10994.607421456858, 11010.62518561823, 11012.607471550895, 11007.605914578411, 11019.530808519354, 11010.222680359424, 11023.663618876926, 11040.595027259616, 11023.675759118725, 11028.443868931894, 11018.952943738817, 11038.668493630437, 11022.967435784178, 11010.050965950282, 11029.754113244404, 11024.394077438974, 11024.136486248983, 11013.88153508466, 11018.625866760975, 11047.485875283739]
fps.e0u:[13.03416955548702, 13.00151039160658, 12.954597751736316, 12.9023916964646, 12.898352801212056, 12.891342971547335, 12.882182994140253, 12.925358235875246, 12.794929678868298, 12.91767092782086, 12.995035912027797, 12.771059182578295, 12.768778912123432, 12.696438726314852, 12.636820989485251, 12.897643006555704, 12.880822327379013, 12.719449416139415, 12.876615216526234, 12.705756924605643, 12.853802934654338, 12.811038839587386, 13.001666068074593, 12.69543673161105, 12.744645792925766]
fps.lt:[7560.906549772052, 7351.376052820754, 7466.254908368745, 7303.515782473504, 7790.83245142845, 7758.6838719965, 7687.522218926673, 7769.519928905965, 7732.2322607826, 7562.9388672229425, 7486.789304363198, 7535.035219903456, 7104.137400779703, 7464.0930824938305, 7416.656938194933, 7708.868696273415, 7308.069510471143, 7526.795523608626, 7666.358166063275, 7485.282621195065, 7593.100106810829, 7393.257816437534, 7652.939558685071, 7488.175365794146, 7157.844362305625]
fps.ltu:[204.97448119875915, 192.3490960940288, 197.95408632512667, 188.4344445943391, 214.0833766453563, 213.26998060284302, 209.18312457553063, 213.660805894927, 209.04467413952858, 202.27727004405773, 199.7893024722839, 198.60188610077384, 177.05686832805412, 194.36553263142497, 190.6485230556774, 210.27220713440482, 189.50774168492308, 197.69514350272505, 208.3345747038449, 195.00991801654303, 203.12850148449016, 192.68467061417616, 207.98498091199636, 195.341920496601, 180.1380246857837]
fps.c2:[1.095639617293566, 1.8499674001731907, 1.7370774755047929, 1.5354801091450732, 1.100310249727613, 1.0994530470629102, 1.315612433052343, 1.9720987255480493, 1.0883029422109778, 1.4555195573641393, 1.259283050831377, 1.9963010901549718, 0.8435025351792607, 1.200004986116027, 1.3152700570983262, 2.1069070285818516, 0.7740312211709046, 1.547289812469546, 1.5127858409136876, 2.0599837144694892, 2.04976214473185, 1.3389186333159016, 0.907235681521101, 1.8443816366693744, 1.0173688685583575]
FC:[[3.7475677893235964, 3.7745549908128027, 3.8296289112188826, 3.8642667565620514, 3.9020122488611446, 3.942876864873946], [3.7911548539623503, 3.831718755247761, 3.8756860704540483, 3.9148914912343304, 3.9506196625753143, 3.9938341115547282], [3.9175731321484983, 3.9488280304497003, 4.012656362884037, 4.0577744611845805, 4.097976849086117, 4.140391674976079]]
FCE:[[0.02953816362729239, 0.017156813181375883, 0.011034508182206696, 0.008716902532839264, 0.0074160649390253046, 0.006613224445581198], [0.02310162349775028, 0.013381116162465893, 0.00857356968328687, 0.006787570105710138, 0.005783785878811544, 0.005040085933648781], [0.019785343392364832, 0.01133836867728793, 0.007157659661920275, 0.005667032688908039, 0.004727187012259111, 0.004221126384092873]]
