Ri:[100, 130, 160]
Zi:[50, 100, 200, 300, 400, 500]
fps.ts:[1534.2262200021744, 4602.678660006523, 7671.131100010873, 10739.583540015221, 13808.03598001957, 16876.488420023918, 19944.94086002827, 23013.393300032614, 26081.845740036966, 29150.29818004131, 32218.750620045663, 35287.203060050015, 38355.65550005436, 41424.107940058704, 44492.560380063056, 47561.01282006741, 50629.46526007175, 53697.917700076105, 56766.37014008046, 59834.8225800848, 62903.275020089146, 65971.7274600935, 69040.17990009784, 72108.6323401022, 75177.08478010655]
fps.e0:[10223.248378470815, 10275.290843444825, 10291.761256679883, 10327.007432429753, 10349.09522132591, 10362.083989397253, 10422.228537587494, 10429.336761506778, 10439.61172104999, 10464.450900513753, 10479.441242020586, 10491.315820008289, 10503.653232955843, 10537.836773372495, 10541.699548724446, 10588.32647117143, 10582.778407998718, 10572.43421871969, 10626.007938963929, 10620.273021779349, 10615.902830176807, 10624.060100635064, 10631.579899622746, 10627.693172174328, 10666.378731923827]
fps.e0u:[12.559261653653206, 12.47200109275258, 12.575243574410711, 12.566243872152192, 12.510842099060772, 12.582072463767494, 12.538120324293004, 12.519366338263012, 12.594915625018459, 12.507782931010697, 12.646460070031264, 12.517500064940247, 12.646531283467475, 12.45792975943615, 12.592173893545676, 12.551128726433436, 12.628489879098602, 12.708503151237908, 12.534714810245115, 12.594971407138198, 12.533613277328616, 12.595992003642355, 12.630159433213677, 12.72110240568355, 12.638514456991006]
fps.lt:[10297.835598210928, 10375.079764476981, 10589.73912566501, 10625.824569986347, 10569.809431059859, 10907.192021216455, 9886.734990558625, 10683.709380285574, 10700.617819368046, 10814.538562283109, 10376.002034965864, 11229.131370192317, 10474.446440280539, 10293.664218684808, 10568.888593550562, 9724.774549948443, 10411.120983334647, 10287.104271805212, 9803.622410878887, 10062.076329632797, 10087.391344521524, 10678.929123389133, 10648.522844742965, 10823.579009535402, 10051.637571621228]
fps.ltu:[387.98880702354876, 387.89925779594194, 405.8890412926929, 409.0066193635704, 402.6737171887885, 430.4201539729364, 349.7246879105322, 408.1105866988694, 412.6240647553534, 418.48675199844985, 389.7605224307024, 447.84047912960693, 395.3953846821124, 375.1285237394492, 398.20037550340004, 337.0497013124167, 387.52784039939274, 381.0038603374666, 340.5847550666402, 361.44291169280456, 359.65341831069725, 406.13259311966004, 403.90141759382107, 421.02659854939304, 360.4137122744914]
fps.c2:[1.2898754602324518, 2.151333538633489, 1.992693933614305, 1.23094498022249, 1.7979370855176373, 1.450322962649768, 1.9361169428763216, 1.1625228797232738, 1.5984620614453324, 2.2105681786830464, 1.4520243536960307, 2.193323669274665, 1.2326922123187773, 1.2381070971653552, 0.7919809613919647, 2.183800662422457, 2.612331529409157, 0.9701851535713806, 1.038124526552946, 3.303988387372866, 1.2747346512451792, 0.50909455935123, 1.0784238930240497, 1.2933327913168498, 1.2792680095955176]
FC:[[4.709966653027192, 4.764857992800854, 4.796904187806959, 4.829716526580097, 4.862324161288742, 4.8881576009371805], [4.757775859647799, 4.798754799661569, 4.827850923717064, 4.860292295162029, 4.893565517976553, 4.923329649985918], [4.86574949671856, 4.921412527077856, 4.93685387006512, 4.9684029409405115, 4.9955827652684, 5.027614334510493]]
FCE:[[0.03694355638757153, 0.022120776721279423, 0.014403312429153686, 0.011279123755559114, 0.00950023088102158, 0.008331817640305649], [0.028781124339621808, 0.017078390695632533, 0.011070856257295312, 0.008671194569281278, 0.007334945096196614, 0.006459535113793734], [0.023706840928611125, 0.01436182170122205, 0.009245646905538267, 0.007265516595519871, 0.0060147295267697475, 0.005313061479506772]]
