Ri:[50, 100, 150, 200]
Zi:[100, 200, 300, 400, 510]
FC:[[3.8932074877956624, 3.978499901797091, 4.031897770296727, 4.046521305766849, 4.083282488396963], [4.042252763652027, 4.031283119676609, 4.067653070218947, 4.086724372119204, 4.117043852842601], [4.231653289781342, 4.252335733134101, 4.2801358586782685, 4.299798179459101, 4.3275923211716245], [4.737222160509506, 4.769272430326252, 4.807979030193577, 4.853338526979909, 4.8944814379312245]]
FCE:[[0.05841519147276833, 0.040935229544050385, 0.03307836295869668, 0.028803074260081038, 0.025431393359097863], [0.031220708613818822, 0.02074654337435356, 0.016855021464581954, 0.014578780956182303, 0.012814398269999184], [0.0222288583151419, 0.01494638449038791, 0.012053108477810296, 0.010385210001316298, 0.009143888498263609], [0.020425733297548043, 0.013827097939145272, 0.011155764040483138, 0.009677510091489126, 0.008567613508431833]]
fps.ts:[1604673908.14096, 1604675467.91488, 1604677027.6887999, 1604678587.46272, 1604680147.23664, 1604681707.01056, 1604683266.78448, 1604684826.5584002, 1604686386.33232, 1604687946.10624, 1604689505.88016, 1604691065.6540802, 1604692625.428, 1604694185.20192, 1604695744.97584, 1604697304.7497602, 1604698864.5236802, 1604700424.2976003, 1604701984.07152, 1604703543.8454401, 1604705103.6193602, 1604706663.3932803, 1604708223.1672, 1604709782.9411201, 1604711342.7150402]
fps.e0:[9890.595573326787, 9911.211722148664, 9889.371215719666, 9937.32432860943, 9959.648235320146, 9922.720856315267, 9914.516298962153, 9895.426789846975, 9874.611259562116, 9925.011932330688, 9893.859263504362, 9921.519486803336, 9910.213796387756, 9856.189053147968, 9885.679285501246, 9921.929322566428, 9863.655840839992, 9897.239469638502, 9903.535645966025, 9876.008528356062, 9847.89680114006, 9926.18418039277, 10014.952597433974, 10252.131573253704, 10377.551013503024]
fps.e0u:[26.131384322687698, 26.030512025767, 26.288610993372647, 25.957013730516906, 26.1363761321483, 25.99347716050567, 26.23261051883316, 26.068523277647824, 25.893192386643033, 26.10892555807772, 26.03914902903052, 26.163210458889587, 25.591800020562715, 26.29799390856253, 25.84391598626894, 25.864396010138456, 26.400076425349255, 26.076022323551523, 26.297831914851656, 26.40212952743944, 26.08813598025442, 26.37641488078634, 69.25120028529639, 237.4012650355503, 203.4785863435547]
fps.lt:[16960.79224512436, 16753.195598906204, 16623.065613568393, 13488.66974078828, 13505.236658804743, 14757.136367181425, 15237.854920165677, 17023.21699210819, 17911.869609947953, 13696.706290647979, 16152.116658236717, 13849.735404020848, 15108.095176600697, 19290.35994808998, 18560.048581266525, 14628.38447035547, 20578.633491550434, 16920.537802740066, 17774.817127933336, 19437.25549455541, 26087.8393260168, 13555.621047557936, 10316.618852629426, 4200.28689539922, 6041.893583487194]
fps.ltu:[2264.269780044414, 2195.9516623936834, 2190.3247861740524, 1432.1947917042478, 1440.2043223702944, 1702.3597274613217, 1858.3237715585608, 2301.824690442692, 2516.63129255047, 1482.6846464536977, 2085.511082954485, 1524.8767141677993, 1776.2872167657672, 2957.258599496486, 2697.263350574617, 1671.3328572715852, 3352.901681850979, 2260.682913341828, 2519.593491609765, 3020.590638124516, 5295.246939752927, 1471.2626674396367, 2272.223452289069, 1287.7417179904319, 2274.4345302576385]
fps.c2:[1.3135203618236313, 0.5264263150704437, 1.1909524777036837, 1.4423378550604262, 0.8499892856005646, 1.5300182239583664, 1.1273666724797335, 1.639355338660485, 1.5996268587184432, 1.2270342342640108, 0.7919073167612607, 1.474107208764477, 0.6536587834687204, 1.0293231621149628, 1.1122439765508163, 0.7369214363565372, 2.1304919073347204, 0.7451231681830633, 1.7859813789063457, 0.795281351876854, 1.4046493875620005, 0.9589423594071979, 1.2091120834987925, 0.730024763321523, 1.7365326386370143]
