Ri:[100, 130, 160]
Zi:[50, 100, 200, 300, 400, 500]
fps.ts:[1672.2095599985123, 5016.628679995537, 8361.04779999256, 11705.466919989587, 15049.88603998661, 18394.305159983633, 21738.724279980663, 25083.143399977685, 28427.56251997471, 31771.98163997173, 35116.40075996876, 38460.819879965784, 41805.23899996281, 45149.65811995983, 48494.07723995686, 51838.49635995388, 55182.915479950905, 58527.33459994793, 61871.75371994496, 65216.17283994198, 68560.591959939, 71905.01107993603, 75249.43019993306, 78593.84931993007, 81938.26843992711]
fps.e0:[10741.374915684595, 10735.842574260165, 10771.124238528082, 10745.0728339465, 10757.733800915288, 10745.448690234956, 10767.031696760423, 10773.843183974655, 10773.428251957055, 10777.195125532056, 10782.447067015502, 10786.75193670789, 10778.631057952942, 10777.609653897785, 10805.940176955011, 10794.91202233135, 10774.532439798164, 10805.930166485025, 10795.539768433475, 10801.973913082225, 10830.820830910856, 10827.323408039443, 10821.490291439031, 10796.644281620578, 10826.125191859463]
fps.e0u:[12.600896393586861, 12.8013241985494, 12.676794890578932, 12.750252683534562, 12.48896316055586, 12.61673522792998, 12.579579034121199, 12.543667446804436, 12.59522987519305, 12.643680647898307, 12.75740574083459, 12.547025969822062, 12.652959052019987, 12.671678554180495, 12.66147377400887, 12.754571833423146, 12.708448506036696, 12.70963147440879, 12.789355118274678, 12.804284685400958, 12.719968642282781, 12.774570838202104, 12.710637230133086, 12.689073889696635, 12.62972812767327]
fps.lt:[10769.442423866582, 11366.739194367748, 10419.130453060769, 11122.226662318933, 10926.112163560787, 11193.96253271037, 10807.293325288983, 10793.90992797944, 10839.354757152636, 10746.246534405562, 10654.106492933732, 10657.652571404265, 11219.691842507958, 11010.188591970411, 10310.828068450055, 10596.6484204889, 11275.0049135298, 10473.624343141386, 10610.083532097808, 10765.456410399212, 9955.785320151637, 10344.258743008995, 10326.507402730414, 11205.003057241462, 10490.094869208759]
fps.ltu:[409.77043266285557, 458.89106654324326, 382.64331311304625, 439.1099526317563, 417.96325587874117, 442.3568477367877, 407.67510856334917, 408.4650787499474, 413.571784364554, 406.8030909366853, 401.76260059126906, 397.470951077914, 442.87021383269644, 429.66899687547334, 376.2536576615759, 398.68264715688935, 447.2964169685059, 388.9638722254687, 398.8344079828174, 410.9285951019092, 347.60928337071914, 379.2394959293264, 378.2231692444753, 441.56838446839834, 385.0059727783034]
fps.c2:[1.5369753059311617, 1.10034768819361, 1.0099383862473117, 1.7178994926522526, 3.5477091119419515, 0.9562693609233575, 1.144028918672772, 2.1618821366946377, 1.3002153634720983, 0.8298066365762918, 1.0189309686124046, 1.5851292986058034, 1.4323749972178477, 1.848933586318078, 1.6407464760028638, 1.3255774283269397, 1.42222582876382, 1.1323469341382018, 1.6430214968621955, 1.8962872462295783, 2.577170538003695, 2.6729125806806167, 1.6913493216028415, 1.6938936646619875, 1.3372424527072744]
FC:[[3.867128851248958, 3.859869527179963, 3.888122584248937, 3.915115227671412, 3.943588595178039, 3.968958166149494], [3.9047598592986144, 3.899123147784631, 3.930587715771656, 3.95682682077881, 3.9868872029126887, 4.011848194803267], [4.007616137620542, 4.027362229448138, 4.058707753865578, 4.081716385887065, 4.111741188214383, 4.143233379179145]]
FCE:[[0.02970936276345629, 0.01789623348203942, 0.011700749675920824, 0.009204525831089452, 0.007785194948358239, 0.006853461427647563], [0.023224222690140114, 0.013901402363820134, 0.00904969987544745, 0.007132535342540515, 0.006056462457140453, 0.00534705499805443], [0.01965598211031626, 0.011823353595645679, 0.0076845470703283915, 0.006061485622416167, 0.005033899905294558, 0.004359227283878995]]
