Ri:[50, 100, 150, 200]
Zi:[100, 200, 300, 400, 510]
FC:[[4.0036002456804844, 4.060811836002777, 4.0709535423896455, 4.094123911622281, 4.114699724635915], [4.057416470121739, 4.095016870636164, 4.1063434104241985, 4.131850602913683, 4.159393148048549], [4.225394059006999, 4.256211352734407, 4.2813234161141125, 4.302143598056599, 4.32038046880587], [4.869727199791411, 4.973891011586359, 5.009812379428201, 5.031809217342768, 5.0349264533559595]]
FCE:[[0.04731184619184881, 0.03284220917910631, 0.026306966969533607, 0.022738085887045113, 0.02014486160677404], [0.02442488091806518, 0.016518968514461402, 0.013267884012995654, 0.011474724785588275, 0.010182702042213833], [0.016689142428935277, 0.011407397149232277, 0.009212880803503899, 0.007927649983720019, 0.006993668500164527], [0.01572322990290223, 0.010737477675264576, 0.008687563018038469, 0.00749878323600469, 0.006596728936218995]]
fps.ts:[1603122248.10036, 1603124793.41508, 1603127338.7298002, 1603129884.0445201, 1603132429.35924, 1603134974.6739602, 1603137519.9886801, 1603140065.3034, 1603142610.6181202, 1603145155.9328403, 1603147701.24756, 1603150246.5622802, 1603152791.8770003, 1603155337.1917202, 1603157882.5064402, 1603160427.8211603, 1603162973.1358802, 1603165518.4506001, 1603168063.7653203, 1603170609.0800405, 1603173154.3947601, 1603175699.7094803, 1603178245.0242004, 1603180790.3389204, 1603183335.6536403]
fps.e0:[9981.83828873426, 9960.513825690768, 9947.960240516986, 9973.126323947023, 9964.853680649952, 9995.081861004704, 9966.062610818648, 9940.852852160031, 9949.855208622685, 9977.851706230475, 9967.491040899387, 9973.714457344871, 9960.751769084469, 9986.188027880391, 9965.797055583296, 9987.188903560585, 9982.223935188382, 9913.744727390764, 9995.58291275818, 9940.0492192227, 9998.667885328516, 10001.400842718871, 9985.738521051198, 9981.9413035286, 9969.049747568159]
fps.e0u:[20.86573864749126, 21.12968382185609, 21.049645138730757, 21.166564909669525, 21.30827099583836, 21.150697943349925, 21.26510314266596, 21.19027958228127, 20.90042975703922, 21.031217319132534, 21.098830352887532, 21.066545087227706, 20.986200656034413, 20.937876179096953, 21.032838945293722, 21.08291228949198, 20.97267376278995, 21.241023959885457, 21.516202427363247, 21.5704178663214, 21.298906084650937, 20.68030919276199, 21.248177965819046, 20.8659565460208, 21.057128337769047]
fps.lt:[13298.870665102395, 16231.411653578389, 16833.56012903242, 13718.739827183364, 13919.799437764228, 13218.814603099665, 15542.959338561668, 17071.72122507927, 14623.057977985627, 14188.260487528523, 14731.50276619601, 14864.917977634715, 16525.47729517614, 13890.909760793193, 15465.177338586112, 14362.997072823422, 14503.838908308255, 19247.44903687667, 12879.114281585893, 16469.943926471347, 13757.653571076207, 12853.122349237317, 14192.27935747034, 14739.635194855084, 14745.532265719292]
fps.ltu:[1127.396578917196, 1692.1383576468609, 1799.5932517105525, 1215.5237293030266, 1254.3353021717858, 1125.7765100050487, 1553.9011322501924, 1868.0236598069976, 1362.4968254238288, 1283.0578726340539, 1390.3922374913964, 1405.1575232344978, 1736.9917821452098, 1235.9071767501273, 1520.9793515472652, 1327.4500136030438, 1344.7354618217153, 2404.6384596302973, 1077.440063019674, 1768.8349097275043, 1211.6569157916708, 1047.627474294332, 1298.392309549965, 1380.525446655911, 1403.2050796353963]
fps.c2:[0.802764680113818, 0.884108874926125, 0.8567478758966718, 1.420998364441687, 1.1411424143927424, 1.8046156839887273, 1.539601816597886, 1.7249254066398292, 1.4340311782415212, 1.0416402951977102, 1.5466139341690073, 0.65933679431317, 0.9573851688107259, 1.4220040577177226, 0.9198948009599911, 1.2345371312919822, 1.3001964396509191, 1.1453187075404696, 1.5415967246639715, 1.5146918139291983, 1.6261476943605238, 1.5315674718999974, 1.3487074504291772, 1.4207330075904474, 0.8741033819376323]
