Ri:[100, 130, 160]
Zi:[50, 100, 200, 300, 400, 500]
fps.ts:[1729.7923200035095, 5189.376960010529, 8648.961600017548, 12108.546240024567, 15568.130880031586, 19027.715520038604, 22487.300160045626, 25946.88480005264, 29406.469440059664, 32866.05408006668, 36325.6387200737, 39785.22336008072, 43244.80800008774, 46704.39264009475, 50163.977280101775, 53623.5619201088, 57083.14656011581, 60542.731200122835, 64002.31584012985, 67461.90048013687, 70921.48512014389, 74381.06976015092, 77840.65440015792, 81300.23904016495, 84759.82368017198]
fps.e0:[10702.942084332208, 10714.898524101065, 10736.40110848149, 10755.68285416145, 10723.4001980746, 10744.405086574765, 10712.037276399058, 10729.34804811158, 10726.662408364107, 10750.27825084608, 10740.820769130813, 10731.364235844458, 10766.722543024867, 10781.256918591796, 10783.966413001892, 10753.473933171108, 10751.696598284869, 10766.002941931252, 10787.974474806668, 10757.718898929463, 10756.508482398527, 10797.584262536699, 10777.664123800163, 10755.02195685645, 10798.773771908269]
fps.e0u:[6.772263519957321, 7.032697714222117, 7.424279651572476, 7.417320530132263, 7.753874786789053, 8.056873170980431, 8.632099784362877, 8.60678722136089, 8.686419799277669, 8.646657785670264, 8.657429010726066, 8.693928934234373, 8.978335340909176, 8.784159883749847, 8.902863732636556, 8.714517894133698, 8.986508896388873, 8.90100978899674, 8.897555654127803, 9.018046778246472, 9.017216156890404, 9.834382468441547, 9.45779193093534, 8.944718448415596, 8.81077604876713]
fps.lt:[5620.496769793788, 5859.692402333693, 5701.331951315901, 5642.614078086606, 6062.211345230442, 5741.411147098415, 6207.774308002332, 5852.731704885227, 5997.492340800901, 5775.490073537749, 5919.751275715298, 6121.462282920467, 5707.330602818201, 5678.661723425575, 5632.947980135216, 6046.88926131803, 5893.321727309653, 5848.681323484337, 5738.812941792749, 5849.25120785542, 5881.648066301547, 5502.664210254271, 5804.889255298059, 5932.8203944369525, 5637.379850814879]
fps.ltu:[60.55611883435675, 68.62678370735664, 67.86128985289284, 66.04501440146768, 79.98116278467849, 74.4110731452375, 93.11425700270442, 82.94834433459768, 87.84893947685927, 81.08691889138719, 85.25701482303536, 91.45149881654405, 82.16223082701502, 79.8798639575633, 79.66492799448447, 89.55696329567124, 87.36373933931384, 85.4540524709635, 82.1163885045038, 86.29284828076227, 86.52180813236428, 83.21551058123481, 88.89224707378642, 87.81789317762662, 78.65333765713919]
fps.c2:[14.741851980507867, 9.367873278118523, 12.345435564399194, 8.397781330545945, 11.093259903170715, 7.014947285892744, 8.598459684022009, 12.369710918929975, 9.283818517179224, 10.398447291107903, 4.570533604819521, 10.422561283057881, 11.296978144587076, 11.410901224667775, 7.671794299362314, 4.0004990807212355, 10.718355132429563, 7.981456170172363, 6.604129110682385, 6.652381866009443, 4.8911130744621865, 6.0383129697100015, 5.781208976772773, 9.353225579910585, 4.592128170652854]
FC:[[4.0064432755756245, 4.105944928159292, 4.1714522455925716, 4.276107252811147, 4.346027065473636, 4.420452196531009], [4.084923846474818, 4.133098435643078, 4.227762682958823, 4.319278412154716, 4.390195226043801, 4.465350072805461], [4.187613683451293, 4.2548396353825515, 4.349096030628549, 4.4347525429149846, 4.505062861434245, 4.582049844100153]]
FCE:[[0.024718557588837203, 0.01314470245896095, 0.00837812847212101, 0.0064974869104750975, 0.005557413901862251, 0.004965369129293472], [0.01900408818245863, 0.01010989547279701, 0.00638820005834472, 0.005015624812203068, 0.00430246282202561, 0.0038535356090785224], [0.016142306240376283, 0.008415134474924847, 0.005259256971954159, 0.004190415543983788, 0.003601891641088591, 0.003239069084093783]]
