Ri:[50, 100, 150, 200]
Zi:[100, 200, 300, 400, 510]
FC:[[4.084025835037428, 4.048932457789962, 4.0222551266628015, 4.051128359283534, 4.053112521187095], [4.031971477359008, 4.031384448987714, 4.044214305245527, 4.071074110229795, 4.0889038494189505], [4.12037898428589, 4.139671992459386, 4.160836899919908, 4.193622671081608, 4.222193541008847], [4.759548849898676, 4.786753711360437, 4.825142870736344, 4.862456793401809, 4.890389158687623]]
FCE:[[0.049293794532846415, 0.03348217332116999, 0.027161008491298412, 0.02363211962849851, 0.02078078345493686], [0.02434944451152968, 0.016681450332787354, 0.01351881991471487, 0.011747228258948991, 0.010117842887873364], [0.01647217358777567, 0.011267379011399944, 0.009063740453284007, 0.007851997925531547, 0.006953594042990039], [0.01520795596016935, 0.010362234173074457, 0.008395751216932154, 0.007284011305464073, 0.0064481644923877705]]
fps.ts:[1608725135.4404802, 1608728579.9374402, 1608732024.4344, 1608735468.9313602, 1608738913.4283202, 1608742357.92528, 1608745802.4222403, 1608749246.9192002, 1608752691.41616, 1608756135.9131203, 1608759580.4100802, 1608763024.90704, 1608766469.4040003, 1608769913.90096, 1608773358.3979201, 1608776802.8948803, 1608780247.39184, 1608783691.8888001, 1608787136.3857603, 1608790580.88272, 1608794025.3796802, 1608797469.8766403, 1608800914.3736, 1608804358.8705602, 1608807803.3675203]
fps.e0:[10040.893166827009, 10063.533848257774, 9984.56357439518, 10034.035015360309, 10024.515781607533, 10035.638712236032, 10030.905671141243, 10029.559765267337, 9996.66884162332, 10045.865359105746, 10044.78949063898, 9998.47135852987, 10081.14956207324, 10055.657342382008, 10019.425631357088, 10088.255993755425, 10037.962220811807, 10054.827744563925, 10071.59241219023, 10064.787417471367, 10062.440125256006, 10052.446504455362, 10043.95883551089, 10051.742873001695, 10048.965025427404]
fps.e0u:[20.217826231486615, 20.701895208112802, 21.091550263504143, 21.334552699523154, 20.712963640542565, 21.109331480595696, 21.25981232498414, 21.33232371121146, 21.21404072789373, 21.2809078043227, 21.219134067626037, 21.521764897602207, 21.45221020145409, 21.064242141723525, 21.120979594676857, 21.106665619672224, 21.383477881176248, 21.377381259113214, 20.860148859019716, 21.200361476231524, 20.97361304287363, 20.848886001868912, 21.204469831223125, 21.432387723409953, 21.400640952817575]
fps.lt:[20710.931788738617, 18654.75149159814, 28236.945982908554, 19798.68040906258, 22433.895042033182, 20697.869213986858, 21345.747076576838, 19074.780232711168, 22840.74407593469, 16409.266300351766, 18371.38832202983, 23093.452438848697, 16152.486339524368, 17691.488373888944, 22877.67422107545, 14458.24311520976, 17688.525896271894, 18580.38644053397, 16910.274336948976, 16216.826135734464, 18102.022178564086, 17615.290071787065, 18404.351779173638, 17648.55315924057, 18377.398485135087]
fps.ltu:[2644.087769436567, 2165.0663140966626, 5038.685681833282, 2502.618949855375, 3147.164865719045, 2710.6384045802565, 2893.644142134202, 2339.496921607825, 3349.530316121822, 1726.4824578318198, 2151.280004384325, 3435.9435240188395, 1685.9020916215773, 1965.796496252848, 3331.2063476454837, 1324.1477580125968, 2006.2785716951507, 2207.5209858123917, 1779.9448935382402, 1668.2677201282997, 2059.9853812096358, 1933.7089071701805, 2145.956708856142, 1996.5414835275715, 2144.620697601233]
fps.c2:[1.9040563320588417, 1.7709659115815906, 1.7489948274086262, 1.102646383267951, 1.2953955064079183, 2.7885306913254597, 1.7618365967611096, 1.78902892861871, 2.0354173421387887, 2.3423844046691644, 1.8033822348895587, 2.161732470845036, 1.2817565190387499, 1.2795309025187516, 1.9157442380323944, 2.2076320498068784, 2.4280785051997773, 0.991243646669016, 1.0764313339697258, 1.4731859249180728, 2.3084599309998417, 1.0846981716132658, 1.6775139439323903, 1.2313895113535813, 1.5781514186762604]
