Ri:[100, 130, 160]
Zi:[50, 100, 200, 300, 400, 500]
fps.ts:[1808.5568199968338, 5425.6704599905015, 9042.784099984168, 12659.897739977838, 16277.011379971504, 19894.12501996517, 23511.238659958843, 27128.35229995251, 30745.465939946174, 34362.57957993984, 37979.69321993351, 41596.80685992718, 45213.920499920845, 48831.03413991451, 52448.147779908184, 56065.26141990185, 59682.375059895516, 63299.48869988918, 66916.60233988284, 70533.71597987652, 74150.82961987019, 77767.94325986385, 81385.05689985753, 85002.17053985118, 88619.28417984486]
fps.e0:[10848.850650025726, 10867.903224034766, 10870.932879098866, 10857.370629006566, 10859.23724869156, 10862.077164682993, 10876.750824223374, 10877.95440848106, 10883.806658256604, 10876.968037184377, 10887.733034783867, 10866.778565047385, 10875.64848411494, 10874.078406726683, 10880.582413011623, 10857.647494348448, 10891.344289171906, 10886.25939501872, 10891.526837247493, 10858.338284782636, 10861.293106807881, 10881.543177632208, 10867.423668096164, 10873.244068292213, 10873.911473449945]
fps.e0u:[10.023073174730868, 10.133293720231341, 10.003909395662774, 10.057414431891782, 10.01454338176671, 10.052179095565544, 9.948293909631891, 10.092947521938534, 10.003684205044316, 10.072618787674388, 10.067485614504577, 9.989479649583714, 10.016625626393562, 10.004453676179551, 10.01419531320915, 10.060319828264928, 10.007860951032388, 9.997857446580195, 10.038310578077557, 10.035856560265279, 10.083590251529671, 10.039023057661193, 10.033909089237515, 9.966749033136965, 9.98833637659213]
fps.lt:[6318.190932783333, 6139.902471716106, 6060.558934806966, 6215.751278424741, 6236.313892362756, 6187.615324804898, 6108.31100517764, 6079.416386332673, 6079.859247701929, 6104.388251325637, 5906.377075646223, 6162.519913305315, 6143.768479062112, 6272.959078034142, 6083.693054112684, 6316.977279833248, 5958.382407621851, 6138.091707631012, 6003.5744485260275, 6279.884644092523, 6343.741011882706, 6132.990668568817, 6299.94016181104, 6363.060396195465, 6243.623465538874]
fps.ltu:[109.08973126786364, 104.11200606002956, 100.04938951412508, 106.42190916845888, 106.42095459736447, 105.38887331252188, 101.80374114528814, 102.05068316385342, 101.31882217520145, 102.4345539201065, 96.32308556968417, 104.00859076933335, 103.46179671976323, 107.4601330771331, 101.07205388439121, 109.7830149463333, 96.80630307689808, 102.80872062710935, 98.6217436853135, 107.80155453705005, 111.0399116618054, 103.01731636069654, 108.43737625506108, 110.43247732252928, 106.75575295307264]
fps.c2:[2.722211478197588, 1.9511349178163597, 0.9591041691274605, 2.903156910146222, 2.0018335821577877, 2.813816390597295, 1.783070702628708, 3.7917526814644082, 2.658204158159421, 3.0229210889288844, 1.728235464234851, 2.8803515458761897, 3.241886404308064, 3.7373424335647405, 2.8732718619760202, 3.503918305178054, 3.2726032460022987, 2.2191897384658237, 2.7677259810452393, 4.1360879218213205, 1.6954953528803178, 3.1719028093746076, 4.195696674170287, 3.8037275461049616, 4.566832903830419]
FC:[[3.701067264087813, 3.7358174663811035, 0.15778603253747195, 3.858530241007873, 3.946877911368491, 4.036107244306787], [3.7321123100136524, 3.7691131010060737, 3.8210739372511804, 3.8920677319479364, 3.977813599864782, 4.066895348999266], [3.790830505431723, 3.8302859268671137, 3.8895507012412596, 3.9674890466682506, 4.053126330734731, 4.143106935518279]]
FCE:[[0.026079527550807335, 0.014466924406603384, 34022.72766448778, 0.006845116735829739, 0.005894328146070819, 0.005179000420859364], [0.020317962100955243, 0.010860564132214446, 0.006697174892956196, 0.005276143228816955, 0.004544097840259253, 0.003996554406418985], [0.017033576696517456, 0.008972929434527625, 0.005542717640919671, 0.004379091420383057, 0.003681241502952751, 0.0032457881310210403]]
