Ri:[100, 130, 160]
Zi:[50, 100, 200, 300, 400, 500]
fps.ts:[1731.373979997635, 5194.121939992905, 8656.869899988174, 12119.617859983446, 15582.365819978713, 19045.113779973984, 22507.861739969252, 25970.609699964523, 29433.357659959795, 32896.105619955066, 36358.85357995033, 39821.60153994561, 43284.34949994087, 46747.09745993614, 50209.845419931415, 53672.59337992668, 57135.34133992196, 60598.08929991722, 64060.8372599125, 67523.58521990776, 70986.33317990304, 74449.0811398983, 77911.82909989357, 81374.57705988883, 84837.32501988411]
fps.e0:[10970.77421169058, 10976.011800638571, 10947.932442561278, 10989.585893906346, 10988.175296759808, 10986.54747012802, 11009.998124297741, 11004.191763008908, 10981.17433946059, 10980.40289511135, 10952.825311501394, 10989.481307672411, 10978.858461027761, 10973.434014795908, 10994.294914059517, 10965.572918007516, 10970.341838351424, 10973.155073172817, 10968.005254054826, 10981.134825201016, 10973.102007081237, 10958.612746557807, 10972.79486806403, 10986.39929229561, 10983.916266221695]
fps.e0u:[16.302134362821242, 16.212490899572963, 16.34259317573398, 15.982544064935787, 16.366196011545764, 16.399794313623005, 16.180625407603756, 16.4850915125216, 16.682033810924892, 16.58965100780822, 16.283681970788894, 16.642126023986226, 16.47374553377537, 16.290364312888407, 16.58397863406809, 16.36317274023996, 16.608470498493254, 16.372306412464496, 16.493835894382187, 16.460244493618173, 16.627314147381316, 16.373814732475964, 16.355069828923938, 16.4058191258736, 16.63115680717084]
fps.lt:[13350.276097340422, 13374.9596843011, 14658.480045080643, 12912.89207977413, 13033.519252349059, 13379.461363402948, 12442.177187531917, 12337.44694643429, 12572.725692291053, 12953.891152164713, 14621.861092837464, 12850.119123873148, 13163.8568435046, 13318.343265742484, 12766.502516411005, 13886.167899516926, 14238.511470497884, 13181.936091774327, 14528.710902595456, 13409.952025299714, 14346.415722087057, 14627.161040356537, 13742.697317985501, 13348.365462620013, 12420.883821146897]
fps.ltu:[789.4553077892843, 787.4297925237597, 956.5052274407332, 729.7588960372947, 753.8819597277395, 795.8257749172319, 683.8542760507829, 683.1644051800592, 708.5544889679642, 753.2841172708492, 944.3997037272104, 739.6160706140547, 777.8765441049023, 785.6410993789838, 732.3038691148305, 863.9127854022194, 911.4581112459613, 773.6860930882684, 950.1987170684367, 799.3826470472925, 924.2781250132067, 946.7955911423886, 835.9799805219109, 789.689857320732, 694.105082922974]
fps.c2:[1.759781207965036, 1.3188079749598567, 1.2911758240552962, 0.9516091897398516, 0.7292842839370526, 1.1615522085503012, 1.5239469347757053, 0.8827126493374939, 0.7235483038189757, 1.3049748981305789, 0.9861299142648791, 1.3379973223962491, 1.6727643627908295, 1.1249626464369755, 0.7961060159225661, 0.5155636208829244, 1.283062319050609, 1.7668318191904981, 0.9204952324942014, 1.8236232571316386, 1.8063555597934071, 1.0624974591210212, 1.3458489735179424, 0.40081059716894, 0.6424424687053706]
FC:[[3.8628917718336093, 3.9004557292422595, 3.8975485590101804, 3.910872070263511, 3.93486500559845, 3.959768375510174], [3.8828728586318646, 3.9341682530650806, 3.9449329684413397, 3.9577566327377007, 3.983513142318484, 4.011219686170589], [4.0523406305981355, 4.070128486476985, 4.083304327643722, 4.097237312407393, 4.125774304684082, 4.1539570042823595]]
FCE:[[0.03626554058208612, 0.023166096630807057, 0.015112573293410628, 0.011936878383827185, 0.010089650935796416, 0.008866491468155713], [0.027899354744234536, 0.017869194223238214, 0.011698417842720726, 0.009238613361000823, 0.007829519935806648, 0.006907051314647478], [0.023608089006720366, 0.014759304136264173, 0.009727124303857087, 0.007491614166987986, 0.006369962612841017, 0.005623005536945027]]
