Ri:[100, 130, 160]
Zi:[50, 100, 200, 300, 400, 500]
fps.ts:[1711.1815999984742, 5133.544799995423, 8555.90799999237, 11978.27119998932, 15400.634399986267, 18822.997599983217, 22245.360799980168, 25667.72399997711, 29090.087199974063, 32512.450399971007, 35934.81359996796, 39357.17679996491, 42779.53999996185, 46201.903199958804, 49624.266399955755, 53046.6295999527, 56468.99279994965, 59891.355999946594, 63313.719199943545, 66736.0823999405, 70158.44559993743, 73580.8087999344, 77003.17199993134, 80425.5351999283, 83847.89839992524]
fps.e0:[11042.764314403394, 10986.386251624455, 11001.270666204538, 10972.41422213988, 10998.150537755975, 10992.943288579185, 10995.745468665395, 11002.816828068242, 10999.253517568415, 10984.760977426788, 11011.030208138376, 11026.20118853585, 10991.678530986803, 10994.279263763507, 10994.418203292693, 10998.916542776684, 11037.933976799672, 10991.959330590078, 11009.03134622375, 11014.040364741195, 10976.931713036643, 11044.696767765205, 10982.349762365631, 10994.839246839594, 11017.618794137237]
fps.e0u:[17.235499045792285, 17.448804903314855, 17.39305858636547, 17.452669247657923, 17.189751516648926, 17.370138554226333, 17.26506814418862, 17.376857232079338, 17.28189746665095, 17.4397163428078, 17.34769664853106, 17.29768388685431, 17.80264658947161, 17.525148311309703, 17.60095853694745, 17.439702120245187, 17.258144456666326, 17.648151641331687, 17.560728363580346, 17.53640329881593, 17.57983413465201, 17.609605152830593, 17.599637090521075, 17.185618138937816, 17.440201138066076]
fps.lt:[11457.354395506429, 14803.641903681502, 14132.58640891332, 15443.331977578546, 13700.622865402911, 14222.728794122357, 13840.52239466402, 13382.363502451748, 14295.231790768683, 14141.45771651451, 12934.608530798088, 12814.43572584992, 14507.613337846251, 14632.342601096187, 14245.541802022084, 13798.804664568786, 12074.57665097654, 14607.48743291947, 13553.421033339695, 13442.435119765436, 15163.119383151832, 12392.192787601165, 15273.150461266725, 14888.5399575699, 12657.016729023464]
fps.ltu:[625.468897149688, 1039.9605374440775, 958.2019817101329, 1144.6118747828496, 895.6631195526688, 961.7892007633875, 909.9563249671007, 857.4249257188455, 976.0717401252773, 959.4674231901107, 795.0849247802861, 777.0552973034869, 1020.9106581873533, 1031.762923404742, 985.1283261154198, 911.0175491916798, 693.6854538950694, 1032.9040829593248, 888.4953348897214, 863.436037839746, 1107.5882939425355, 737.9080996981553, 1121.0821824578265, 1052.6159913252825, 766.7934779634631]
fps.c2:[1.6640979628929433, 1.4562027984806147, 1.3727169554095002, 0.8804991028456913, 1.9480486594860493, 1.1275698044856326, 1.517818310796458, 1.244931196835957, 0.96480893724175, 1.4546038142882836, 1.6923740474376983, 1.2982137044093018, 1.2265643475992185, 1.2008399346848773, 1.8186344961238723, 1.1756914591829402, 0.7763567500186231, 0.7827111653230643, 1.193513248435002, 2.3616727534588047, 2.695284715488043, 1.1429904404227624, 1.5375911028982219, 0.7244025234302129, 1.1347344595548758]
FC:[[3.796219829351929, 3.8496285474423626, 3.8990010195615463, 3.907661150177983, 3.942444250870265, 3.9657349249388316], [3.872755158247211, 3.9140415937185193, 3.9499860192847, 3.9577309742652975, 3.992147156182294, 4.016294856306379], [3.961475408812762, 4.031403901469654, 4.0703425221475475, 4.0881633804322774, 4.121874197751857, 4.1460265665934815]]
FCE:[[0.037346883927497194, 0.023906085406326258, 0.015635762392937593, 0.012274950486553702, 0.010462680615098788, 0.009211901302328709], [0.029322309688026522, 0.0181580622538175, 0.012138036436229366, 0.00952242409600876, 0.008132740727006656, 0.007178031562358545], [0.023910209260735907, 0.015346802256137009, 0.010260358015098194, 0.008103645601448637, 0.006938936567583842, 0.0061438162928794575]]
