Ri:[100, 130, 160]
Zi:[50, 100, 200, 300, 400, 500]
fps.ts:[1728.5859399986266, 5185.75781999588, 8642.929699993132, 12100.101579990387, 15557.273459987638, 19014.445339984894, 22471.617219982145, 25928.7890999794, 29385.96097997665, 32843.132859973906, 36300.30473997116, 39757.47661996841, 43214.64849996567, 46671.82037996292, 50128.99225996017, 53586.16413995743, 57043.33601995467, 60500.50789995193, 63957.67977994918, 67414.85165994643, 70872.02353994368, 74329.19541994095, 77786.3672999382, 81243.53917993544, 84700.71105993271]
fps.e0:[10839.039994075372, 10877.551321951796, 10843.078200697042, 10869.08262192036, 10851.967047280612, 10855.99067089613, 10853.537855066346, 10856.125351091894, 10859.306832360167, 10858.70314189369, 10877.393953664448, 10870.478286518888, 10869.979098337019, 10883.8414522486, 10847.914876147117, 10881.907116346072, 10850.773899144397, 10861.4656512084, 10863.249866549571, 10858.542175923087, 10881.797539286523, 10847.457915857853, 10853.534866806303, 10862.293722821096, 10845.199925900875]
fps.e0u:[10.12153242925211, 10.076889745514206, 10.086675694881286, 10.086769660335563, 10.086287815646896, 10.007284397639642, 10.055990427041802, 10.023199559281142, 10.133679858776574, 10.141860607102311, 10.08253070601172, 9.988546199153092, 10.007160192336613, 10.202895332389057, 10.072507135386834, 10.04560520762556, 10.043218147812002, 9.985053211136877, 10.083734700319075, 10.032669181604957, 9.980707853651891, 10.061653145581452, 10.037449095200987, 10.061029189411634, 10.08150555590425]
fps.lt:[6173.444490430252, 5852.373934188578, 6160.5032335845035, 5940.7389423609675, 6164.420736141893, 6181.0537812474195, 6041.116289558687, 6036.3534919197255, 6105.8434247520445, 6054.512477440518, 5762.115895495857, 5992.8810033154905, 5942.842510894494, 5883.436619113046, 6159.592953308545, 5860.973106860253, 6201.811192763877, 6112.375032170234, 6056.0631043516605, 5927.469495539764, 5747.627346517238, 6042.324848181122, 5933.760749462128, 6019.232393325257, 6266.568738905169]
fps.ltu:[105.95842656420287, 94.74971140348252, 105.26347705642401, 97.26407910501435, 105.14699599823838, 104.69672844763814, 100.8933292501505, 100.3171497709826, 103.6719183771079, 101.54089481396389, 91.5277770005751, 98.32012264753475, 96.80077643564914, 96.56971345402495, 104.985055630236, 95.09481449488928, 105.43480550830346, 102.41166791216547, 101.008629487918, 97.03286802462807, 90.94745436535622, 100.75165836016949, 97.59030969785383, 99.78159630126244, 108.4810962963478]
fps.c2:[2.152432733823843, 4.2804680858940305, 2.880888758302587, 4.426040242768862, 2.882252786856659, 1.4940431029580772, 1.7882810084976588, 2.2957386529841233, 1.825521473805615, 2.285910925333072, 2.7675136063121215, 1.7681843851650412, 2.3296024018349297, 2.5949130235415905, 1.5546086199704132, 3.4397319219740417, 2.4792682631333514, 3.6210036431588084, 1.9475173016636569, 2.8660237089684033, 3.4753103902666256, 3.395496160820213, 3.456085496785311, 1.5829488499368172, 2.8445773154054566]
FC:[[3.734258847892951, 3.7924962466819485, 3.8402848090712998, 3.8940043246013767, 3.9499771935564687, 3.998708563710287], [3.805825039360338, 3.845537403491112, 3.892708201263384, 3.9466860633090137, 4.007484012757317, 4.055917947261132], [3.9380505037590945, 3.97763525523947, 4.0409453097664985, 4.0997410387251145, 4.160396816583932, 4.213295953242036]]
FCE:[[0.02626062789658102, 0.014233481324687372, 0.00882779210487383, 0.006876323030405607, 0.005832538105599728, 0.005039498148523284], [0.02098785166491114, 0.011160154683576002, 0.006866605553146841, 0.005345302623465982, 0.004441826332808786, 0.003934849427802005], [0.01776477073850296, 0.009521146365443618, 0.005722274642497062, 0.004469329290129573, 0.0037167745754435634, 0.0033028119862196946]]
