Ri:[100, 130, 160]
Zi:[50, 100, 200, 300, 400, 500]
fps.ts:[3414.65728000164, 10243.97184000492, 17073.2864000082, 23902.60096001148, 30731.91552001476, 37561.23008001804, 44390.544640021326, 51219.8592000246, 58049.17376002789, 64878.48832003116, 71707.80288003443, 78537.11744003772, 85366.43200004101, 92195.7465600443, 99025.06112004755, 105854.37568005084, 112683.69024005413, 119513.00480005742, 126342.31936006068, 133171.63392006396, 140000.94848006725, 146830.26304007054, 153659.5776000738, 160488.89216007708, 167318.20672008037]
fps.e0:[10564.972797130158, 10608.463847143828, 10567.788264821309, 10597.348263448797, 10602.212206775095, 10597.57829644842, 10612.3541167756, 10593.418442893202, 10601.830867741679, 10615.772138932876, 10587.016856237642, 10577.32459299394, 10598.739054433694, 10583.602098764159, 10577.343960427988, 10604.834602426841, 10601.28648953962, 10595.85992668941, 10597.55884036276, 10595.812987683605, 10611.921254326702, 10608.246597436877, 10586.046675531632, 10595.282968546428, 10592.269383936171]
fps.e0u:[11.726822055151832, 11.589737953823965, 11.664303692916345, 11.660161591856179, 11.541175811347035, 11.550814983229424, 11.666430130765104, 11.679871782087394, 11.688842656305905, 11.809948219733254, 11.704141853154402, 11.84970824929305, 11.71709441395918, 11.875062172838058, 11.878908484287361, 11.828923744061203, 11.789909115062171, 11.716682027173857, 11.978554058264438, 11.793307963353898, 11.963487346090965, 11.848600539843353, 11.71847887221598, 11.875952345524402, 11.72790426237822]
fps.lt:[4655.708183287868, 4455.172426686813, 4669.728973309383, 4425.129908632668, 4498.786748511206, 4532.694680949659, 4461.579250021139, 4644.247900287575, 4598.978348023543, 4482.458681962081, 4678.10665173246, 4806.308583503656, 4695.885579948572, 4821.57829844334, 4765.5240973568225, 4696.143037018203, 4732.768622894449, 4812.608221864949, 4796.373705375938, 4714.2091807151, 4635.727838185443, 4638.426618945345, 4811.194825144413, 4690.270633373494, 4745.495658168147]
fps.ltu:[73.22483073887216, 66.05284865042412, 73.37139775078901, 65.75720444137158, 67.16058457876265, 68.524764226572, 66.17733830728707, 71.89392110949089, 70.72798623470284, 67.38709693340137, 73.73313867524602, 77.85279505583996, 74.06259753099435, 79.22006846998175, 77.34840376079133, 74.25707757359832, 75.4758232302177, 78.27705528942438, 79.03907408905613, 74.88488605369521, 73.62015771785721, 73.22401951228873, 77.51061659974037, 74.95153203877777, 75.82658270068191]
fps.c2:[1.0269457589160649, 1.3087996050928234, 1.6558099448116543, 2.508784166424381, 1.564540966231768, 2.9858241132664296, 1.5152709062291196, 0.6746443831923006, 1.1460824443663187, 2.662790180835757, 1.873584455340668, 1.8035841162433746, 3.147936042752641, 1.0861956535223345, 2.372884363248237, 3.1054657032433686, 3.221942307602245, 2.5529685260948676, 2.44438556227688, 2.1084582030641354, 2.590357420052644, 2.290445832627247, 4.445701517300853, 1.91831641283801, 2.5966115959273064]
FC:[[3.7635356424152615, 3.7872518410810403, 3.8673055158606453, 3.9439706940482444, 4.015789143312494, 4.085474230456382], [3.7744085364832736, 3.8102592744278807, 3.881866449637311, 3.960792002024698, 4.034367118462564, 4.104537531301214], [3.8694837808651408, 3.9031856864606276, 3.9671698940199063, 4.043465981077526, 4.114736555433224, 4.192530215137079]]
FCE:[[0.03401220221324593, 0.017025466850957873, 0.010385720267309375, 0.008181326659515785, 0.007029915576030893, 0.006304087743832404], [0.02648866269760057, 0.013172260373744225, 0.007921042628419023, 0.006247004703137916, 0.005383815417795838, 0.004837233759936217], [0.022084061392327582, 0.010842900478376553, 0.006580252295242532, 0.005194679525012948, 0.004483890045339334, 0.0039828115093671]]
