Ri:[100, 130, 160]
Zi:[50, 100, 200, 300, 400, 500]
fps.ts:[1711.0574399995803, 5133.172319998741, 8555.287199997902, 11977.402079997062, 15399.516959996223, 18821.63183999538, 22243.746719994546, 25665.861599993703, 29087.976479992867, 32510.091359992024, 35932.20623999118, 39354.321119990345, 42776.43599998951, 46198.550879988674, 49620.66575998782, 53042.78063998699, 56464.89551998615, 59887.010399985316, 63309.125279984466, 66731.24015998363, 70153.3550399828, 73575.46991998196, 76997.58479998111, 80419.69967998027, 83841.81455997944]
fps.e0:[10979.905493674347, 10989.545191720932, 10953.405881140885, 10962.447408142214, 10985.372258875277, 10947.21245947535, 10933.231909777389, 10986.18658045812, 10947.40890641786, 10965.141824654262, 10969.049696332237, 10967.603199022971, 10966.27855937682, 10962.864709241301, 10953.661617969325, 10974.340533148288, 10968.219331758335, 10946.545834302284, 10963.24169649462, 10980.437099890421, 10981.400795037265, 10982.931407077886, 10970.02843183705, 10992.904679877025, 10929.523568412458]
fps.e0u:[15.783171866948402, 15.818319924596853, 15.92035853561523, 15.88386878826066, 15.899418794333696, 15.733303452324163, 15.873721277626169, 16.126621446085228, 16.00880361424278, 15.88498916486675, 15.898128697023136, 16.047432844401843, 16.03041457723498, 15.904345271510334, 15.906608285680226, 15.814461602134275, 15.633187048091887, 15.977731437164529, 15.706536361632374, 15.534509083470278, 15.824083809683223, 15.831563797788675, 15.852971076338426, 20.15543701719227, 97.76891306741003]
fps.lt:[13014.600335609457, 12723.033288479324, 14127.007047488005, 13444.747132642904, 12476.250442424029, 14022.615013744751, 15112.614339485504, 12685.665307921437, 14186.020627120963, 13542.765534689806, 12900.09832663788, 13488.365647925826, 13818.028380343987, 13948.644807959805, 14518.580932114925, 12929.149132513841, 13190.140211343783, 13974.721219349864, 13862.512984196026, 13174.987489444022, 13500.696515406575, 12616.119580432569, 13315.977243928362, 11658.293401484181, 14896.723530529169]
fps.ltu:[734.5112082185107, 700.5493320026251, 874.0326058186831, 790.061578452353, 680.742715814295, 851.1612317009673, 995.6636227967671, 709.1703537215946, 877.840858554141, 806.3756371449842, 732.2225522340932, 800.9894763535316, 837.611211221297, 846.8573810903064, 921.7502303939439, 729.0876869762783, 752.9124164483032, 853.4409787697207, 832.3300030817633, 737.5150121763708, 791.2375000666707, 697.9870749908296, 773.2126744854395, 758.443379815634, 6109.9076766495355]
fps.c2:[0.7019150285606339, 0.6495981044394392, 2.2957049996116803, 1.949540726509226, 0.9289582178965775, 2.2702115696149967, 1.297276183883175, 2.177190510626046, 1.6896146858247283, 0.93735908052155, 0.4682728883975871, 1.2470772193406126, 0.99817840816375, 1.172556682322519, 2.0831250784788296, 1.4049929622820871, 2.3860083020155796, 1.4670550714371062, 0.8901039986815426, 1.7066018634126228, 1.90535671160791, 1.4819589204666328, 0.6581225460126794, 1.9619435245311456, 1.092800967278505]
FC:[[3.8105078775988543, 3.875757392037077, 3.887037809284508, 3.9014844946305987, 3.9348315981823547, 3.9608580785326852], [3.9133118108413143, 3.9473509039270427, 3.9475568168822504, 3.956314834851436, 3.991300329839099, 4.016074526638693], [4.002542585246992, 4.044328974812658, 4.064161757425328, 4.086427338697925, 4.118463066905818, 4.145311342510156]]
FCE:[[0.03531354799901471, 0.02175163722906903, 0.014411648949503567, 0.011440413048261043, 0.00972809998625251, 0.008581863661482628], [0.027468204794283062, 0.01708822304481147, 0.011243076704068407, 0.008894584545537257, 0.0075787857704559215, 0.00669640562518517], [0.023069022299738912, 0.014414245502185511, 0.009527745487738331, 0.007570279423824627, 0.006456142545811166, 0.0057302717565440925]]
