Ri:[50, 100, 150, 200]
Zi:[100, 200, 300, 400, 510]
FC:[[4.038586415095268, 4.0462201313431585, 4.04834688120975, 4.079713888453016, 4.09524104545867], [4.026999969889052, 4.0386487561356885, 4.055553592819214, 4.078826084895863, 4.105279969772303], [4.145539183955699, 4.161829622463247, 4.184423357234268, 4.212991644528759, 4.243554297124681], [4.774267358889582, 4.809730090986259, 4.833844577849681, 4.860112934110097, 4.884689584762982]]
FCE:[[0.040438968283072065, 0.027619261757139656, 0.021959886988222328, 0.018874254111586986, 0.016646929211488], [0.02050553959456868, 0.013856140290660018, 0.011139806693341086, 0.009568066375688208, 0.00844300478098419], [0.014419608226714493, 0.009772842263052871, 0.007880465027718034, 0.006790072231591664, 0.006009679217047129], [0.013472449440898733, 0.009163351383862964, 0.007384734033645299, 0.006358394623273893, 0.0056177017059327655]]
fps.ts:[1605102172.15358, 1605105382.64474, 1605108593.1359, 1605111803.62706, 1605115014.11822, 1605118224.60938, 1605121435.1005402, 1605124645.5917, 1605127856.08286, 1605131066.5740201, 1605134277.06518, 1605137487.5563402, 1605140698.0475001, 1605143908.53866, 1605147119.0298202, 1605150329.5209801, 1605153540.0121403, 1605156750.5033002, 1605159960.99446, 1605163171.4856203, 1605166381.9767802, 1605169592.4679403, 1605172802.9591002, 1605176013.4502602, 1605179223.9414203]
fps.e0:[9909.484439418204, 9871.187247316984, 9924.405762415558, 9933.432309220787, 9938.837511879456, 9937.03636396457, 9906.056248680776, 9906.210092840847, 9936.55987181188, 9937.060069155106, 9917.345320369552, 9934.9919635402, 9953.348587435978, 9962.878043534682, 9929.884809575542, 9926.083864881672, 9935.446549992983, 9932.497880035964, 9898.11092635429, 9923.53637807672, 9928.482004357076, 9927.009502143885, 9939.88645454792, 9941.200425081117, 9903.970206432645]
fps.e0u:[18.36423784644945, 18.61157114427025, 18.507387521937584, 18.502829115073734, 18.23981656852835, 18.49411844513123, 18.330211305354513, 18.606266861069358, 18.5510722480202, 18.470352022095135, 18.55060699709503, 18.58464926493418, 18.79200963444835, 18.602174318298506, 18.67535808171314, 18.58446814251111, 18.370926316853488, 18.54858210936082, 18.685576212801436, 18.383021774241044, 18.770307273009838, 18.622081003465002, 18.693812332516774, 18.779690600425635, 19.141263476690323]
fps.lt:[16680.550967920422, 20760.688904036288, 14972.023850354068, 14990.901611883322, 15317.156206361828, 13722.652508841858, 16593.270605916823, 17304.797879197267, 14923.617102551536, 15483.631244257933, 16902.732197443114, 16512.014093476246, 13995.364042807409, 13378.20725460026, 15503.548754516269, 16286.607984656157, 14702.834276370826, 15791.044465230714, 18540.76824015834, 17503.08529042379, 16642.252293643553, 15845.391795844725, 14926.890697882802, 14846.15312329826, 16685.164015722272]
fps.ltu:[1553.874311036235, 2433.497816439001, 1257.7126841825936, 1253.8430833525642, 1296.6890565024446, 1059.2365397212657, 1533.988620406253, 1682.9065812343251, 1246.3640253309086, 1334.5962279575567, 1607.3488537089127, 1534.0984984245054, 1114.8892413756887, 1000.4112976272935, 1356.3765017202015, 1493.9175275760506, 1206.2316693458274, 1393.1930005672014, 1935.2138231631525, 1706.6297803973362, 1562.5740235109781, 1399.2531048538444, 1251.6334566797643, 1252.4459136610722, 1616.415986766709]
fps.c2:[1.2696575377385053, 1.1466384824480484, 1.384259233158333, 1.2740406388465284, 0.8847548495073254, 0.7274962677407021, 0.5497239900501649, 1.3407269407701752, 1.8714989833222535, 2.0706897543065237, 1.3683386980433823, 0.6876102826584984, 2.2559969841933922, 1.0676232728364974, 1.277654021347638, 0.22403173015690137, 1.3277554765912396, 1.4712107624189694, 1.1669962879703901, 1.301690757958418, 0.8769172459498038, 1.092978487881156, 2.079910431978531, 0.8249717899047104, 2.0066271864100593]
