Ri:[100, 130, 160]
Zi:[50, 100, 200, 300, 400, 500]
fps.ts:[671.8713000011444, 2015.6139000034332, 3359.356500005722, 4703.09910000801, 6046.8417000103, 7390.584300012588, 8734.326900014876, 10078.069500017165, 11421.812100019455, 12765.554700021745, 14109.29730002403, 15453.03990002632, 16796.78250002861, 18140.5251000309, 19484.267700033186, 20828.010300035476, 22171.752900037765, 23515.495500040055, 24859.23810004234, 26202.98070004463, 27546.72330004692, 28890.46590004921, 30234.208500051496, 31577.951100053786, 32921.69370005607]
fps.e0:[10797.732538529966, 10755.48190991422, 10751.452546257493, 10763.171076261653, 10756.759376049902, 10721.282995283362, 10741.470334567188, 10796.223067171659, 10778.837706864542, 10742.93435529223, 10782.236018215453, 10783.125474652146, 10752.836696901642, 10778.297495677863, 10733.800140692814, 10771.996925125315, 10770.485825622005, 10751.426271204109, 10730.403514713815, 10723.018982548674, 10723.839450946429, 10733.971142931672, 10760.796286737832, 10739.726259021012, 10739.748980618126]
fps.e0u:[19.01616938435401, 19.110748964427124, 18.95076455787435, 18.857483889999553, 18.956283907888455, 19.044086653541168, 19.276257508700237, 18.979536801045157, 18.873722815612403, 18.699941283586604, 18.80034264004777, 19.116439335077764, 18.983531325645995, 19.060275539595906, 19.035793444320827, 18.8338867418482, 18.849723759609265, 18.917789885256763, 18.997449840476097, 18.957970496612667, 19.00973030427714, 18.81683883208525, 18.894188791307744, 19.077692113946277, 19.131751656391344]
fps.lt:[4990.323967351411, 5459.661136243409, 5417.499996273691, 5164.097422994371, 5329.615880289142, 5483.904268716818, 5291.4296777821355, 4929.400427600649, 5166.735011779985, 5348.141022302439, 5061.6726783107415, 5085.280181610669, 5455.19829669991, 5040.435531060257, 5518.215019496995, 5317.946060849572, 5263.694890256971, 5381.742933225775, 5534.97890736814, 5591.3992189248675, 5483.371111150277, 5414.692256753876, 5203.0211300562, 5470.088387693368, 5359.984970449093]
fps.ltu:[130.42056584483282, 157.09620804314326, 152.21813339978408, 138.3897243148428, 148.17046903456296, 157.29506404545754, 148.67543240410737, 126.93247905339638, 138.47357450152165, 147.65696275880308, 132.17937059934238, 135.7341104457344, 154.78286664660138, 132.7046041011201, 158.75848944965193, 146.3754678823915, 143.1164931788379, 150.7599171795519, 159.806000601266, 163.48186847877156, 157.8597916551965, 152.0443071116893, 140.65790072157554, 156.97885119379777, 151.34267829461086]
fps.c2:[0.8030195273564869, 1.6410044833616668, 1.516878990585994, 1.5765535454756114, 0.9509396277159771, 2.5262105813226707, 2.026076852303363, 2.334817872673995, 1.403732926911053, 1.1908365229317603, 1.0527204261626468, 2.219930368972399, 0.5861960397955216, 0.9689169135156325, 1.0757584221021763, 0.8942612619613833, 1.1493902021863036, 0.8976867237327542, 2.0529934415880478, 1.1233659186756904, 1.7967789030878274, 1.6674521393377453, 1.3813040288905123, 0.9707458260264055, 1.066754880609187]
FC:[[3.652966744095185, 3.7537636539532064, 3.8068315656316876, 3.865177588969036, 3.9247494302197907, 3.9873557492211966], [3.7037515266864838, 3.7955619914514096, 3.852111622189644, 3.9178244978477954, 3.982498417760888, 4.043977301544415], [3.8536378901156905, 3.935687159652748, 3.9961401160204435, 4.053683259308178, 4.113473500904752, 4.174638605246313]]
FCE:[[0.05161497392657249, 0.027564087256918102, 0.016860611548825198, 0.012824322805014514, 0.010901990612098001, 0.00967535411486666], [0.0406686871810991, 0.020952549360061423, 0.012725135764350923, 0.010011295858979027, 0.008520793467857328, 0.007385539252488701], [0.035036501379202015, 0.018053596499093726, 0.0106388370936448, 0.008321943841637909, 0.007064582722396134, 0.0061354909613780305]]
