Ri:[50, 100, 150, 200]
Zi:[100, 200, 300, 400, 510]
FC:[[4.002993952421476, 4.006704072972481, 4.036463454537751, 4.065166674450041, 4.081749239429423], [4.012098657649733, 4.01145320670655, 4.046885917369574, 4.076171717583792, 4.106958742462239], [4.12889206734545, 4.154902818697727, 4.178527402541992, 4.206475905744234, 4.237793329435174], [4.777590161604624, 4.799285362644984, 4.830869014500994, 4.857333379114607, 4.881984230331694]]
FCE:[[0.03892897421840416, 0.02674070994131246, 0.021788921517435205, 0.018836434085625617, 0.016706431264331165], [0.02017940267388765, 0.013559792910024604, 0.011012914429021733, 0.009484567382889336, 0.008439994761522357], [0.014139181826319435, 0.009583969984056034, 0.007719958860651623, 0.006662813700469266, 0.0059178605666591454], [0.012958259108419695, 0.008761953979726905, 0.007073576652636634, 0.006100145716920478, 0.005397245350797779]]
fps.ts:[1605434556.54532, 1605438130.53596, 1605441704.5266, 1605445278.51724, 1605448852.50788, 1605452426.49852, 1605456000.48916, 1605459574.4798002, 1605463148.47044, 1605466722.46108, 1605470296.4517202, 1605473870.44236, 1605477444.433, 1605481018.4236403, 1605484592.41428, 1605488166.40492, 1605491740.3955603, 1605495314.3862, 1605498888.37684, 1605502462.3674803, 1605506036.3581202, 1605509610.3487601, 1605513184.3394003, 1605516758.3300402, 1605520332.3206801]
fps.e0:[9905.548297998577, 9949.302434588686, 9924.084432966532, 9942.422005640195, 9947.853877256643, 9955.549801216603, 9963.760140117878, 9935.198996612171, 9978.19530066256, 9996.74530986515, 9971.318869280956, 9931.437415768241, 9977.828200531021, 9983.548920000554, 9975.718246281009, 9989.796569181683, 9963.68891254019, 9959.443616419656, 9984.385926448682, 10013.40947072148, 9954.294802595316, 9949.906535126276, 9954.720727207898, 9968.376536822387, 9939.935385266272]
fps.e0u:[17.799770555032648, 17.867031336835396, 18.035593506332457, 17.842699658157194, 17.876329029248833, 18.1149591430045, 17.803063015889876, 18.13981211544509, 18.250916253291425, 17.964478483310124, 17.850278645324664, 17.816891388970653, 18.01366709146495, 17.907555111030607, 18.012820935858784, 18.092369607413463, 17.914318928210296, 17.97271699619835, 17.649423416282488, 18.07680704322958, 17.938038454987304, 18.19308119813277, 18.024295337242297, 18.088424425008245, 18.021207647841333]
fps.lt:[18016.33209525021, 14315.9629785719, 16265.97512248538, 15276.307846863025, 16326.201146234716, 14034.945495109836, 15172.426096955121, 15310.559840132166, 14400.984914763325, 13165.45491788055, 14646.329106182124, 17810.871959426684, 14835.303613619346, 13711.707873894164, 16040.343231547224, 13123.108002806812, 14749.09468742823, 16293.78739957932, 14906.329827056112, 12588.837968015789, 16086.555636291065, 15528.016213263105, 16241.615521468611, 14448.971719220928, 16617.746135581026]
fps.ltu:[1745.8422258451549, 1104.1608515801524, 1444.278118679191, 1274.7394717775994, 1445.0609440535477, 1082.4072573759477, 1249.0712883324165, 1293.042856086251, 1142.5352703536932, 944.6313913540207, 1164.506294813459, 1711.3856567053062, 1199.7992770049011, 1018.5249417255335, 1396.3609477004138, 941.6598282237883, 1177.186294342381, 1441.7026642497365, 1178.6374968592697, 862.5029751147853, 1406.7670549744305, 1320.3520371419243, 1432.2457233494974, 1134.4761286989578, 1505.4260053972082]
fps.c2:[0.7851559646756965, 0.7916548356704456, 1.3952276138066368, 1.3300173398904096, 1.1381181617839524, 1.2529688660329081, 1.2944001398166658, 0.6623991513574737, 0.9683606427654984, 1.1026841401555347, 0.5116936635708286, 1.137031393935902, 0.8414473710758626, 0.6290685069753444, 0.8315118825781678, 1.2486354719762527, 0.9525210481925417, 2.0485155730378115, 0.6766881691858544, 1.5524350522384434, 0.763378031793681, 0.8246773417543877, 1.3240784156352845, 1.1224083850352244, 1.4728747952185124]
