Ri:[100, 130, 160]
Zi:[50, 100, 200, 300, 400, 500]
fps.ts:[1716.8131799983978, 5150.439539995194, 8584.065899991989, 12017.692259988784, 15451.31861998558, 18884.944979982378, 22318.57133997917, 25752.197699975964, 29185.824059972765, 32619.45041996956, 36053.07677996635, 39486.70313996315, 42920.329499959946, 46353.95585995674, 49787.58221995353, 53221.20857995033, 56654.834939947126, 60088.46129994393, 63522.08765994072, 66955.71401993751, 70389.3403799343, 73822.9667399311, 77256.59309992791, 80690.2194599247, 84123.8458199215]
fps.e0:[10800.928016729631, 10834.792533367714, 10816.976547330234, 10815.971783679974, 10820.20563862143, 10825.013011110144, 10797.97696258008, 10816.6459185365, 10819.951884265416, 10781.793085831243, 10834.70633197048, 10778.570318570271, 10822.574796456549, 10811.594599357408, 10817.995919164816, 10807.193768491137, 10783.5761121168, 10816.58232564928, 10809.797251853997, 10811.574307131428, 10795.55723809882, 10790.812538285509, 10805.947377363784, 10794.312396400615, 10811.416244486916]
fps.e0u:[17.251910283456308, 17.205356061288022, 17.233831373811313, 17.398020935194268, 17.028394468495055, 17.446717955464067, 17.152980923762406, 17.182623224831435, 17.569736717965633, 17.53035634073213, 17.451057718958367, 17.465246505501792, 17.175359495164273, 17.375379166916083, 17.65237978602333, 17.391674518493172, 17.854425640011243, 17.384517907020335, 17.237984700255346, 17.35118235649921, 17.484450637415968, 17.336488692433313, 17.402885273775333, 17.5803390319291, 17.17789710060614]
fps.lt:[7766.251072286699, 7359.39080515097, 7573.896341959053, 7571.458138801105, 7649.437679871761, 7485.027399414498, 7680.7392355622205, 7414.984521095005, 7259.127591221341, 8143.950496822822, 7402.821541777898, 7980.782197484039, 7142.153543027801, 7488.324335867141, 7577.498405532376, 7498.192789000242, 7993.039578073126, 7346.030139288177, 7600.888661023534, 7452.856589278898, 7527.275246179695, 7887.596279780802, 7624.3658519082, 7660.834928211863, 7477.916546407861]
fps.ltu:[285.43702814677795, 256.674544947582, 273.38507755941646, 276.00566143008274, 279.9039407290708, 269.41548403915715, 282.1064583642388, 262.8247814221058, 255.33161997775758, 320.44130903617923, 265.05627709181886, 309.6007672473727, 242.22158138476308, 271.89651390138715, 278.88963539826256, 270.55928745460056, 313.8306215931492, 260.3727653329065, 275.5645982247153, 265.7016098996006, 274.7861686067919, 298.3489703224778, 279.12468322111073, 285.1965783067276, 267.7299223329235]
fps.c2:[2.0987537881213365, 1.3964976926707953, 1.7497256002447705, 0.9624702882190376, 1.486951669567048, 1.5451360265135052, 1.463850168638571, 2.34833544207366, 1.3666530270673651, 1.842586538532627, 1.617241369779527, 0.833703965649996, 1.1144011406528127, 1.0062346525971224, 1.3985171829686835, 1.1111003889762205, 0.8538516038273125, 1.7367282063795222, 2.084516507579454, 1.8628722907738349, 3.073126338377531, 1.3617780736385687, 0.6818252979960019, 1.1514425477788763, 1.616490799061579]
FC:[[3.8186022034068103, 3.8486925157985348, 3.9216454150492166, 3.981717462224718, 4.0247293610441215, 4.054164261653674], [3.8420212395000943, 3.928756216371084, 3.993353448322834, 4.03174276604529, 4.074242994775036, 4.11072602439223], [4.019108501391251, 4.083125101632838, 4.137859754392862, 4.1829383378363545, 4.226222224541887, 4.259741249238808]]
FCE:[[0.04275680297035107, 0.02529769027643899, 0.016287787481284115, 0.012691053391849852, 0.010662490592795225, 0.009335569913883854], [0.03367539393564682, 0.019586570324413365, 0.012446066623431645, 0.009742191465891292, 0.008220702996421598, 0.007241639027774156], [0.028577693417725578, 0.01636021399635241, 0.010470532205802114, 0.008230963393690133, 0.0069772402787425265, 0.006159919534672958]]
