Ri:[100, 130, 160]
Zi:[50, 100, 200, 300, 400, 500]
fps.ts:[1727.492319998741, 5182.476959996224, 8637.461599993705, 12092.446239991188, 15547.43087998867, 19002.415519986153, 22457.400159983634, 25912.38479998112, 29367.369439978596, 32822.35407997608, 36277.33871997356, 39732.32335997105, 43187.30799996853, 46642.29263996601, 50097.27727996349, 53552.261919960976, 57007.246559958454, 60462.23119995594, 63917.215839953424, 67372.2004799509, 70827.18511994838, 74282.16975994587, 77737.15439994335, 81192.13903994084, 84647.12367993832]
fps.e0:[11049.903634656306, 11081.19496866718, 11050.374039185157, 10992.304498191927, 11066.804958786966, 11003.408243530625, 11052.392988119933, 11040.20949929841, 11019.577116463313, 11006.26256260506, 11052.385041051797, 11034.610048579389, 11023.313638253154, 11049.466992508153, 11041.649697008557, 10977.327998011926, 10961.051441371543, 11012.590382507913, 11007.493057320311, 11002.16038523951, 11019.327383324837, 10997.729711439559, 11029.150378727762, 11027.164929119672, 11029.343510033681]
fps.e0u:[27.10515308032136, 27.641040318034133, 26.433469989420402, 27.414086661533766, 27.610651970007737, 26.98153674755807, 27.388138280309917, 27.169237061523578, 27.344384327236035, 27.504916557121735, 27.108365133787736, 26.78952261764384, 27.29604969417901, 27.390537037070587, 27.54024490823645, 27.418034974541317, 27.00498697899795, 28.067861235207285, 27.792761755750202, 26.92717779897149, 27.080588341471234, 27.588978897631677, 27.247433112738452, 27.856307980168456, 27.603757026652207]
fps.lt:[14438.677254297736, 12024.680847047852, 13015.757094676084, 18768.732790967046, 12528.12890112959, 16038.442068077573, 14028.94060348654, 14215.290690657144, 13738.373547469662, 16312.853592288016, 13387.53374367961, 14892.768584564352, 13665.06215230115, 13130.647879934317, 12074.067540799113, 16408.82674142917, 19707.5794093557, 15783.918368823464, 15488.599004090584, 15739.99229983912, 14648.148838776766, 16622.965286936404, 13254.504162986532, 14935.269347227297, 14113.321583458017]
fps.ltu:[1549.9845011805107, 1096.239158781172, 1254.6022425690699, 2680.3889330168918, 1189.508168972338, 1955.1660675539497, 1472.8168541815298, 1512.3159426361294, 1420.9308781776317, 1964.8968409046113, 1336.988105592325, 1626.5878382713151, 1413.1230761538786, 1304.489292075952, 1107.3457394163488, 2048.872456871496, 2924.940837576268, 1917.2218665424286, 1815.1295421719674, 1845.8607988789493, 1604.3162687668137, 2098.500143797895, 1333.6288304519846, 1708.6914078491388, 1516.3054697904026]
fps.c2:[1.2290019141339164, 1.971320304907437, 0.7701617692007783, 0.4947902676171969, 0.8108377838815695, 1.5925469276797815, 0.8909748145394538, 1.3219477335886756, 0.3579876821391964, 1.0487159528592858, 1.4134459071387036, 0.8410761922358235, 0.5025202104927736, 0.9543888920346095, 0.7118505733882505, 1.192505910873591, 1.2541757971084637, 1.3063128955053576, 0.6932620052340973, 1.0713865931188318, 1.9021908902243432, 1.1984821321899237, 0.5484562165637595, 1.0106378118509125, 0.8178070956250744]
FC:[[4.186428328761591, 4.27332416373195, 4.268447954651934, 4.309796322849584, 4.305760971485693, 4.289561164734528], [4.40926997027908, 4.544038573313797, 4.587452920610956, 4.590683734281051, 4.571872503334715, 4.568606403511718], [4.846057150494322, 5.050257577477496, 5.0505932832685385, 5.074709134981021, 5.056082580549364, 5.05230382108501]]
FCE:[[0.08396745144110185, 0.0530981859940774, 0.03493224573627122, 0.027830118061674215, 0.02345766842152864, 0.020271716388162903], [0.06370596316690545, 0.04020002466833224, 0.026906795590105285, 0.02133142844777385, 0.017952829426437007, 0.015639689193943915], [0.057146982210534304, 0.03696754201892362, 0.024157386803498045, 0.019118763577454564, 0.016123262050338996, 0.014144051037122388]]
