Ri:[50, 100, 150, 200]
Zi:[100, 200, 300, 400, 510]
FC:[[4.079767143974357, 4.00779987993901, 4.006589397060321, 4.021046163657779, 4.035157961889066], [4.043894480856135, 4.0286425223380755, 4.035035026890457, 4.055993926176872, 4.082142725895696], [4.15800026614102, 4.1595654104758975, 4.173592041394732, 4.196825602009064, 4.225218467113316], [4.790408011631699, 4.81138294596462, 4.836001298786242, 4.860231681911353, 4.8793080660391395]]
FCE:[[0.038905800734707306, 0.025728996158988864, 0.02068492603236566, 0.017791808011766986, 0.015589480239661946], [0.0191413510090403, 0.012832326190934804, 0.010368732617514411, 0.00894263234457254, 0.007909842663175536], [0.013356365725866263, 0.009010967843710653, 0.00725812654179343, 0.006256167931288373, 0.0055471645852470195], [0.012090734823366154, 0.008191270484155463, 0.00661932941323333, 0.005707298443575613, 0.005049592454365772]]
fps.ts:[1614691888.69618, 1614695085.05054, 1614698281.4049, 1614701477.7592602, 1614704674.11362, 1614707870.4679801, 1614711066.82234, 1614714263.1767, 1614717459.5310602, 1614720655.88542, 1614723852.2397802, 1614727048.59414, 1614730244.9485002, 1614733441.3028603, 1614736637.6572201, 1614739834.0115802, 1614743030.36594, 1614746226.7203002, 1614749423.0746603, 1614752619.4290202, 1614755815.7833803, 1614759012.1377401, 1614762208.4921002, 1614765404.8464603, 1614768601.2008202]
fps.e0:[10709.707421998932, 10662.197793770942, 10688.26045624182, 10663.32806797606, 10654.499316039637, 10723.352994322551, 10705.073997617243, 10714.217836660719, 10698.135569816093, 10719.46709085063, 10730.370024193973, 10698.11969840143, 10712.80534573845, 10704.10476436752, 10705.314264968601, 10734.382699633317, 10723.503155728029, 10698.48064839387, 10683.897162290645, 10688.494243231013, 10724.794909618166, 10693.350645680877, 10717.515808990807, 10713.920370502854, 10692.192958595593]
fps.e0u:[17.703847011945378, 17.7115348078511, 17.44566376500509, 17.632179684195865, 17.379215862689, 17.503481503373827, 17.63067993568445, 17.568461546443928, 17.551338080762324, 17.46125160597552, 17.71902745284532, 17.386387013504216, 17.529158489009497, 17.60297006772736, 17.81947568363132, 17.491792935687563, 17.825209398219613, 17.501794973174995, 17.84296890704143, 17.734164362548754, 17.77147303604958, 17.687749465665252, 17.654573459476843, 17.78999559130509, 17.68430644463547]
fps.lt:[16777.665621201562, 22565.231827117004, 21146.33648494715, 26168.774473005025, 23737.461633053194, 16837.82773346467, 18016.867879189005, 18048.848154773714, 18658.380791163574, 18177.913184452656, 16712.52777151834, 20088.082328650347, 19590.888643441645, 18280.49711861154, 16986.663364352145, 15870.609720517205, 17300.74412606221, 20083.848770087854, 19109.004208374903, 19680.609794625056, 16799.279677943632, 18126.36341162352, 18546.520296375045, 17470.421680763244, 19356.54022980722]
fps.ltu:[1404.4558928730737, 2526.1787991827878, 2189.141872971838, 3401.989532638649, 2778.032691872215, 1400.0423648024205, 1616.1497446177123, 1599.649397839112, 1719.301882343486, 1624.5015105143018, 1385.930576042501, 1974.537684860306, 1898.300361486577, 1655.8036894783008, 1445.222485978565, 1237.9351518006392, 1489.633768938692, 1980.4289511811512, 1838.7615251422053, 1932.219529145676, 1404.6413207669302, 1651.0563642407476, 1711.8069512844866, 1529.2404385361497, 1876.4545968235004]
fps.c2:[0.7417295831897485, 1.0912778079876964, 2.665808999309152, 1.7070374936225834, 1.949983406321415, 0.8944019763189266, 1.0500576638168864, 1.4843272486997132, 1.3549783614488855, 1.2842962839286067, 2.037266792989247, 0.9602297560444113, 1.0287805958959095, 1.2048409104564295, 1.3974975790023538, 2.6643058048785835, 0.8117942462678656, 2.4971799632102574, 1.406089916585838, 1.2319603957375709, 1.539346558850267, 2.05765429446065, 1.2338578028423202, 1.1174923245972825, 1.2340635828211899]
