Ri:[100, 130, 160]
Zi:[50, 100, 200, 300, 400, 500]
fps.ts:[1785.6082800006866, 5356.82484000206, 8928.041400003432, 12499.257960004807, 16070.474520006179, 19641.691080007553, 23212.907640008925, 26784.1242000103, 30355.34076001167, 33926.557320013046, 37497.773880014414, 41068.9904400158, 44640.207000017166, 48211.423560018535, 51782.64012001991, 55353.85668002129, 58925.073240022655, 62496.28980002403, 66067.5063600254, 69638.72292002678, 73209.93948002814, 76781.15604002953, 80352.3726000309, 83923.58916003228, 87494.80572003365]
fps.e0:[10769.089705468848, 10786.841444604432, 10788.67282596203, 10776.746048012528, 10790.851606670536, 10786.439259948109, 10793.908871964972, 10782.286663097155, 10789.193887227331, 10793.806815993352, 10795.945266487546, 10801.517918735733, 10820.176163219654, 10808.17404964417, 10805.898633528965, 10800.709577984133, 10822.090465421736, 10789.15912542027, 10808.356121086372, 10813.437646278418, 10816.829887989314, 10858.2136671174, 10826.146525388947, 10822.382125239094, 10839.077424245505]
fps.e0u:[13.975234191093927, 14.151214426708869, 14.095770004881675, 14.080569793847985, 14.097755605198044, 14.028787094438336, 14.323571929809273, 14.071539679481276, 14.178287262817351, 14.27251466662079, 13.986526029395845, 14.382392097662906, 14.133961392085675, 13.932542920565634, 14.319628773735312, 14.242595026708356, 14.041175219374612, 14.343893200788042, 14.095388455569706, 14.132757447161794, 14.034007888776218, 14.192127485793648, 14.16775424902539, 14.201086654418305, 14.241924595260738]
fps.lt:[11841.276193011576, 11682.263429463048, 11235.901829070319, 12020.389358966931, 11482.262735779255, 11619.870584690274, 11246.615166628031, 11400.89562675017, 11848.905510088727, 11474.012281146886, 11612.559835789538, 11390.587142024653, 10977.80685738278, 11456.624831291754, 11660.005369270371, 11735.231263618658, 11232.376833362934, 12261.81787898187, 11569.72045761914, 11231.831883058087, 11422.308186540471, 9913.635278477659, 10984.385776780342, 11630.966382561926, 10502.577629453404]
fps.ltu:[549.0976831718369, 536.7905173655985, 492.4497024162356, 565.6930439794386, 518.5437568755597, 524.8809433414788, 506.00845548227454, 511.7100018785853, 553.1092715814897, 521.021328584168, 527.6068821407162, 519.0513309184512, 476.0835647131593, 508.88326545985984, 538.4621233854265, 544.8115416230038, 493.61665647792967, 597.7986987268381, 525.1008009420149, 496.2694576347629, 507.1766887801427, 389.6157619389451, 477.3689287747957, 532.699600895271, 435.3613101912557]
fps.c2:[1.0511327714218481, 2.2119065794033643, 1.7331119042429168, 1.2384625928310682, 2.063368099171166, 1.8011032046814346, 1.681198788617015, 1.8391493535644514, 1.252143308438234, 0.3397790613499767, 1.2778282436834303, 1.7163998210037905, 1.8540610304467557, 1.2372074414150862, 1.9519996646796816, 1.1402320927168614, 2.2388615402629686, 0.7582104082956556, 2.1076153218974394, 1.7454315104481084, 0.7810403641411887, 2.488255639991849, 2.4532500893089124, 1.3618589035728763, 0.7406900176038097]
FC:[[3.839069101843282, 3.8680781011903713, 3.8763093462312064, 3.900392455259265, 3.92767412730276, 3.9531418300501637], [3.887218642195594, 3.9107024213081267, 3.927994453512154, 3.954729311678775, 3.980189176684771, 4.006610133510184], [3.995322698296823, 4.032771972153451, 4.056257292772335, 4.080812048024069, 4.109427673698039, 4.143098230883458]]
FCE:[[0.03159647987736587, 0.01957975174244197, 0.012897616788278549, 0.010192884241610524, 0.008629437552095911, 0.007611924755832043], [0.024770282822746206, 0.015162702053296437, 0.009963998122157633, 0.007891521278331383, 0.0066926306793141195, 0.0059243971842618355], [0.021106323747810442, 0.012956563011356531, 0.008509879256381019, 0.0067305507261603325, 0.005585851199318284, 0.004850159698864801]]
