Ri:[100, 130, 160]
Zi:[50, 100, 200, 300, 400, 500]
fps.ts:[2215.3502599954604, 6646.050779986381, 11076.751299977303, 15507.451819968222, 19938.152339959146, 24368.852859950064, 28799.553379940982, 33230.25389993191, 37660.954419922826, 42091.654939913744, 46522.35545990467, 50953.05597989559, 55383.75649988651, 59814.45701987743, 64245.15753986835, 68675.85805985928, 73106.55857985019, 77537.25909984112, 81967.95961983204, 86398.66013982295, 90829.36065981389, 95260.06117980479, 99690.76169979572, 104121.46221978663, 108552.16273977756]
fps.e0:[10932.129667552448, 10928.907040354612, 10934.785512204751, 10946.55101301099, 10958.693353841145, 10938.732323816575, 10932.779762759808, 10950.17349800244, 10954.917868388664, 10930.686658243589, 10947.35012389341, 10947.90306098435, 10930.579547980447, 10958.351173291569, 10943.395324617582, 10933.764981606853, 10946.185512142394, 10939.151060700524, 10966.873969406899, 10928.578553827723, 10966.802317478612, 10960.744454098627, 10941.560226603115, 10973.168384227496, 10949.377469235276]
fps.e0u:[13.619056496757693, 13.539171382305051, 13.531295857965622, 13.76818013159297, 13.67829706287369, 13.711695756395642, 13.5075422784362, 13.738220127106215, 13.621338846307209, 13.631726778679914, 13.675846686025752, 13.665776568974826, 13.53980904505898, 13.581227772121354, 13.770012677087166, 13.681022585458546, 13.551396180862328, 13.776168937238209, 13.560358406131611, 13.711487215550466, 13.637374139931689, 13.884831238583113, 13.700550137291795, 13.56955762871145, 13.50277540581311]
fps.lt:[13618.692960461449, 13675.092533609106, 13565.780203180177, 12602.459486807218, 12223.547454963098, 12994.903383051094, 13490.382290753289, 12181.553739089451, 12143.397635621788, 13659.91467600774, 13274.859253258926, 12641.97436242203, 13506.424322506082, 13055.506943571823, 13058.2927351564, 13645.955835513036, 12747.688694871338, 12979.732174841012, 12360.986482018565, 13543.154615326832, 12336.62733025035, 12511.751489488883, 13736.456464844527, 11888.107368672328, 13272.726600288954]
fps.ltu:[696.0924487676878, 697.9045622397296, 688.2789261830441, 600.6698345828988, 567.372745159403, 638.9604031709856, 680.8820996817202, 561.6311606186041, 557.8874947973799, 696.2600696561598, 662.2366514638034, 601.097719319792, 686.2149025884902, 637.5887236830265, 643.7977437296653, 702.0680033642043, 607.8880315694049, 634.9556664327041, 573.4469616818689, 691.370375803786, 570.4934983999087, 596.6274078834992, 709.9345585931812, 531.7002261009834, 657.2625014934966]
fps.c2:[1.6153874804084873, 0.7520002541991406, 1.060952224674359, 1.1894936416780892, 2.8841412493871568, 0.7776367810502488, 1.1760272071693183, 1.6558058378866594, 1.1550110400363613, 1.0743060348962445, 1.2531403925398537, 1.493587040294976, 1.3303851403516682, 1.0119062245758363, 0.4486562403641659, 1.1129055222933342, 1.2566557992784444, 1.2721497107895634, 1.9930086038873338, 1.2464750546156007, 1.05124826452936, 0.7287409183880615, 1.5085370779563476, 0.9288373381640334, 0.5215209270771406]
FC:[[3.8642315944180274, 3.8766434738051876, 3.8869058336484423, 3.9150048994400786, 3.9423609484737403, 3.9648132620891805], [3.9061512446365025, 3.9281682953417967, 3.9392641241310447, 3.961692632333092, 3.9890967574958376, 4.01142541981267], [4.04722275753766, 4.056554057903461, 4.067200161921578, 4.089690550297757, 4.116485096642048, 4.139153370406947]]
FCE:[[0.029604953197224008, 0.018636552864620525, 0.012369520624332157, 0.009568558081130255, 0.008126480382038077, 0.007165388541463909], [0.02339805880736694, 0.01434183023800232, 0.009430382065556355, 0.0074528777229755224, 0.006341869339618729, 0.005599457202461717], [0.019757645445269187, 0.012226199004383709, 0.008011626754047712, 0.0063362275213754106, 0.005405366433740148, 0.004782224336168539]]
