Ri:[100, 130, 160]
Zi:[50, 100, 200, 300, 400, 500]
fps.ts:[1697.755599999428, 5093.266799998284, 8488.777999997139, 11884.289199995996, 15279.80039999485, 18675.311599993707, 22070.822799992566, 25466.333999991417, 28861.845199990275, 32257.356399989127, 35652.867599987985, 39048.378799986844, 42443.889999985695, 45839.40119998455, 49234.91239998341, 52630.42359998226, 56025.93479998112, 59421.44599997997, 62816.95719997883, 66212.46839997769, 69607.97959997653, 73003.4907999754, 76399.00199997425, 79794.51319997312, 83190.02439997197]
fps.e0:[10918.157984082613, 10911.936471795709, 10947.418942247954, 10918.018691333617, 10912.872375190487, 10926.855232028513, 10935.403861592433, 10924.416827235857, 10931.475026159937, 10961.715801978642, 10923.126755023935, 10906.013443025195, 10918.412360521428, 10924.962657597267, 10911.362813399146, 10930.693342184051, 10934.585502665965, 10959.207601268929, 10917.53808431169, 10943.380447247533, 10923.94669651678, 10906.353625588126, 10948.946953198269, 10925.540183697818, 10923.251031726611]
fps.e0u:[15.325423399133637, 15.169356796423154, 15.121405726120088, 15.008939942602268, 15.370479192265988, 15.10536681218425, 15.111072076837935, 15.415129606308295, 15.080635784492618, 15.221312506207603, 15.348209814505932, 15.30659076185533, 15.313696873530473, 15.072025601536271, 15.319896928834805, 15.412744181088186, 15.258981354287439, 15.194791707291714, 15.297023707522454, 15.277411197647114, 15.413115169545952, 15.569098495153993, 15.148878536706608, 15.230951321176518, 15.31261551390574]
fps.lt:[13284.14701136959, 13497.465239806066, 12631.686614021393, 13906.19837493008, 12981.04923109187, 12997.704200887392, 12300.957841031284, 13292.114795138536, 12479.719009040842, 11540.473017579548, 12422.01195300047, 14407.842835933368, 13522.476605531554, 12700.05896527843, 13920.099798605303, 12716.064918719443, 12624.558901121258, 12073.25520096473, 13027.700264138488, 12097.24842648176, 13257.297776139128, 14025.48899431175, 11933.664364731867, 13240.355624480517, 13186.754449795359]
fps.ltu:[745.7150371730929, 765.0669061981171, 665.207312536524, 799.3987673374584, 716.5951455135516, 705.8469250056474, 633.0467338700882, 746.1611539070212, 649.9410614095025, 561.6535896745942, 651.7897882115786, 873.268681147848, 771.9194391391027, 676.3093556364707, 819.2040727660409, 683.1278245829432, 675.7325838647782, 614.0026993849823, 714.6959434393697, 612.2969588952328, 746.2927075419323, 843.0197591368965, 605.2621175702235, 733.5792347999238, 731.3050863906427]
fps.c2:[1.468535041845065, 1.628628178243462, 1.48908561123968, 2.0683815868013293, 1.563414402503938, 1.8598281014880451, 0.7562280262628988, 0.7389878517654188, 2.0430645386699604, 0.9669800259904999, 1.8162003121615427, 1.1669660925885574, 1.053978050057199, 0.5142181711256034, 0.9526457179926532, 1.6968561531450999, 1.3727859028974752, 2.2286738044813137, 0.733626226538875, 0.365901164204313, 1.5351153075336255, 1.7639864723623548, 0.5428765137134449, 2.3394424303589676, 2.380805918319325]
FC:[[3.8991766651872717, 3.874709276504001, 3.9121755664148967, 3.93047013581416, 3.9469585929641386, 3.963414768437795], [3.925084356179735, 3.915026838669222, 3.9509880957784933, 3.9703980329765005, 3.993002712641693, 4.01535807650113], [4.030032534212068, 4.032456783341115, 4.070473370027002, 4.095565973356192, 4.11767656622858, 4.1422636578094965]]
FCE:[[0.033864907057928335, 0.02055760626760902, 0.013630401353553012, 0.010787324936517994, 0.009126292897301467, 0.00805552746304935], [0.026035254624779052, 0.01596669820194972, 0.010560925937372814, 0.008346584313664402, 0.007096422140895127, 0.006280815559578686], [0.021955645185026598, 0.013556970617036378, 0.008943145382235642, 0.007098720325326362, 0.0060398332622297775, 0.005356641558055717]]
