Ri:[100, 130, 160]
Zi:[50, 100, 200, 300, 400, 500]
fps.ts:[1721.6638800001144, 5164.991640000343, 8608.319400000571, 12051.6471600008, 15494.97492000103, 18938.30268000126, 22381.630440001485, 25824.958200001718, 29268.285960001944, 32711.613720002173, 36154.9414800024, 39598.26924000263, 43041.59700000286, 46484.924760003094, 49928.25252000332, 53371.580280003545, 56814.90804000378, 60258.235800004004, 63701.56356000423, 67144.89132000446, 70588.2190800047, 74031.54684000491, 77474.87460000516, 80918.20236000538, 84361.5301200056]
fps.e0:[10890.82968488351, 10890.261335608131, 10887.696401126079, 10890.057749713575, 10889.809962272988, 10864.912352946547, 10872.752840964524, 10883.852014522383, 10896.391770981352, 10888.756655008723, 10899.43282186771, 10865.566087142293, 10889.730961943154, 10885.164320168886, 10906.432777384302, 10905.934162752801, 10891.18744375965, 10891.457462812323, 10906.531294994642, 10905.493781026451, 10874.031035093363, 10883.083270570169, 10892.346398317426, 10885.057532239376, 10888.176546143937]
fps.e0u:[13.174268468389037, 13.277747904367018, 13.226301709886968, 13.227600038351838, 13.292327483869762, 13.31031770519603, 13.30154333136996, 13.263798928854433, 13.27912863787078, 13.151493310716464, 13.050840848402192, 13.18602099684005, 13.338126746123297, 13.218593522929808, 13.074318682292242, 13.100513455827667, 13.260079945301465, 13.020912955214474, 13.151616489036329, 13.23788084304, 13.066599206818553, 13.217626785182812, 13.082604976334665, 13.412306700378466, 13.35940706234803]
fps.lt:[11143.020016415805, 11267.019568581021, 10870.210921616537, 11121.547165296317, 11002.013008107248, 11995.795713863341, 11217.170992487754, 11290.698572220108, 10545.662696181023, 10920.547943796731, 10652.787872462832, 11953.28221980145, 10883.948699730583, 11399.615201027544, 10535.769100087513, 10568.5542210159, 11248.625065068603, 11118.072938641546, 10525.728237998475, 10494.981051165676, 11123.523607757763, 11336.85077218448, 10951.083269318293, 10959.527752368047, 11158.35438219551]
fps.ltu:[452.97799960471326, 461.8897737357461, 432.41348178029887, 452.84818920371873, 444.37373354469344, 526.7501353385585, 460.51012697015125, 466.1842247791802, 409.186622214739, 434.45011561256445, 411.2474093156355, 518.314225371414, 433.6963879533653, 474.2441177026298, 403.2261664415181, 403.23499424930816, 461.6090531046993, 445.30393840477655, 403.2400412912312, 400.79768806378553, 448.64632340640685, 466.88363057333646, 436.4147367354668, 444.298170209134, 456.06422493500446]
fps.c2:[1.5509923367101552, 1.4244075020851326, 1.490439074515377, 2.379589270781142, 1.7676593178724376, 0.7128550873332611, 1.585485969901082, 1.8528392652315189, 2.0019687784857365, 1.7467072850268472, 1.1213112940495675, 0.9975980902916816, 2.0404847672620763, 1.408586743580637, 0.9137179713086648, 0.9846582613577789, 1.2999106732398766, 1.6378333596924977, 0.7764285931068395, 0.897811075511506, 1.3301479562332343, 2.0749768056588556, 1.319390090399076, 0.9078410403636743, 1.0730561481824183]
FC:[[3.883876062870193, 3.8795652414016537, 3.8659017735132775, 3.8905351153146777, 3.924499202051782, 3.9535939068900667], [3.906625124462902, 3.9072163074790263, 3.910560145334322, 3.9396973625953136, 3.9688674938511457, 3.99941936738932], [3.997502710037051, 4.022341764915243, 4.046000638730819, 4.067593025130756, 4.095657548209239, 4.125783667857722]]
FCE:[[0.030405065038004137, 0.018319668811779637, 0.0119914911247008, 0.009415695430213365, 0.008034211364143834, 0.007083580974158369], [0.023480240590146945, 0.014133053116233328, 0.009272233739400382, 0.007310887711983785, 0.006242629120299453, 0.005376461830508318], [0.019813726518241735, 0.01169951863535737, 0.007699794266618623, 0.0060569388107397405, 0.005174236523045455, 0.004588861392732546]]
