Ri:[50, 100, 150, 200]
Zi:[100, 200, 300, 400, 510]
FC:[[4.027298402028454, 4.031770996141245, 4.038646942373908, 4.047229672691772, 4.063930235873819], [4.013468299043036, 4.036709064163301, 4.06097927730341, 4.074869009941144, 4.089773275813144], [4.138539812681969, 4.1683540485824615, 4.189017688421433, 4.213898267078801, 4.2380970688816895], [4.778029974010588, 4.832054940578198, 4.863509973989967, 4.886803040298739, 4.903364373782804]]
FCE:[[0.041659369557032866, 0.028357774538465563, 0.023049092616032343, 0.019739753096520412, 0.017396547126925697], [0.020557004784709548, 0.014149647514570521, 0.011508054224793887, 0.00988537565617303, 0.00869733335843358], [0.014443452851308252, 0.009912856117226653, 0.007770425758062029, 0.006701915908231236, 0.00592942876542253], [0.013034474959650226, 0.008935639277833177, 0.007217626234616211, 0.006219706860243319, 0.005487516453370544]]
fps.ts:[1623611924.10906, 1623613873.14918, 1623615822.1893, 1623617771.2294202, 1623619720.26954, 1623621669.30966, 1623623618.34978, 1623625567.3899002, 1623627516.43002, 1623629465.47014, 1623631414.51026, 1623633363.5503802, 1623635312.5905, 1623637261.63062, 1623639210.6707401, 1623641159.7108603, 1623643108.7509801, 1623645057.7911, 1623647006.8312201, 1623648955.8713403, 1623650904.9114602, 1623652853.95158, 1623654802.9917002, 1623656752.0318203, 1623658701.0719402]
fps.e0:[10662.353883985907, 10679.745151058894, 10673.444222486929, 10693.518267675365, 10669.935023370579, 10718.261059651531, 10652.301441557647, 10655.627623098808, 10715.215896180247, 10666.327397889378, 10663.941658757252, 10670.047166894125, 10656.193499279812, 10639.938698896898, 10683.286498479769, 10693.54272062254, 10643.062582844917, 10660.481997464163, 10693.835209047524, 10657.932481413092, 10685.3433979834, 10673.417239448207, 10663.86611796992, 10674.822411027137, 10672.040900461825]
fps.e0u:[19.278894561417754, 19.215161792496154, 19.593149805867842, 19.216929213972282, 18.98658246675551, 19.338996775159544, 19.17010238795613, 19.13693736307083, 19.13078184999995, 19.380917574339364, 19.085123284612102, 19.211325649557697, 19.41076871832304, 19.252715354639193, 19.25282863983964, 19.343011142895573, 19.470400593187094, 19.404645090019567, 18.998479666627716, 19.33949117715464, 19.264510913772646, 19.640798164782172, 19.344531359396395, 19.436887133607218, 19.42021017984372]
fps.lt:[25410.070620657774, 23789.288669234826, 23543.08883703157, 20510.16629048175, 23742.93157383369, 17622.55245439068, 26242.70695200746, 26052.248150572515, 19360.30363231129, 21648.523933243338, 27265.357082246792, 21228.1745783281, 29071.366723800107, 28951.877494772438, 22633.869997097416, 20737.28961672859, 26100.340952232415, 25702.51973494197, 20234.754906490954, 25707.41147280137, 21062.409411427998, 21971.120861075728, 23677.153758792854, 20574.760524089328, 20651.10882962564]
fps.ltu:[3527.1309226812223, 3095.1421564697057, 3045.043009992369, 2282.335772370309, 3059.333002798134, 1700.2130484567697, 3732.6217670119304, 3718.28143820039, 2008.8551423750266, 2575.216247936378, 4017.4473746241842, 2438.031897609151, 4617.505322462276, 4549.610091997767, 2788.064401726147, 2350.9229418746995, 3766.4894135787413, 3607.937822444382, 2220.4250494515077, 3590.980071377549, 2419.0606832814506, 2650.482359526205, 3077.6914426717185, 2328.224463769235, 2353.6285103548976]
fps.c2:[1.0899862659774813, 2.3770627296412825, 1.1890227505495177, 1.205151826155498, 1.5005593746005297, 0.9859460178399377, 2.2877192136705347, 1.621818131984303, 1.2524701262875828, 0.8796588207882545, 1.1027950342111437, 1.9368908031991405, 1.5135960697910673, 1.2450136787192574, 1.6600256319769295, 0.7752340566604101, 1.1614402899696306, 1.802673492410984, 1.4488137363450078, 1.3771065890364045, 2.172532129850793, 2.028970255802963, 1.0509390177094446, 2.2314914184520496, 1.6890652931284298]
