Ri:[100, 130, 160]
Zi:[50, 100, 200, 300, 400, 500]
fps.ts:[1936.0672599983216, 5808.201779994964, 9680.336299991608, 13552.470819988252, 17424.605339984893, 21296.739859981535, 25168.87437997818, 29041.008899974826, 32913.143419971464, 36785.27793996811, 40657.412459964755, 44529.54697996139, 48401.68149995804, 52273.816019954684, 56145.95053995133, 60018.08505994797, 63890.219579944605, 67762.35409994125, 71634.4886199379, 75506.62313993454, 79378.75765993119, 83250.89217992783, 87123.02669992446, 90995.16121992111, 94867.29573991775]
fps.e0:[10175.178840670678, 10204.868131856068, 10256.126255068706, 10322.652837058495, 10338.825475442844, 10369.59866451479, 10422.009898438804, 10429.50886562772, 10459.87548183448, 10486.744944292343, 10511.177194210173, 10549.856860520193, 10551.467898763141, 10552.249874230085, 10553.996095935354, 10564.142647882993, 10597.658120474516, 10619.301594052164, 10632.319766533432, 10632.540229522541, 10645.853827073492, 10651.024638464618, 10646.200494625735, 10684.471591978265, 10684.53493538034]
fps.e0u:[13.043477042117882, 13.161873074708414, 13.236579527607125, 13.371214268657484, 13.417024020573649, 13.546484900961115, 13.461448742726539, 13.510534400743953, 13.337783682307087, 13.465646038620537, 13.7920195131525, 13.451277261092997, 13.49165601065715, 13.438273854818679, 13.694402822004156, 13.768202851516126, 13.6025005592144, 13.50408656784749, 13.428727436608789, 13.475009891644609, 13.548671237769707, 13.360458217688604, 13.645950491832235, 13.448483499581991, 13.589287131581795]
fps.lt:[11446.841084052725, 12192.759245510295, 11957.687432517916, 11251.303266137387, 11578.621656675772, 11851.820576952181, 10724.2983517241, 10994.548960733035, 11211.18149677982, 10939.064769240811, 10725.159689068196, 10307.943261406721, 10740.675519233513, 11613.283071061624, 11614.893437042203, 11997.252162170924, 11614.538342956817, 11202.966081055783, 11147.973511955968, 11035.668115336966, 11190.040052979233, 11783.59705122075, 12098.878179194437, 10787.404510581317, 10897.329012846913]
fps.ltu:[499.88870525686025, 570.8946887512869, 547.0226252445306, 491.0828771310027, 518.7504945702378, 545.9091748911468, 445.40705521794564, 469.0652166584621, 477.9460753908689, 462.5599950276204, 453.11486987530736, 408.2886158536949, 448.2230845155276, 514.2237176802779, 526.9651648668112, 560.7947966456381, 518.0788578382305, 479.17721778612366, 470.0017117207876, 461.73989121166613, 481.3259287176188, 522.7743759180876, 561.1406521884516, 439.6596412071945, 450.9030385562741]
fps.c2:[1.1841715233035144, 1.609287287969421, 1.1230007069149102, 0.965201589781129, 1.7923200167719042, 1.2117901423903925, 1.3349198095455892, 1.2031553171704503, 2.4217696492963636, 0.7214010442423652, 0.9474285853185243, 1.1630203034787683, 0.7925943379679761, 1.4752681682320046, 1.71934721012727, 1.8733644422033702, 1.3809555348644313, 1.64631798486243, 1.1686225473925582, 1.5503001638658584, 1.5147366842170729, 0.5524620714244763, 1.2709028614628068, 1.280712090012453, 1.9977651348022585]
FC:[[4.9523672556578315, 4.989959927236011, 5.061283769882671, 5.087927163585236, 5.117960842443008, 5.151034530872722], [5.034690034168647, 5.038640890882623, 5.096424475699862, 5.118069629002067, 5.154158477934651, 5.187259318838884], [5.130059158663039, 5.166052418950757, 5.198685009374743, 5.23069426341527, 5.262037127802114, 5.294819306432017]]
FCE:[[0.039346436430395385, 0.024128900509147917, 0.015986329308625463, 0.012522575385866324, 0.010572253043302839, 0.009307257777348608], [0.030980607284560754, 0.018210283574947084, 0.01220021257396601, 0.00958268249438512, 0.0081337736649018, 0.007176203048883433], [0.02576708287651672, 0.015492341823167702, 0.010201344027802756, 0.00803506689406034, 0.00682286832928042, 0.0060338316466797695]]
