Ri:[100, 130, 160]
Zi:[50, 100, 200, 300, 400, 500]
fps.ts:[1754.5832800006867, 5263.74984000206, 8772.916400003434, 12282.082960004807, 15791.249520006182, 19300.416080007555, 22809.582640008928, 26318.7492000103, 29827.915760011674, 33337.08232001305, 36846.24888001442, 40355.4154400158, 43864.582000017166, 47373.74856001855, 50882.91512001991, 54392.08168002129, 57901.24824002266, 61410.41480002404, 64919.581360025404, 68428.74792002678, 71937.91448002815, 75447.08104002953, 78956.24760003091, 82465.41416003228, 85974.58072003364]
fps.e0:[10892.448012015995, 10921.180996973464, 10911.078920948765, 10899.206143179203, 10896.14070813251, 10900.831039521478, 10903.6349405335, 10908.578458883994, 10920.651239111503, 10921.999588490035, 10916.26813744107, 10945.949293255182, 10911.436373397786, 10913.00919213857, 10903.269934547749, 10900.45998779142, 10938.328832058125, 10925.099467507622, 10913.220839404996, 10917.651952234588, 10929.034485052696, 10932.332864114307, 10931.814967313743, 10956.23149100845, 10927.706397087162]
fps.e0u:[11.535557020052563, 11.454890372183817, 11.633047791613084, 11.509551681351168, 11.441659131759387, 11.627440983750585, 11.33381030527588, 11.387541192711296, 11.619979050868139, 11.521481582715863, 11.724217308113914, 11.594946603797066, 11.530795722280137, 11.644106457186115, 11.694087653402722, 11.582200668933773, 11.639116334601205, 11.594804181702251, 11.571481393283351, 11.56239152041244, 11.73267342518851, 11.547390557025464, 11.592722814761045, 11.558597016276467, 11.634224369350953]
fps.lt:[6299.473155214719, 6015.553411534548, 5997.378026087658, 6245.863079466228, 6246.087198591832, 6214.99788479204, 6229.168031422819, 6287.437848050736, 6035.069241921637, 6056.84827829659, 6144.183211038104, 5821.893145236409, 6169.679012193376, 6129.846891199424, 6322.23692561337, 6282.702132918734, 5975.7510677289665, 6083.0052890584875, 6197.3406664360655, 6116.332280596857, 6117.6739094781915, 6014.204483500946, 6096.805295187583, 5859.811479257219, 6137.241470767915]
fps.ltu:[124.96209265141846, 114.35959308251519, 114.26063502056986, 122.98842014160468, 122.17428587001643, 122.51852142020861, 120.80714962275363, 123.61084700335961, 115.37280658307351, 115.74624772217975, 121.49134225241924, 107.58116836262404, 120.31797627789034, 119.56037030531571, 128.01044368278238, 125.62830409683521, 113.91190271026794, 117.25230032896083, 121.78805112824307, 118.6946543332864, 120.06203676514647, 114.62562639574588, 117.90438733871156, 108.31892005408696, 119.7052174832696]
fps.c2:[0.8712694623833797, 2.4038594260965684, 2.1966397819366565, 1.0523670074873839, 1.4449630011002437, 1.851003063157852, 2.418860673565235, 2.276050491959651, 0.944008530836019, 0.7155208446966651, 2.223110592323517, 1.8632422961261903, 2.1194864275365655, 1.5344670674030225, 2.066017746250961, 0.8774329631116989, 1.0111787747616954, 1.7720239942075031, 2.293608474392954, 2.115444357899604, 1.466474839963265, 2.5796670912883872, 1.0304046438302807, 3.9424551445648177, 1.7054221337102753]
FC:[[3.8572582350653457, 3.878270133203634, 3.9185155661973132, 3.9702567212387576, 4.034775266733034, 4.11191810966016], [3.891269655243377, 3.907115064198652, 3.960819139262349, 4.024176836838185, 4.0951133737025955, 4.175863767725201], [4.031989332740416, 4.022395121692957, 4.072502880163116, 4.133139637427917, 4.210074766087119, 4.288827652993345]]
FCE:[[0.030405769492671427, 0.016761697533948607, 0.01035305542769097, 0.007896308860576354, 0.006767064768768728, 0.00610208275717346], [0.024249104404364088, 0.013107765718885073, 0.008084782957319297, 0.006171026385656758, 0.005298641132780884, 0.004786372294113794], [0.020961349405821363, 0.010810853739966389, 0.006628444836089169, 0.005206022738442033, 0.004377593732932444, 0.003945711677720983]]
