Ri:[50, 100, 150, 200]
Zi:[100, 200, 300, 400, 510]
FC:[[4.118043869501787, 4.060294541651991, 4.051638298071526, 4.045123052683804, 4.051189813012103], [4.031818410369935, 4.022867139646374, 4.041940509265167, 4.057020592835257, 4.071959637507436], [4.135790412006884, 4.166809734815618, 4.185814385273708, 4.209888584744315, 4.234970605149792], [4.731386258101901, 0.13952471191150673, 4.8146011338660175, 4.839373520585917, 4.865077366342703]]
FCE:[[0.05233819460894295, 0.03473547168463397, 0.02780488592695618, 0.023923522205718376, 0.021200920376889705], [0.025553244989738953, 0.01724470701117481, 0.01394884574131841, 0.012072857147285858, 0.010649642412801603], [0.017225856258438553, 0.011836545663894964, 0.009525632664162485, 0.008245698641871912, 0.0073056985581926226], [0.015913137754842144, 177396.6138222081, 0.008788846027388513, 0.00758880157276493, 0.006723782058003832]]
fps.ts:[1620635640.06704, 1620639121.64912, 1620642603.2312002, 1620646084.81328, 1620649566.39536, 1620653047.97744, 1620656529.5595202, 1620660011.1416001, 1620663492.72368, 1620666974.3057601, 1620670455.8878403, 1620673937.4699202, 1620677419.052, 1620680900.6340802, 1620684382.2161603, 1620687863.7982402, 1620691345.38032, 1620694826.9624002, 1620698308.5444803, 1620701790.1265602, 1620705271.70864, 1620708753.2907202, 1620712234.8728004, 1620715716.4548802, 1620719198.0369601]
fps.e0:[10714.822288636713, 10754.58331492053, 10711.35385308574, 10753.279244080511, 10763.757567858134, 10760.89841490322, 10748.842675409953, 10726.468859716679, 10736.862825994871, 10735.602686945698, 10768.270832564187, 10781.507184103244, 10770.114332936508, 10736.03353657537, 10763.035578049814, 10785.233175021755, 10735.11148599139, 10709.100611224982, 10749.350114093562, 10758.117745866959, 10726.03382549262, 10709.881215055642, 10743.682653684427, 10753.750031974494, 10738.904075407723]
fps.e0u:[23.85678937643767, 23.370577793905845, 23.615727924038556, 23.453823356645454, 23.556268240332994, 23.384555980681547, 23.473494047559658, 24.07788436497319, 24.038491481846492, 23.962489596870867, 23.71701413902955, 23.62999695305085, 23.765084301923466, 23.855599436086372, 23.928685800567322, 23.643263823605363, 23.86719993434036, 24.15100400923901, 23.79185181216338, 23.4166957954062, 23.520398949257906, 24.255621005511273, 24.335122814500433, 23.89391516152339, 24.02408742986391]
fps.lt:[23298.855469709117, 18335.753963096788, 24156.537433155794, 20649.195515398136, 18730.893933944815, 16178.89736381343, 19316.098868036097, 20956.93081914114, 20089.31899670972, 22476.93450482534, 16821.434551728184, 17266.677191715127, 16722.735812592764, 20376.096595230756, 18998.592652025465, 17328.40414735862, 21625.714695757655, 24056.4064571403, 18434.47847873676, 20895.28006706728, 22242.416668982827, 23299.16653579811, 19472.848188110318, 18550.069070581336, 20448.889473487117]
fps.ltu:[3631.9135358388976, 2212.09079603678, 3883.963685251686, 2806.988217075391, 2316.0841673751543, 1724.4461224354138, 2469.7185219463377, 2946.3081204981863, 2737.274118548098, 3400.129974144142, 1899.7208506809704, 1969.2868429856132, 1871.5620338389094, 2785.6942242075806, 2423.5734100793916, 1982.6615330174477, 3135.2515044323554, 3914.0871540393905, 2271.8996267542425, 2872.235087427292, 3266.2947814154245, 3682.293134287944, 2588.8827157328, 2301.185817739951, 2813.7387039168507]
fps.c2:[1.8622112687141867, 1.394328368008414, 0.7762199333205898, 2.218084738798627, 1.5772351104871851, 0.6496463394516911, 1.4416016073383249, 0.8106939772991494, 0.9470933723256508, 1.809845513219726, 1.2143981787007823, 1.730184721545452, 2.18253194425152, 0.5422505641268306, 0.9806967309125962, 1.5790281434440188, 2.4046707006450116, 1.1511453710451849, 0.6570546132052483, 1.1927649656669383, 1.4399204201891536, 0.7912682347266371, 0.4074787238961684, 1.6235248998209946, 1.3954996312575634]
