Ri:[100, 130, 160]
Zi:[50, 100, 200, 300, 400, 500]
fps.ts:[1995.5471399974822, 5986.641419992447, 9977.73569998741, 13968.829979982376, 17959.92425997734, 21951.018539972305, 25942.112819967268, 29933.207099962234, 33924.30137995719, 37915.39565995216, 41906.489939947125, 45897.58421994209, 49888.67849993706, 53879.77277993202, 57870.86705992698, 61861.96133992195, 65853.05561991691, 69844.14989991188, 73835.24417990685, 77826.3384599018, 81817.43273989676, 85808.52701989174, 89799.6212998867, 93790.71557988165, 97781.80985987664]
fps.e0:[10726.191775658492, 10747.713174383032, 10743.730719759653, 10731.593602587664, 10769.763356067953, 10749.847469277442, 10758.418474109902, 10765.538741760474, 10768.17132119666, 10759.07884057872, 10754.602225721015, 10766.313805264344, 10768.407052963807, 10752.415612859675, 10768.14463394695, 10768.73862070346, 10750.599855383356, 10775.783575212035, 10761.056510076072, 10755.585044195514, 10779.84987746793, 10779.79780207722, 10799.696458664039, 10773.87225870151, 10769.175554200401]
fps.e0u:[11.733570902428015, 11.679615832579199, 11.583721456397852, 11.620274633209345, 11.590567533671656, 11.787312609275483, 11.585716870838525, 11.601333902252971, 11.716954442747948, 11.713059005403052, 11.500007935781056, 11.806312881860496, 11.720611927980327, 11.807820256080651, 11.689142869208418, 11.734915676560451, 11.657493305967192, 11.60767709794525, 11.701562384391115, 11.612420143908864, 11.824463552302381, 11.757359697296144, 11.664668355924286, 11.619026830730025, 11.63200037450248]
fps.lt:[6323.389598907012, 6030.783625193847, 6089.284382681722, 6212.673746024251, 5715.656445845928, 6071.598424049454, 5981.59293732528, 5883.898374743824, 5834.382479399865, 6046.963598148435, 6124.791212158146, 5961.248491475903, 5976.153978385772, 6190.049459237292, 5956.844341709292, 5960.386920267243, 6177.054096962914, 5973.108132605914, 6049.709882980794, 6118.059136755998, 5861.890369041397, 5927.763315204759, 5744.722694263155, 6042.548771256401, 6004.941635057388]
fps.ltu:[128.30568416104836, 116.49439125242692, 118.50256160207293, 122.94283972970156, 105.16557258511497, 119.02587668782219, 113.63943340150746, 110.66075042161984, 109.60459244799912, 117.30407100120269, 118.9215464210098, 114.86800979655591, 114.89445846338488, 123.83148952035933, 113.57613376697228, 113.87169095360474, 122.27877736875833, 114.10945768212639, 117.69858296188517, 119.50636487966439, 110.99981263099816, 112.2541253885709, 105.60778470985241, 116.71128813956416, 115.48573034699537]
fps.c2:[2.909970150905861, 2.5061906449823366, 1.5155879653358015, 3.049474965337132, 3.001448195963303, 1.9342676971722952, 3.722953431654835, 3.046086092304147, 3.253622734891332, 1.9946280310254259, 2.7113542973230085, 3.4684873861385928, 2.6262915645161087, 2.6585592686466746, 2.421672366412027, 1.8655222821497364, 2.507827041124025, 3.127020614798948, 3.595998610112782, 4.637130644518217, 2.387380675996126, 2.031077934231823, 2.970832301389452, 2.9545923799937843, 2.141310972533215]
FC:[[3.8325391658365247, 3.8194259184410964, 3.8604582211789094, 3.91895821863987, 3.986926743794082, 4.060609749787376], [3.8143669142778855, 3.8428544032103527, 3.901838264742902, 3.972064697439381, 4.047696941706105, 4.123192276059405], [3.9273651153765745, 3.9738049208380724, 4.034030654631206, 4.105531495912207, 4.17569789947486, 4.255804879037601]]
FCE:[[0.03294019267315424, 0.017617085288027023, 0.010581812388104551, 0.008287405498825388, 0.0070149952256705886, 0.006051969132820002], [0.025357758280893764, 0.013267598217086375, 0.008127596579136661, 0.0063815673690406595, 0.005298996501329444, 0.004718259791702022], [0.0217134743084771, 0.010937767120968441, 0.006680182654146133, 0.005246597461069673, 0.004470755273135651, 0.00390304088259949]]
