Ri:[100, 130, 160]
Zi:[50, 100, 200, 300, 400, 500]
fps.ts:[1702.4241000032425, 5107.272300009728, 8512.120500016212, 11916.968700022699, 15321.816900029182, 18726.665100035665, 22131.513300042156, 25536.36150004864, 28941.209700055122, 32346.057900061605, 35750.906100068096, 39155.75430007458, 42560.60250008106, 45965.450700087546, 49370.298900094036, 52775.14710010052, 56179.995300107, 59584.843500113486, 62989.691700119976, 66394.53990012646, 69799.38810013294, 73204.23630013943, 76609.08450014592, 80013.93270015239, 83418.78090015889]
fps.e0:[10810.393084362666, 10806.701815596334, 10792.572091666336, 10811.626256978014, 10792.667532862843, 10805.30985827526, 10803.809715570946, 10814.110532210405, 10801.362938417868, 10801.499580591844, 10811.809089411163, 10819.899760659919, 10810.731975487079, 10820.294332401485, 10823.417115443588, 10795.190633411179, 10807.206773250455, 10821.993308989575, 10798.51774771366, 10809.589264968887, 10826.247401381732, 10796.528749578867, 10819.745106883589, 10817.79132367441, 10840.263593944923]
fps.e0u:[11.881666209254586, 11.786277099172796, 11.816459287825836, 11.827644194519266, 11.970495219542657, 11.876942542508479, 11.97176991661606, 11.885741055743773, 11.816140484601373, 11.779890446406995, 11.777324809645863, 11.968071703458376, 11.832382816047144, 11.942528386806444, 11.804515378179078, 11.840455700025533, 11.845293558589029, 11.84872133048471, 11.976522454017886, 11.842657659344075, 11.928380729613998, 11.936909048126246, 11.900296381868998, 11.907585211819619, 11.94500203838898]
fps.lt:[3121.2019078888975, 3172.0716630346565, 3196.686828292221, 3134.2135239248933, 3164.025224942661, 3167.1722004703297, 3169.2261113732693, 3121.541868329223, 3174.6213516417074, 3194.0383640084965, 3127.2483313822136, 3111.9550949972386, 3145.55616022664, 3116.0607684009306, 3088.6199709106727, 3196.912169206889, 3129.8083785341673, 3083.4612284207496, 3182.395334590224, 3147.147648755502, 3086.0867224287035, 3165.0063270556698, 3101.3570438987995, 3095.294112743999, 3069.2160209611393]
fps.ltu:[33.67186560220623, 34.61438881606468, 35.332586765912154, 33.8506847343455, 35.01283969132296, 34.81100105142507, 34.8789799161064, 33.90140384203146, 34.75862265476508, 35.070725910981686, 33.68371991724066, 33.68372264865843, 34.34476932271752, 33.68460461763781, 33.11474814883474, 35.39705539256883, 33.84946313037903, 32.80891502042673, 35.31557478571505, 34.069811935681315, 33.14732562974215, 35.127041788306705, 33.50390495123619, 33.289878569083434, 32.71891722852979]
fps.c2:[1.153817106196327, 1.8998663935588875, 1.9042959946315692, 2.2722188524264864, 1.1177891590895508, 2.7234683670484108, 1.7978536085707442, 2.1717109227275397, 0.8449533109052005, 1.395467203915217, 1.481980026452701, 2.120247424033243, 2.2139286221431553, 2.6300620810440245, 0.9459906214572047, 1.7713562440742274, 1.725557669331368, 1.6060544981221656, 1.2224267019583153, 1.7730705630293333, 1.3355347331733787, 1.1955931038608063, 1.2066866779678997, 0.5129738704622722, 0.7538255388385742]
FC:[[3.755854462430525, 3.812056468945092, 3.883071164862622, 3.9619247599465766, 4.044028492712696, 4.124136798103142], [3.8229224208032546, 3.8679361614393417, 3.943119061372179, 4.0238335030205725, 4.103149646790257, 4.182585650780364], [3.963725582025555, 3.996917074233824, 4.086584201835762, 4.168519924771391, 4.248809502742785, 4.325909846106384]]
FCE:[[0.032316316728742085, 0.015550164801226006, 0.009654783988183424, 0.007838638291861709, 0.006764415162222351, 0.006211303340053003], [0.025676019068873554, 0.01224195326534542, 0.007576938522021073, 0.006005295437724842, 0.005310629515796928, 0.004763913914608125], [0.02153878144540907, 0.010247722390550317, 0.006350223925172228, 0.005049644902185068, 0.004456865037666754, 0.0040893378651290285]]
