Ri:[50, 100, 150, 200]
Zi:[100, 200, 300, 400, 510]
FC:[[4.046960887628804, 4.037361770895055, 4.0494570234414775, 4.07408024150623, 4.076869732888931], [4.023732251309355, 4.044084566873907, 4.05714098956512, 4.07809161189678, 4.098909946287977], [4.156587960193864, 4.170263475770403, 4.194982256386693, 4.229715336320415, 4.257647647877822], [4.797098745793284, 4.822639156925785, 4.861662241870975, 4.8970930780880755, 4.919297738118534]]
FCE:[[0.04360885698982406, 0.029458650294333952, 0.023747835162584382, 0.02063685588865917, 0.018057369775768637], [0.021577341378332025, 0.014640614886260185, 0.011807029762180277, 0.010206175927678822, 0.009034441663426833], [0.015143868354689578, 0.010239497630267675, 0.00827441667391764, 0.006989386089230796, 0.006190617611489782], [0.01367182998488126, 0.009266366170322574, 0.0075095452659526595, 0.006497755010328858, 0.005744899051381754]]
fps.ts:[1617360733.44314, 1617364171.4974203, 1617367609.5517, 1617371047.6059802, 1617374485.6602602, 1617377923.71454, 1617381361.7688203, 1617384799.8231, 1617388237.8773804, 1617391675.9316602, 1617395113.98594, 1617398552.0402203, 1617401990.0945, 1617405428.1487803, 1617408866.2030602, 1617412304.2573402, 1617415742.3116202, 1617419180.3659, 1617422618.4201803, 1617426056.4744601, 1617429494.5287404, 1617432932.5830202, 1617436370.6373, 1617439808.6915803, 1617443246.74586]
fps.e0:[10696.242458658844, 10681.45663795742, 10656.254356025805, 10666.618214398697, 10715.524215865416, 10676.942876943567, 10668.913416506222, 10672.503702330354, 10690.311024979834, 10690.867422248615, 10692.723346492825, 10698.257434261428, 10675.156788290258, 10679.69715952196, 10668.642405239532, 10681.589707702698, 10669.37802083024, 10678.71469719575, 10668.435345429909, 10687.656136321386, 10670.131378178736, 10682.149357878767, 10677.302630447679, 10705.236153640248, 10695.245587390453]
fps.e0u:[19.986341759100746, 20.063753409398714, 20.063552148742982, 19.677367983519517, 19.87748603892896, 19.969244662930443, 19.947577672655147, 19.940764073985616, 20.021083774577892, 19.89944983156991, 20.099785916962148, 19.97751578831451, 20.236244079314506, 20.257631733427164, 20.14252879842643, 20.000428636011645, 20.03512819139196, 19.790110550958598, 19.914577284595683, 19.907877754805124, 20.012741122817804, 19.79021760526775, 19.68999885445317, 19.97866231120337, 19.78999141635309]
fps.lt:[17116.761274492554, 19168.32143675263, 22086.66223878844, 18892.701011054145, 16881.676783916326, 19024.38835156928, 20271.269498104906, 18493.122664060425, 17793.596565543452, 17694.438596821474, 17501.505147926775, 17897.337089912402, 19663.038286244635, 17194.399858762867, 20095.051587169874, 20238.222853042822, 21195.50103974122, 17533.829458247896, 20783.326959318103, 19522.334203336613, 20352.783310877672, 17451.20204431368, 21515.570469038616, 17861.6152216382, 17816.413990809662]
fps.ltu:[1648.8746491204417, 2076.4427025697637, 2747.976558470635, 1992.493894688957, 1597.0986730282027, 2053.4525410963165, 2325.5384454245814, 1924.8742366848403, 1787.835499190318, 1755.5679235739497, 1737.2491437752656, 1799.0362648375233, 2196.0623894207506, 1694.7958275400686, 2290.3957118108747, 2307.1461662414954, 2539.073022562269, 1741.6413341618854, 2434.491687047117, 2143.0627421849917, 2360.2110456759347, 1702.7690663350018, 2578.308377370457, 1782.64556244492, 1772.3949232925506]
fps.c2:[0.7214455880173103, 0.8072832705427774, 0.9858393268841972, 1.9409946484133305, 1.7710408782339613, 1.4685314034922503, 1.2650996010145645, 2.0134563419973714, 1.8719586375227795, 2.093149098364843, 1.4351581928275168, 1.934711017968032, 1.3740955459088702, 0.7236285182571098, 1.0068868013455061, 1.7291150232922587, 0.814635082242691, 1.6501313480564295, 1.640820341629098, 1.578907903742118, 1.4161856378863804, 1.0349867244417268, 0.8916570387396207, 0.840225789358291, 1.1992593099805833]
