Ri:[50, 100, 150, 200]
Zi:[100, 200, 300, 400, 510]
FC:[[4.069391864715189, 4.0605485080694566, 4.042525625979636, 4.071268237667589, 4.073026252132405], [4.028191516149249, 4.037029627328946, 4.041369844849141, 4.070848200301, 4.091193628569801], [4.165440835907944, 4.165400889685685, 4.184190424874816, 4.21491352242714, 4.234672100964071], [4.756760365698562, 4.790713680136066, 4.819328328766156, 4.854977903872281, 4.8697958382499404]]
FCE:[[0.0476181741219124, 0.03251746075345806, 0.026436701359340016, 0.02300606445177749, 0.020262514451692328], [0.024215068030698256, 0.016391399198178825, 0.013260174750450658, 0.011158399207459764, 0.009855648596469993], [0.016721106651789386, 0.011253114464579436, 0.009067940884188207, 0.007822718166348615, 0.006904107687076778], [0.015142637601900327, 0.010304805943342888, 0.008323168269802018, 0.007187298247619899, 0.006347240607081799]]
fps.ts:[1619501927.77982, 1619505402.1574602, 1619508876.5351, 1619512350.9127402, 1619515825.29038, 1619519299.6680202, 1619522774.04566, 1619526248.4233003, 1619529722.80094, 1619533197.1785803, 1619536671.55622, 1619540145.9338603, 1619543620.3115, 1619547094.6891403, 1619550569.06678, 1619554043.4444203, 1619557517.82206, 1619560992.1997004, 1619564466.5773401, 1619567940.9549804, 1619571415.3326201, 1619574889.7102604, 1619578364.0879002, 1619581838.4655404, 1619585312.8431802]
fps.e0:[10703.335176118293, 10760.44985182804, 10689.715604077071, 10714.173649338074, 10746.41598972816, 10771.633863751907, 10688.449184530135, 10780.886843462686, 10769.61608429225, 10785.822888270628, 10731.671028453999, 10718.429296438642, 10699.163877803885, 10717.567748916725, 10719.811807095404, 10713.902678399832, 10743.736898403788, 10737.422548774948, 10712.18644884342, 10729.761807414, 10725.710768120032, 10742.967619661644, 10714.934943489907, 10754.736896423381, 10718.044774648792]
fps.e0u:[22.68971177810175, 22.275995346841185, 22.37540312646848, 22.406307318601925, 22.291351548865773, 22.3571452223341, 22.71585501277967, 22.49955973003845, 22.528324462818077, 23.028769189761157, 22.542087743300236, 22.124073456766297, 22.242780949250882, 22.528864629658003, 22.33754575307005, 22.683466117002926, 22.460356340989915, 22.327811914434886, 22.673044100017766, 22.631296502029258, 22.29455988282539, 22.656255102204444, 23.124369625593378, 22.259850759810988, 22.83278174490406]
fps.lt:[22579.48655212271, 16288.650453504551, 22064.320282150416, 22041.215590676453, 18623.43690910802, 17768.900552649568, 21868.087005705576, 15687.28476969529, 17323.059350541862, 15725.216914048502, 18455.82426816887, 22377.16620861839, 23160.093509944232, 22297.99369498892, 21031.755286843894, 20816.76486547271, 20361.18193974185, 19100.808436564905, 21000.387563664393, 18956.37251502158, 19910.77102017538, 16329.929594206944, 20103.705996914043, 18843.30847619175, 21161.610958982274]
fps.ltu:[3251.059547327611, 1671.9285694175041, 3037.120923642944, 3070.5912015220188, 2179.329607871605, 1975.7866002268174, 3057.614930161786, 1553.10129998354, 1878.0123597813258, 1591.429495976889, 2164.422780527458, 3127.852972196117, 3375.7883398332538, 3134.1456463110703, 2777.5654159774767, 2728.667959251157, 2601.0719615450494, 2282.955822349888, 2793.0581954366285, 2289.8664365804007, 2512.236787884857, 1700.466370470324, 2601.7415950977443, 2217.415713224831, 2887.2118855607614]
fps.c2:[1.0703286664244798, 0.6130341457668682, 1.1432474083105881, 0.6844493017025234, 1.255555078992843, 1.3861001986860926, 0.8046717845090954, 1.94860681695033, 1.209524369254276, 1.3344979296035306, 1.350104622782316, 1.4866259640522925, 2.923330835177753, 2.0750263202345716, 1.5439023839596389, 1.1493491477019055, 1.8462071550934085, 1.2080912119329072, 1.1158930608689563, 1.3484750274706838, 2.16028752086858, 0.3336554597485955, 0.8476036726305967, 1.6769244646651449, 0.5134912853732535]
