Ri:[100, 130, 160]
Zi:[50, 100, 200, 300, 400, 500]
fps.ts:[1451.0309600019455, 4353.092880005836, 7255.154800009727, 10157.216720013617, 13059.27864001751, 15961.3405600214, 18863.40248002529, 21765.46440002918, 24667.526320033074, 27569.588240036966, 30471.650160040852, 33373.712080044745, 36275.77400004864, 39177.83592005253, 42079.897840056416, 44981.95976006031, 47884.0216800642, 50786.083600068094, 53688.14552007198, 56590.20744007587, 59492.269360079765, 62394.33128008366, 65296.39320008754, 68198.45512009144, 71100.51704009532]
fps.e0:[10635.375821724721, 10635.26968252908, 10655.927470138924, 10654.518525742307, 10669.233177166785, 10660.729882579517, 10653.248888908924, 10670.412811921238, 10679.854261316148, 10677.546521160884, 10661.653114657593, 10698.038080749617, 10667.875362773832, 10694.635468258859, 10706.548558022207, 10663.964016238915, 10718.370607452405, 10714.80224605282, 10661.223748687973, 10672.190303874055, 10699.627590439046, 10718.174772124035, 10719.59464585877, 10714.857268391883, 10713.141892583317]
fps.e0u:[16.041971104616547, 15.919603619791987, 15.981467878099908, 15.811519089710988, 15.937404573091223, 16.02773512254799, 16.066973408788094, 16.20605611472183, 15.97333926778378, 16.080689094075755, 16.11427525248084, 16.15584115176714, 16.039543377116896, 16.066790821711077, 15.973638723913671, 16.42030736144617, 16.06116843177217, 16.278466348379755, 16.193103128985427, 16.10610284982745, 15.981158446813177, 15.915489349106435, 16.029963496431407, 16.17331434116049, 16.198449272056777]
fps.lt:[9782.347545864273, 9526.367057458267, 9083.298142374835, 9367.73655895522, 9041.17772543693, 9176.495780285624, 9657.627987699881, 9491.288107192315, 8973.439235827238, 9339.636567099114, 9846.57851836184, 9298.812256405317, 9527.275521828207, 8862.751233690844, 8671.758113872023, 9766.782024438926, 8674.12459454485, 8635.742317779092, 10181.73807236352, 9763.11950902563, 9284.513481246564, 9144.436438861983, 8918.424298398368, 9007.028745265883, 9213.690845620731]
fps.ltu:[430.963258094452, 406.5539101991662, 368.76137339656754, 389.0684649548494, 367.46802177860275, 381.46982443985246, 418.7276231987715, 407.4026691932908, 359.5353690228186, 393.175444484671, 439.4674638527199, 388.2525554423918, 408.27993828527116, 355.1396700846431, 336.63477316141956, 436.3912262925384, 339.1381979529913, 338.0975188062348, 469.4495585473265, 429.9609318672976, 385.51146821747426, 373.3952650601231, 359.3736718328045, 369.0165524715152, 385.86962352172003]
fps.c2:[0.6578885297629028, 1.0653225760293992, 1.2892862482656047, 1.8545645259620955, 2.8457228843593216, 0.8843053544488009, 1.8544229528335245, 1.2754778218850262, 2.7051256772151273, 1.1277293176279988, 1.0493593898791798, 1.7248960809151332, 1.9148765734029334, 2.234974686941036, 0.6696112229687519, 1.5839402696898293, 1.1783223103583078, 0.8912697073772903, 2.310453989106937, 1.7058901474311425, 1.724618748592979, 1.0893566286576346, 0.9471698610126122, 1.8976560990709666, 0.7318234089419453]
FC:[[3.8266388960194386, 3.919427516543325, 3.9267501339300055, 3.96042892511886, 3.9863728054706438, 4.032747391625343], [3.861432162996495, 3.9304906700411917, 3.9619348637279375, 4.0123260320881675, 4.03823835001226, 4.075729568193621], [3.9843264297554746, 4.034704304187126, 4.095400386097001, 4.143590873135508, 4.175278463392989, 4.211028656552431]]
FCE:[[0.03731038289395108, 0.023222939887517408, 0.01518929463406111, 0.011967724910676497, 0.010065041768933093, 0.008746840222896714], [0.0294684704960176, 0.017900472583847915, 0.01173054486805915, 0.009082587268788479, 0.007648917792101636, 0.006763437704752859], [0.025000814214014178, 0.014764129067010362, 0.009507689449972578, 0.007503944025396309, 0.006349596040661155, 0.005618193755186233]]
