Ri:[50, 100, 150, 200]
Zi:[100, 200, 300, 400, 510]
FC:[[3.9329807920422546, 3.9992804655897065, 4.006944010641877, 4.04701252037824, 4.084228210199586], [4.047731312852683, 4.0615760707292905, 4.061110213850944, 4.086262547814186, 4.115215723516781], [4.133797572009409, 4.171960363727078, 4.184929087316787, 4.220188137300212, 4.25289060208466], [4.696564123942705, 4.763683602728376, 4.7921828668045565, 4.84419743639174, 4.877279599373275]]
FCE:[[0.05154495254921058, 0.035323691665964864, 0.028682607601513817, 0.02476523130452737, 0.021728033637072538], [0.02627246207054193, 0.017880036072648528, 0.014303322663797306, 0.012300992634698697, 0.010826570165496789], [0.01798765665650477, 0.012332480734753739, 0.00988989949485038, 0.008543117890478376, 0.007539706568990587], [0.01702175612119578, 0.011553979320317523, 0.009330024479258493, 0.008102103974554705, 0.007152102378955029]]
fps.ts:[1609765178.9281602, 1609768160.49048, 1609771142.0528002, 1609774123.61512, 1609777105.1774402, 1609780086.73976, 1609783068.3020802, 1609786049.8644, 1609789031.4267201, 1609792012.98904, 1609794994.5513601, 1609797976.11368, 1609800957.676, 1609803939.2383204, 1609806920.80064, 1609809902.3629603, 1609812883.92528, 1609815865.4876003, 1609818847.04992, 1609821828.6122403, 1609824810.17456, 1609827791.7368803, 1609830773.2992, 1609833754.8615203, 1609836736.42384]
fps.e0:[10083.372472901317, 10051.911595531217, 10097.998298937531, 10110.40955297172, 10085.527577567203, 10080.84193515673, 10055.640285627287, 10101.542746099734, 10078.372857705786, 10081.923373137957, 10089.896089163012, 10074.345692769812, 10057.613318785106, 10082.754015084172, 10048.901861353892, 10043.378498887678, 10089.478084026836, 10051.0678767031, 10056.563897629301, 10046.255804819508, 10058.996725461582, 10097.831214940055, 10081.705272579002, 10098.168869047526, 10027.037100250054]
fps.e0u:[23.8567635073959, 23.369620821334177, 23.29719564742124, 23.467113649326166, 23.551136551513423, 23.586406101530002, 23.69545874433168, 23.20434393887061, 23.769150545712975, 23.44644209194941, 23.90387571881396, 23.659124816492895, 23.825235019838413, 23.58165024211996, 23.913342440559198, 23.69796529064598, 23.86676063098308, 23.809483294879332, 24.28273247951816, 23.967002932243698, 22.99439704953459, 23.59269876680997, 23.639762926136996, 23.740472637404185, 28.46177460694068]
fps.lt:[16694.448519847687, 18468.97314878256, 15259.364254755697, 14376.601401398377, 16425.51747428092, 16467.91283348663, 18034.95118451508, 15785.206729158956, 16114.471035907498, 16353.995413906354, 15719.766446626498, 16121.659261261744, 17933.26539616953, 16695.92370786124, 19414.409175302542, 19205.417099264578, 15946.272732078876, 21107.885426107725, 17810.582167371456, 19945.65967254365, 18323.070757067195, 15175.833584078324, 17190.784885188215, 15831.26815794956, 20472.38588661737]
fps.ltu:[1985.2582321866184, 2372.263679486779, 1634.5852245661172, 1443.757264498488, 1891.8391058265213, 1897.221749362255, 2276.866208044692, 1724.4896900933022, 1838.720509765605, 1867.54396805703, 1767.281387749359, 1833.648627403497, 2278.3108428432174, 1958.609070450385, 2695.9616396148604, 2603.0812506531734, 1817.752006607246, 3143.8560485542216, 2262.420446382345, 2825.806941482091, 2320.9215687111587, 1613.0474343667806, 2080.519088965764, 1761.7599539277003, 3569.596446736089]
fps.c2:[0.7335591879063248, 2.453376768669714, 1.3900873436016192, 0.6835792964327685, 1.2498048806082553, 2.644850347081925, 1.2835435165153422, 0.9524873524244888, 0.6059209869647072, 1.4097860003262925, 0.748411331792781, 1.0036663845982774, 1.9610452943400247, 1.4664170462956332, 1.1480976530210467, 1.0518812247847757, 1.5788766915969936, 1.4098143320602328, 0.9458794771482538, 1.691232397397457, 1.5049409987641564, 1.6246958370007232, 0.808132611274424, 1.4189345066787593, 0.847146302586638]
