Ri:[100, 130, 160]
Zi:[50, 100, 200, 300, 400, 500]
fps.ts:[1699.5047999954224, 5098.514399986268, 8497.523999977113, 11896.533599967957, 15295.543199958804, 18694.552799949648, 22093.562399940492, 25492.571999931337, 28891.58159992218, 32290.591199913026, 35689.60079990387, 39088.61039989472, 42487.61999988556, 45886.62959987641, 49285.63919986725, 52684.6487998581, 56083.65839984894, 59482.66799983979, 62881.677599830626, 66280.68719982148, 69679.69679981231, 73078.70639980317, 76477.71599979402, 79876.72559978486, 83275.73519977569]
fps.e0:[10910.673726115365, 10894.959941736712, 10926.287549717561, 10909.630588257956, 10916.304873744648, 10940.055015913938, 10926.40366959543, 10924.761745990241, 10930.782519599154, 10923.079700646114, 10901.712723252964, 10910.717302125691, 10921.907592830092, 10897.382277322675, 10912.54256744171, 10939.64192028127, 10939.180877024675, 10921.207992549702, 10911.53922099331, 10899.947796093704, 10922.616987547552, 10883.855060011138, 10926.699467729333, 10954.056166709392, 10929.601264632132]
fps.e0u:[14.711064431489218, 14.578205494492446, 14.487486286820696, 14.732408592665571, 14.622135887392735, 14.499641107290616, 14.73039473869867, 14.443981984788527, 14.677507298655359, 14.610334038954207, 14.701762616496252, 14.509675262590113, 14.700426921404116, 14.638390773388814, 14.756136832428904, 14.696227984348432, 14.837943656792769, 14.66866008971954, 14.492972400117676, 14.662942802879604, 14.563846454329632, 14.553174190103652, 14.73581799273768, 14.734366819209166, 14.629985677197409]
fps.lt:[13122.082277242816, 13571.908270965849, 12713.915396431066, 13361.600204287266, 13040.656229344648, 12153.278085997057, 12552.676981477798, 12854.159374301238, 12644.035760922918, 12831.99334535436, 13378.473912273908, 12951.72729004384, 12408.813651712519, 13891.02467285097, 12949.29569672888, 11903.40138074141, 12201.753411774016, 12792.061402624873, 13374.795390966578, 13867.314433246544, 13369.20428002187, 14369.774950201225, 12638.27358610234, 11301.080292111144, 12683.317434834311]
fps.ltu:[697.2886657443079, 737.4540176454266, 644.9243068254985, 727.9115372092803, 685.5162275648211, 593.8096178673187, 636.4736318521775, 659.7531200237692, 645.2710875292958, 665.6228296793494, 728.5140188331204, 676.9018108279438, 621.993574166259, 776.5493650553022, 681.8536436527417, 572.6820819806292, 608.2699075117376, 659.1688238632047, 715.1466687111196, 778.2495935429586, 719.2079284564221, 830.1406805379523, 645.7584589403798, 518.9359456904434, 650.8071295070017]
fps.c2:[1.6619908332305426, 1.481435823140655, 1.3565447025609612, 0.7086481666888422, 1.056039678982232, 1.2735421655143477, 0.7000402799103261, 1.155897120245202, 0.8115894088833984, 1.1428858049300958, 1.524633879306929, 1.3762668047799913, 1.4763577932219276, 1.7667368016015728, 0.7883113351057223, 0.9589330096405847, 0.5352601847639449, 0.676605464819665, 1.7472351420059282, 1.9145682820891952, 2.1136639779700923, 0.6397033839586233, 1.4452143616435995, 1.4017608831863375, 2.2517324288818195]
FC:[[3.825371905020794, 3.8631217863059404, 3.868190505269317, 3.888275041038775, 3.9152329587463477, 3.946205234992356], [3.8675884511392535, 3.9176389165963457, 3.9302263497459244, 3.950246197883696, 3.972857440512955, 4.000507676505174], [3.9935280434655596, 4.046202843999451, 4.067718701735713, 4.089798154775842, 4.11200857281383, 4.140598098334437]]
FCE:[[0.03241322934707597, 0.02034957457474162, 0.013379901350416638, 0.010552482034044637, 0.008980039107613233, 0.007923846553903406], [0.02483486921498184, 0.01571178574282933, 0.010361672600041347, 0.008187926313700439, 0.006983228396876482, 0.006180794102541613], [0.02094246868344119, 0.013143756314584192, 0.00865439191563332, 0.006837058133873036, 0.005833411830707316, 0.00504687833132944]]
