Ri:[100, 130, 160]
Zi:[50, 100, 200, 300, 400, 500]
fps.ts:[1680.5463999986648, 5041.639199995994, 8402.731999993324, 11763.824799990653, 15124.917599987984, 18486.010399985313, 21847.103199982645, 25208.195999979973, 28569.2887999773, 31930.38159997463, 35291.474399971965, 38652.567199969286, 42013.65999996662, 45374.75279996395, 48735.84559996128, 52096.93839995861, 55458.031199955934, 58819.12399995327, 62180.2167999506, 65541.30959994793, 68902.40239994525, 72263.49519994258, 75624.58799993992, 78985.68079993725, 82346.77359993458]
fps.e0:[10804.08385059944, 10809.27832866809, 10822.09940282629, 10820.94526354199, 10830.10715794944, 10845.4876587565, 10833.277249127223, 10844.90188106821, 10830.299241048564, 10831.684790140147, 10829.66028793936, 10852.369106481394, 10834.895917077421, 10841.78944674856, 10840.290073535263, 10825.097846150931, 10851.744322881279, 10825.174345607233, 10861.671888030449, 10851.253317347873, 10820.758757385674, 10834.152256887319, 10845.59237333554, 10837.473178270106, 10841.170910485316]
fps.e0u:[15.245461386972556, 14.996268908856916, 14.884683061923813, 14.790111851604694, 15.136056091115199, 14.982926136409798, 14.906326395138361, 14.971110663476864, 14.820423349351486, 14.960885899722001, 15.048029559726897, 14.962895066784188, 15.220408687380347, 14.799769631543594, 14.82210293130229, 14.940413859787782, 14.860861859504976, 14.984825364643973, 15.132863250276037, 15.004792838210454, 14.918225074494124, 15.168013768770725, 15.052862154756983, 15.042614496305225, 15.181718272733795]
fps.lt:[5876.799829524747, 5839.412889384708, 5778.261946241062, 5792.627795979658, 5586.513929849245, 5588.4754430531375, 5620.71129037028, 5482.384243752618, 5724.035208260574, 5733.585039684113, 5594.542858859955, 5526.238059437357, 5578.731735100177, 5587.431169040839, 5571.736776786112, 5664.099501181119, 5538.106515812024, 5758.259368311363, 5462.868637540158, 5383.962131026732, 5774.703294491223, 5474.967143883502, 5528.577021199187, 5560.030017375672, 5575.498971522158]
fps.ltu:[145.97775109591203, 142.57466490399366, 138.1906733664301, 137.1096283475833, 130.33534326922862, 128.90470131701406, 129.8536424969497, 124.60779870910865, 134.15511920090134, 136.34611238863317, 129.68961394900813, 125.95943688940781, 130.6602360552343, 128.08424444482424, 128.60905032638655, 132.47903344516303, 125.44818816201615, 137.1310667408398, 124.89630617947208, 120.54535988886047, 137.53076729347765, 125.3685490661591, 126.8222992215398, 128.0698416135574, 130.1302694032408]
fps.c2:[0.7588190477169904, 1.0349567190171987, 0.9610973068158646, 1.5345433491680907, 0.9292049015116427, 0.7385927796707547, 1.488874799621809, 1.5572777182736393, 1.9986432937818868, 1.408560652325001, 2.455062471502364, 1.425805655759678, 1.925377879671458, 2.3083007623213256, 1.1472114198849097, 2.5742177992434523, 2.094524805848113, 0.9156157003665453, 1.7371020734349345, 1.9928371746145959, 2.210079158253337, 0.6845398725305821, 1.026548183656869, 1.0795256237434034, 2.984611812553772]
FC:[[3.802637715567589, 3.8162244487244292, 3.8688508515552282, 3.906459625498739, 3.9541632757800924, 4.001682287311573], [3.8123353525826293, 3.8403315525416892, 3.89930635016529, 3.943125573277939, 3.996239344092841, 4.048809627444017], [3.977050411271962, 3.974844851379884, 4.02383877676924, 4.0714819937590185, 4.1257717821444215, 4.17812897557648]]
FCE:[[0.042208996523598614, 0.021297701191922383, 0.013031426314767235, 0.010145280881476695, 0.008626437555244977, 0.007670302362956965], [0.03265523236207378, 0.016477308273633896, 0.010099047651362755, 0.007904405050202096, 0.006730205174837836, 0.0058548677155348125], [0.027040311017747252, 0.014130565044929332, 0.008615461195179726, 0.006572209035289688, 0.005592501979656579, 0.004874037453331802]]
