Ri:[100, 130, 160]
Zi:[50, 100, 200, 300, 400, 500]
fps.ts:[1904.5822599983214, 5713.7467799949645, 9522.911299991607, 13332.075819988251, 17141.24033998489, 20950.404859981536, 24759.56937997818, 28568.73389997482, 32377.89841997146, 36187.062939968106, 39996.22745996475, 43805.391979961394, 47614.55649995804, 51423.72101995468, 55232.88553995132, 59042.050059947964, 62851.21457994461, 66660.37909994124, 70469.54361993789, 74278.70813993453, 78087.87265993118, 81897.03717992782, 85706.20169992447, 89515.36621992111, 93324.53073991775]
fps.e0:[10870.012042491775, 10870.824419743814, 10892.36995949495, 10871.842298452579, 10877.473743001521, 10861.74609305367, 10865.683208249724, 10858.795996421231, 10855.188485029046, 10874.535615196677, 10870.732782880747, 10854.010206136774, 10841.893544124132, 10857.611356586305, 10853.19133472392, 10855.43604457009, 10847.881244947623, 10861.458362768726, 10860.656168847008, 10876.654835283303, 10843.47108539136, 10872.24478746214, 10861.775203098337, 10838.900974293354, 10846.432112268425]
fps.e0u:[11.21577154956986, 11.312724404819074, 11.188634828057246, 11.268345124883131, 11.296155481180364, 11.233036025894556, 11.25560263887012, 11.268428226854702, 11.280339794791278, 11.229756336176317, 11.192145255332122, 11.28958988439831, 11.248686111571805, 11.346810266455723, 11.43645276141615, 11.349129775943783, 11.335655220866986, 11.318798469552958, 11.32517327807078, 11.273240793291658, 11.28106742210692, 11.31929285246253, 11.408356432134289, 11.20533143023322, 11.308779815029556]
fps.lt:[10153.879810597951, 10333.159301119678, 9743.839473677792, 10230.33993529623, 10107.784426937566, 10406.389538705607, 10187.094993411485, 10366.894170413943, 10715.364579454335, 10289.324959814217, 10184.048060557527, 11075.330923433026, 10703.167880015633, 10584.804821355241, 10664.100859623188, 10731.064305374093, 10773.366979820536, 10792.229288168866, 10285.200849966572, 10038.88641137858, 11209.577316291803, 10267.54041737672, 10743.929677253438, 11194.762509854902, 11125.044319031205]
fps.ltu:[319.3800339933503, 332.33797091196647, 293.17097414229875, 324.4179264661066, 317.2967103218231, 335.65087896162026, 322.2248542335895, 334.19320732586243, 356.8783399712075, 328.1977579544961, 322.236970089145, 382.23025118854525, 356.6778675793354, 349.8464001253282, 357.2899889634038, 359.619733510212, 362.84463700102066, 361.2810598550545, 330.42109026421133, 313.69561027436197, 390.8834115637707, 329.84368584965006, 361.7241389832533, 388.97239902496284, 385.5183054174658]
fps.c2:[1.9624479123158058, 2.04696421530493, 1.0827962074213173, 1.1162342651768868, 1.6712579090179018, 0.7436641768781878, 1.108278735641615, 0.9677950230500438, 1.5211457638824126, 1.7271275371140775, 1.9534057257767574, 0.48038364733385985, 0.9124875718583948, 1.330029309928378, 1.371794025911416, 1.3792848692800597, 1.4937575024157408, 1.9173004255971255, 1.448254230119474, 2.702801632050949, 1.8742284627027348, 1.4060396752423001, 1.2182318738864493, 1.2900284104943045, 1.2583283811292212]
FC:[[3.7734120085144753, 3.8124631191123064, 3.8413046282396692, 3.8783899597034743, 3.9065195316101153, 3.939321318292927], [3.8386299214472, 3.864110413914088, 3.895875015011406, 3.930323835753505, 3.958065917807821, 3.990727494127137], [3.9695401800333827, 3.9891759314224475, 4.0249260472232455, 4.0566323460741645, 4.087864195401331, 4.120260993361424]]
FCE:[[0.02611366143365467, 0.015552389493890036, 0.010148751007113047, 0.008053267275982285, 0.0068275870859190275, 0.006039978591232604], [0.019948030500425356, 0.012033771541561801, 0.007853699862043225, 0.00624199021427162, 0.005304654624653353, 0.004577682627053691], [0.01663573401749237, 0.00999462736239868, 0.006513450011738959, 0.0051705451065474075, 0.0044078643718810755, 0.00391051564472793]]
