Ri:[100, 130, 160]
Zi:[50, 100, 200, 300, 400, 500]
fps.ts:[1461.1501599979401, 4383.45047999382, 7305.750799989701, 10228.051119985581, 13150.351439981461, 16072.651759977341, 18994.95207997322, 21917.252399969104, 24839.55271996498, 27761.853039960864, 30684.15335995674, 33606.453679952625, 36528.7539999485, 39451.05431994438, 42373.35463994027, 45295.654959936146, 48217.95527993202, 51140.2555999279, 54062.55591992379, 56984.85623991967, 59907.156559915544, 62829.45687991142, 65751.75719990731, 68674.05751990319, 71596.35783989906]
fps.e0:[10881.418576717546, 10883.406782507716, 10863.34765765822, 10878.858042210935, 10874.355695846541, 10855.520003128948, 10874.760963074568, 10904.726850667024, 10863.477533273643, 10895.962483681475, 10878.621098684016, 10865.16110881348, 10924.735739608246, 10893.257093956734, 10871.384265869914, 10931.41549672733, 10881.331244744426, 10891.950362748605, 10886.260257468419, 10888.920005049617, 10891.71458835659, 10900.088480654376, 10877.224649432985, 10861.672471569376, 10868.211448774551]
fps.e0u:[19.28369146777783, 18.96996398947198, 19.389145741685955, 19.22155891765258, 19.164075766475474, 19.09878426574233, 18.732600085928826, 18.898534441423845, 18.861291688666846, 18.959518493093938, 18.78211396320644, 18.862022251314432, 19.014689872564052, 18.62809071652934, 18.859807754437625, 18.447065876158874, 18.283430893429767, 18.835518025256444, 18.637784059375292, 18.955968073161422, 18.715217932354737, 18.926374960882224, 18.57649783831734, 18.55090579435396, 18.72886350095161]
fps.lt:[6656.724558996875, 6527.00116666143, 6856.486449831358, 6512.618444327782, 6701.768894720144, 6982.201472969805, 6930.974279765977, 6344.6462938851355, 6697.420285973216, 6492.727110134467, 6782.7043369235125, 6768.684659662044, 6200.052945813495, 6549.437660674543, 6691.742277049281, 6242.144104921599, 6548.946083626729, 6513.642525455305, 6479.537026195248, 6691.395138267031, 6758.815646152605, 6462.982577087428, 6819.145028111345, 6827.063702428747, 6976.614379360459]
fps.ltu:[235.81044044354607, 225.10280612786096, 250.6772850166415, 224.6636172188805, 238.6910936487777, 259.65355806469324, 250.5217239312996, 210.87729757803137, 236.12036801717844, 221.23994085800223, 240.19580084257805, 238.6156613729892, 202.8391826019596, 221.70105052715581, 236.30181860313314, 200.9465136777266, 218.87025611496864, 222.8289323537754, 217.7332028781492, 234.2955097731797, 238.7112442186359, 219.92423669912577, 239.63261262531952, 240.89607411370585, 253.3779046292683]
fps.c2:[1.6524414833106695, 0.8572703705089635, 0.9268199735654404, 2.6196931693228502, 0.9569638685005158, 1.4817916537639124, 1.4332167324556262, 0.7324344982844953, 1.3252470181266582, 1.1932312051138447, 0.8233305974099877, 0.7680847905936703, 1.3271570928817928, 2.4929429042179105, 1.3990207315194827, 0.9794820348311197, 1.0402121725192301, 1.0419955317042995, 1.8772249157868863, 1.2493150206423769, 1.1790847365462804, 0.7373763330938675, 1.0716552514875688, 1.465588347170037, 1.3841205419011033]
FC:[[3.8387459771442005, 3.8531997126978714, 3.9325979047741195, 3.997661554450368, 4.041044530388648, 4.076812892184232], [3.9109317594622626, 3.9320674518865157, 4.00953563620406, 4.067579554658524, 4.112062681670979, 4.145431509862324], [4.043768870669365, 4.079502396376367, 4.157579469250083, 4.228227762658033, 4.271009276186478, 4.3073308586509365]]
FCE:[[0.046422761052842015, 0.026423648863444112, 0.017039042835935485, 0.013309928399645708, 0.011303766157609162, 0.01001193109281628], [0.03503389120749479, 0.020443790055837546, 0.013190620700483338, 0.010401103771911672, 0.008844963478820678, 0.007839459213918215], [0.029993424921115383, 0.017217001186773075, 0.01123045140071798, 0.008789973419381418, 0.0074772110433631205, 0.006636874528559975]]
