Ri:[100, 130, 160]
Zi:[50, 100, 200, 300, 400, 500]
fps.ts:[2082.1673399972915, 6246.5020199918745, 10410.836699986457, 14575.17137998104, 18739.506059975625, 22903.840739970205, 27068.17541996479, 31232.51009995937, 35396.84477995396, 39561.179459948544, 43725.514139943116, 47889.8488199377, 52054.18349993229, 56218.518179926876, 60382.85285992145, 64547.187539916034, 68711.52221991062, 72875.85689990521, 77040.19157989978, 81204.52625989437, 85368.86093988895, 89533.19561988354, 93697.53029987811, 97861.8649798727, 102026.19965986728]
fps.e0:[10920.03738812159, 10981.856309371049, 10934.905200734516, 10934.824152457742, 10905.582043017192, 10911.111285573694, 10935.20632136035, 10933.394474643146, 10926.807816782164, 10934.303046294053, 10945.455502361358, 10922.575239310081, 10938.465059752081, 10932.310519671932, 10937.861510171357, 10927.597738657, 10928.067035253993, 10952.264271600694, 10949.41676486469, 10961.149932805014, 10917.073107542112, 10908.717023296744, 10906.894038482254, 10910.354424944775, 10916.074167435952]
fps.e0u:[16.187024570213854, 15.860728208122948, 15.972468575825998, 15.831545437922072, 16.141423372381652, 16.241330394341496, 16.062890981872616, 16.039887175624788, 16.189030714790064, 15.09346448847147, 15.950053032909777, 15.725365769894324, 15.528787503103318, 15.831674269382441, 15.61230477807563, 16.03052043229322, 15.667842904861754, 16.11617959689355, 15.721380636632631, 15.81128544893867, 16.06787451342159, 15.94051863329193, 15.863775456732032, 16.18535835510116, 16.07355467266137]
fps.lt:[6771.627822359729, 6027.880184539797, 6547.461790388741, 6526.208501735149, 6990.286788430721, 6876.266370286539, 6590.03364532546, 6684.399976654045, 6570.670020265734, 6638.251449069343, 6508.896029212214, 6659.696395821967, 6638.301641738561, 6718.50412930802, 6710.155591499904, 6618.724131242164, 6924.738385005575, 6374.322447594327, 6518.32217986446, 6496.114227271657, 6851.375785171574, 7064.6252322696955, 6987.630797137527, 6948.154324522552, 6954.961116513981]
fps.ltu:[202.43416063193925, 156.97668674804575, 187.90257237960958, 182.7353300759487, 215.35467132305544, 209.1577885723298, 189.58947881052245, 195.20394857235283, 190.77664919599326, 181.5392572594016, 185.66718266834877, 190.99425500737485, 186.4423984480892, 193.21283843062022, 191.84647375682752, 192.09870031723108, 205.9882436525559, 178.4887532308713, 182.15464964020416, 183.03673821766156, 205.7690705701532, 216.124986836159, 212.74116190276146, 213.8768982513469, 213.3490752768104]
fps.c2:[1.2954865540041767, 1.2455376830096374, 1.3339003005296537, 2.9160335746152475, 1.3168873202913658, 1.1031679541421957, 0.9790823205652563, 1.636912347927028, 1.1735252166466303, 1.058149195915929, 1.911806831381928, 2.228858310546827, 1.56087313972451, 1.3604436766054182, 1.5586602780190317, 0.7645926200012334, 0.8212307287114707, 2.285264845443109, 1.293815698124986, 1.5991041229834122, 2.0303660742185303, 1.0856341032590187, 1.1223318434611413, 1.1230929872959898, 1.7481110908816075]
FC:[[3.8959102519125706, 3.8946159162833562, 3.9520441763438328, 4.024669574974716, 4.1037279906357735, 4.200989552442097], [3.9362347617605167, 3.9107612866961374, 3.9796522620194437, 4.053063057194412, 4.144660998419861, 4.242870793462168], [4.109451273764897, 4.065661638622031, 4.1110778867129385, 4.17650297913034, 4.2607741785272095, 4.364155418774172]]
FCE:[[0.04220407107145693, 0.023036794210489916, 0.014449285292781316, 0.011362603363930827, 0.009529452086066637, 0.00857979148402701], [0.032491390753231326, 0.017666978658813396, 0.011104164845425035, 0.008540040305803926, 0.007363106398709808, 0.006639848919860873], [0.0281419121060489, 0.014721923493706894, 0.009137742259805744, 0.007177140446706822, 0.00618937926967668, 0.00550142225940506]]
