Ri:[100, 130, 160]
Zi:[50, 100, 200, 300, 400, 500]
fps.ts:[1719.991299996376, 5159.973899989128, 8599.95649998188, 12039.939099974632, 15479.921699967384, 18919.904299960137, 22359.886899952886, 25799.869499945642, 29239.85209993839, 32679.834699931143, 36119.817299923896, 39559.799899916645, 42999.7824999094, 46439.76509990216, 49879.747699894906, 53319.730299887655, 56759.71289988041, 60199.69549987316, 63639.67809986591, 67079.66069985866, 70519.64329985142, 73959.62589984416, 77399.60849983693, 80839.59109982967, 84279.57369982242]
fps.e0:[10782.085272941855, 10777.501949793033, 10787.31309563065, 10760.655174632031, 10770.475414923918, 10769.305038298347, 10791.137319349831, 10776.89180689845, 10766.189358528673, 10797.157090927889, 10786.230086170282, 10779.636682989985, 10746.229584055893, 10771.231317343856, 10776.261838785846, 10776.69243314845, 10757.44186164892, 10760.35709395648, 10765.672165655387, 10774.547989176459, 10759.770106592558, 10755.687048803764, 10777.108139251972, 10777.821445080295, 10770.016098782686]
fps.e0u:[11.278107020521215, 11.316677409208811, 11.291594309874002, 11.35500151410779, 11.375203171163726, 11.218023346066664, 11.355132701944916, 11.262205510364279, 11.378270100691138, 11.17856373108269, 11.215560370904685, 11.286000656569968, 11.265786879869212, 11.188767504865023, 11.338265267083388, 11.396907958980279, 11.432011180550688, 11.469323758253683, 11.395562344341004, 11.451859292855609, 11.483374913266735, 11.420779035196487, 11.561564163831214, 11.73080892964349, 11.76831209958818]
fps.lt:[5509.90984845004, 5549.227020843941, 5432.987560212323, 5586.613326128918, 5556.081654047061, 5581.165373407199, 5428.905110266503, 5501.144403021992, 5592.420181615527, 5415.314978360511, 5522.891806667282, 5485.140024059723, 5716.200650988997, 5549.607437251317, 5545.946623126675, 5567.107354398657, 5780.39145088164, 5699.721043727025, 5725.366550362713, 5607.242346189507, 5765.299145003493, 5749.666367781369, 5551.544182036734, 5479.901950498212, 5652.17695177182]
fps.ltu:[92.42722837663364, 93.99612941528639, 90.36738182703671, 96.0434853841276, 94.98173307537148, 94.67349857719908, 90.59363559467575, 92.51810546658372, 96.09471546044884, 89.05158831350457, 92.57099252891177, 91.87841315197831, 99.78016032686655, 93.79505211020087, 94.76793363263393, 95.77177456893939, 103.61527707541688, 100.83496157602046, 101.51562539883788, 97.61146080304123, 103.46623240777426, 102.48785537967134, 96.0749153082796, 95.43851408973993, 101.44771108944985]
fps.c2:[3.5339825273722565, 3.3093963859236095, 2.4237612970600617, 2.250674194446665, 2.386479242710757, 2.3294700263897976, 2.5455800494510656, 1.928929216357861, 1.5316830115416953, 2.406890650403217, 1.9756672270152185, 1.5382775795634172, 0.9089533152019658, 3.6461445333648523, 2.580269235171994, 1.7307400595094438, 3.573069455456237, 3.281571552220301, 2.302662785655912, 3.3650839177322918, 2.0714921671954603, 2.4932544979511277, 2.1448122968425323, 1.4115043094680324, 1.916047982098969]
FC:[[3.7773254687282547, 3.8150501875815106, 3.8796342933175074, 3.9326813823347404, 3.99828634310372, 4.068277885127857], [3.807232608405028, 3.8591961805045565, 3.9079664001569756, 3.966779938068698, 4.035593526274837, 4.104609658377758], [3.9464144832213726, 3.9791972812842964, 4.039840928161991, 4.099924290231059, 4.169178223982995, 4.243824507336209]]
FCE:[[0.03481322689123126, 0.01807619973750501, 0.010515616528916834, 0.0078842800186804, 0.006650399680002164, 0.005887905624017664], [0.02681513833666937, 0.013914980086508752, 0.00807210020639988, 0.006067452727766396, 0.005137950736950087, 0.004558090401511425], [0.02221292641786586, 0.011158880380088455, 0.006645329938122375, 0.005134289815325071, 0.004363941930668598, 0.003806762510393475]]
