Ri:[50, 100, 150, 200]
Zi:[100, 200, 300, 400, 510]
FC:[[4.07716387904763, 4.088986847158794, 4.0481166158259665, 4.06371452469373, 4.0621546147455785], [3.9982568731730366, 4.02453126792871, 4.039229695341737, 4.045037028519481, 4.071676135174662], [4.148855227942006, 4.174283223120321, 4.195088635371822, 4.216688415497029, 4.241224754737464], [4.766906497361397, 4.807565129420878, 4.849589018970654, 4.87759939053137, 4.8990711457996]]
FCE:[[0.05018451720342802, 0.034301457950437736, 0.02705923647484497, 0.023411933649120923, 0.0205155277931916], [0.024739122274650565, 0.016773438499843824, 0.013543225179126482, 0.011603384006826471, 0.010236452008677305], [0.017404291905157313, 0.011773143241336414, 0.009483299514787786, 0.007981997605880234, 0.007057063982197877], [0.015394489388296472, 0.01046154737328945, 0.008467683655327204, 0.007321862789882649, 0.006476309068438447]]
fps.ts:[1620390287.49788, 1620393955.9036403, 1620397624.3094, 1620401292.7151601, 1620404961.1209202, 1620408629.52668, 1620412297.9324403, 1620415966.3382, 1620419634.7439604, 1620423303.1497202, 1620426971.55548, 1620430639.9612403, 1620434308.367, 1620437976.7727604, 1620441645.1785202, 1620445313.5842803, 1620448981.9900403, 1620452650.3958, 1620456318.8015604, 1620459987.2073202, 1620463655.6130805, 1620467324.0188403, 1620470992.4246001, 1620474660.8303604, 1620478329.2361202]
fps.e0:[10741.904029760624, 10747.002612210123, 10723.810283017443, 10710.82456629772, 10735.054657084842, 10735.6101588748, 10744.052893017906, 10732.105446719506, 10735.690441131641, 10757.090428158835, 10721.66436547438, 10769.888465124295, 10766.079354360038, 10715.887974924224, 10769.37361697141, 10728.886449346926, 10755.35123182001, 10747.332064084958, 10731.048004167274, 10704.079612168023, 10736.1594979814, 10746.789862898382, 10741.117502091289, 10732.729196159216, 10740.453242106625]
fps.e0u:[23.092739455496442, 23.080318514961725, 22.62028707288178, 23.00012010674318, 23.19046742418652, 22.849939237916136, 22.658054764751796, 22.611482751251515, 23.428372556593022, 22.629526241103637, 22.814600566521005, 22.84197753901853, 22.949860929523712, 22.889673657901717, 23.232819007936257, 22.950865572607267, 23.046031624689775, 22.669019104748177, 22.897168209748997, 23.103900119972636, 23.053080479263397, 23.364430415684737, 22.940037679702904, 22.788692197125147, 23.059169228335666]
fps.lt:[18619.389580529423, 18758.591819827616, 22248.415501669766, 25036.43561753243, 21691.363726411306, 21023.796255676614, 19395.986676471333, 22951.72578441845, 20799.517607039455, 20326.933796272137, 21860.709641482637, 17084.53601231579, 16801.54668154535, 24000.857117070613, 18254.404789013395, 19089.60872167679, 17933.855562825047, 21526.136601417486, 20343.58479126503, 24690.032820529836, 22291.453786127913, 18692.520492294025, 20787.84427312252, 23514.327854038056, 19170.61936473344]
fps.ltu:[2242.660020247756, 2274.7854133400638, 3158.7566336098507, 4010.2094879895144, 3055.746883354518, 2853.0513048639214, 2393.853359234322, 3352.206730787281, 2825.367734659285, 2622.966742682075, 3050.7632235179553, 1864.7491271534477, 1822.4279782130736, 3694.1809767412055, 2141.9264979115646, 2356.086941588639, 2081.351068582511, 2943.911893310485, 2687.508988071752, 3965.2195004572986, 3197.2027813448462, 2271.3653545692528, 2786.376543627789, 3556.3895544386805, 2375.374764845355]
fps.c2:[1.0981390697709463, 1.467717360501223, 0.8644043540828676, 0.8187583018814271, 1.3938390769105728, 0.6798692094135595, 1.291009927559163, 0.8493605860048348, 0.7021136457710492, 1.0742668050451298, 1.1568151474476094, 0.7759808193400685, 0.917799320332343, 1.3265877438111011, 0.972677021293807, 1.1157452490171078, 0.7709751090513896, 1.3170866614922216, 1.4021823764405927, 1.6726275309525105, 1.5954644496391366, 0.8126994185616281, 2.1667453738621627, 1.006682419044687, 1.2116856258052204]
