Ri:[50, 100, 150, 200]
Zi:[100, 200, 300, 400, 510]
FC:[[3.9994349895709913, 4.01603080374236, 4.032779288361509, 4.03968011760364, 4.040624660750757], [3.9912373313553062, 4.029740332742831, 4.055267281326807, 4.072949254670765, 4.09892560527781], [4.135325383559412, 4.1701120537493725, 4.205983940571765, 4.223592150241166, 4.244998827363065], [4.743247460636779, 4.791969079736064, 4.839013856495718, 4.863424491415004, 4.888190623352923]]
FCE:[[0.04957836306614854, 0.03366089308628782, 0.027570419203228825, 0.02368079527660153, 0.020830559546812264], [0.02488441942094467, 0.017073419332170502, 0.013876723442536716, 0.011586320136289194, 0.009989288078830164], [0.016634369245740455, 0.011316073677975769, 0.009184855143952545, 0.007905519643857021, 0.006979360487833266], [0.01541297148100174, 0.010482442878903606, 0.008508950272791369, 0.007335921468902731, 0.006491447301783631]]
fps.ts:[1617715685.52042, 1617718434.3892598, 1617721183.2581, 1617723932.1269398, 1617726680.99578, 1617729429.8646202, 1617732178.73346, 1617734927.6023002, 1617737676.47114, 1617740425.3399801, 1617743174.2088199, 1617745923.07766, 1617748671.9465, 1617751420.81534, 1617754169.6841803, 1617756918.55302, 1617759667.4218602, 1617762416.2907, 1617765165.1595402, 1617767914.02838, 1617770662.8972201, 1617773411.7660604, 1617776160.6349, 1617778909.5037403, 1617781658.37258]
fps.e0:[10651.214077336848, 10649.95092684934, 10653.086233725371, 10673.23740598574, 10696.733358338293, 10699.605082642842, 10685.564151994477, 10693.743204975146, 10677.616793995368, 10693.201208800489, 10702.399352007, 10667.123075595668, 10648.932997945154, 10622.036756067873, 10707.501341293715, 10709.125298019782, 10683.43013468543, 10687.108964936491, 10698.19838193711, 10715.249331992476, 10653.374204062327, 10706.487333277415, 10675.973923926815, 10701.940432987789, 10670.70126306294]
fps.e0u:[22.804758304138094, 22.792700893423266, 23.07416222306255, 22.634336498077285, 22.91609423582822, 22.931492099380225, 22.735760372485718, 22.6103268115293, 22.514783995080798, 22.94014528602225, 22.871393551509904, 22.526479892073564, 23.233217332966547, 22.946512871447418, 22.751702565796407, 23.050486325290635, 22.59082274042446, 22.649878312477846, 22.68806409385014, 22.706965214603414, 22.848801135277707, 22.453596239832585, 22.961729299669965, 22.91504355340716, 23.07402209547247]
fps.lt:[21837.114871798964, 23373.471468609798, 20117.788326304486, 20844.328728055374, 16130.674236609018, 18989.268130258977, 19192.301578711744, 19850.339049490354, 20017.004320624095, 18419.444530494962, 17345.15849712742, 20023.20742792958, 21125.40674191385, 29573.179417511357, 15894.125501683598, 15948.201911737118, 18017.44088765666, 17558.905064799066, 17584.99473406024, 16971.401017518907, 22334.18474002387, 18611.231722794015, 21074.77073236459, 16119.33158889681, 20134.904276107485]
fps.ltu:[3033.1599685228593, 3503.687475559702, 2627.787316926277, 2788.9137453019584, 1662.4221857425384, 2316.440216038658, 2369.823245567299, 2533.789483180843, 2530.476867183952, 2184.264666167081, 1931.6481880689025, 2556.097155568688, 2907.328122503869, 5635.830467598928, 1631.972461329255, 1650.5163799073841, 2077.895031800164, 1986.6837593600258, 1976.4310735659674, 1845.0025746564284, 3205.6377046524926, 2178.589104508389, 2858.1039185110385, 1683.7324532741015, 2637.240554811282]
fps.c2:[1.3096857130572324, 0.7985907263511911, 2.5610229709943417, 2.1516140325707727, 2.05084791279013, 1.4587972190788463, 1.0718484206607708, 0.6876092278704462, 0.23865545367361302, 0.74104849524635, 1.1240040940147886, 1.0239410053348517, 2.744983953230716, 2.0117462754634663, 1.083144122139174, 1.0087720834949379, 1.004194236716867, 0.8958744132001968, 1.082015539595568, 0.7673539225567725, 0.8641584911174834, 2.0866746325296797, 1.932179513477449, 0.8424960020914456, 1.4270756898920294]
