Ri:[100, 130, 160]
Zi:[50, 100, 200, 300, 400, 500]
fps.ts:[568.6959399986267, 1706.0878199958802, 2843.4796999931336, 3980.871579990387, 5118.26345998764, 6255.655339984894, 7393.047219982147, 8530.439099979401, 9667.830979976654, 10805.222859973906, 11942.614739971163, 13080.006619968415, 14217.398499965668, 15354.79037996292, 16492.182259960176, 17629.57413995743, 18766.96601995468, 19904.357899951934, 21041.74977994919, 22179.141659946443, 23316.533539943695, 24453.925419940948, 25591.317299938204, 26728.709179935457, 27866.10105993271]
fps.e0:[10655.104431199688, 10599.656227036912, 10569.480625853075, 10579.852414531362, 10548.153810852076, 10537.126478068985, 10571.528933095886, 10587.560860473292, 10534.540516785954, 10556.240786238857, 10567.557348482722, 10542.923766571053, 10574.460679502203, 10522.589483118554, 10552.575976859134, 10545.692675951765, 10564.355693801313, 10617.552468047468, 10571.766955618448, 10555.55312856357, 10622.299167885167, 10608.419180619823, 10598.720678652213, 10532.336789431638, 10821.045472935846]
fps.e0u:[28.110721342883146, 28.100788704483243, 28.511604021521215, 27.859075666445037, 29.38640190846736, 29.04400195430543, 28.714046762474975, 28.38346930116044, 28.99051421480931, 27.91544614323325, 28.493834601445826, 29.290969596733785, 28.078232369891587, 29.063855900668575, 28.051061953210084, 28.58312377254948, 28.537447217588078, 28.484653949891047, 29.247154047452025, 28.48553909458131, 29.466522442428754, 28.02906921549632, 46.071191436424094, 201.08557544665584, 448.50386517161513]
fps.lt:[4205.092110637582, 4632.058049681578, 4640.357822617352, 4898.357697943194, 4871.519500349591, 4870.842803771138, 4703.959253643404, 4660.2734092322235, 4926.592663470137, 4789.988614414244, 4878.003188412607, 5029.7082472026905, 4609.060950944405, 5059.910275012995, 4763.952492105836, 4806.070377778417, 4903.39529235752, 4385.1201647288035, 4697.66194907398, 4793.305777796679, 4520.151777399197, 4472.012292399626, 4448.093434088917, 3465.2138117941545, 6959.196176548106]
fps.ltu:[145.01074890350992, 172.73985420395823, 175.3250364180337, 192.68867845559097, 200.88178708244052, 195.57376508950497, 182.97981155774517, 174.231515415565, 201.4491110918005, 184.85946786783776, 193.8936121998454, 211.87911160560813, 172.56158464762404, 213.5501710212073, 187.11082718365805, 190.43235276843714, 197.95327520594475, 156.97416111915558, 185.63303508152367, 189.17874460517726, 171.78739990917884, 160.9375171692217, 264.60878868424123, 656.1581927211662, 9574.604815370176]
fps.c2:[1.3083871905291136, 1.099821743510723, 1.0010152933544334, 2.0195243513575987, 0.8868042448009176, 1.396343099991899, 1.2107480529876695, 0.761335039818435, 0.9865685691271351, 1.0628939015575143, 0.7710396625799661, 0.5383454769849839, 1.6547411782281143, 0.8725421289860971, 1.1121891306803593, 0.8503346755402356, 1.1502314634464148, 1.3335357287251184, 1.376839843590387, 0.7166707314575785, 1.147188190716632, 1.0749606342990197, 1.3186879355839969, 0.30763527888657266, 0.19287129654960614]
FC:[[13.149525399175143, 9.946857291722083, 9.720199128967348, 9.455507452526895, 9.175445785991894, 9.06881278251771], [10.117228613661284, 9.295374618868687, 8.972266396510413, 8.684260589148481, 8.55003421248218, 8.524102931921556], [12.606758448992435, 11.614965204654316, 10.973491400393014, 10.660968943883297, 10.470690430920401, 10.338928963610412]]
FCE:[[1.0133353648202523, 0.21471502149232552, 0.1098325699073347, 0.07573818257984531, 0.05712196561793344, 0.04758853881301801], [0.2774559421763451, 0.10173077287309508, 0.055192992676934956, 0.03855683953229794, 0.031014616056131032, 0.02718180035896386], [0.28197346907950693, 0.10914266653904334, 0.057213377857129544, 0.041626514457068185, 0.03392145792859957, 0.029139668250873076]]
