Ri:[100, 130, 160]
Zi:[50, 100, 200, 300, 400, 500]
fps.ts:[1707.669660000801, 5123.008980002403, 8538.348300004005, 11953.687620005607, 15369.02694000721, 18784.366260008814, 22199.705580010414, 25615.044900012013, 29030.38422001362, 32445.72354001522, 35861.06286001682, 39276.40218001843, 42691.74150002003, 46107.08082002163, 49522.42014002323, 52937.759460024834, 56353.098780026434, 59768.43810002804, 63183.77742002964, 66599.11674003124, 70014.45606003284, 73429.79538003444, 76845.13470003605, 80260.47402003765, 83675.81334003925]
fps.e0:[10888.365758879036, 10861.631960705217, 10890.097636684124, 10880.085384104472, 10864.828081195697, 10862.759494429974, 10880.379686156803, 10877.139281561093, 10904.11704827091, 10881.485265379348, 10870.847646507667, 10878.776176892756, 10883.70996306167, 10859.704703462428, 10874.948467849013, 10881.435335956789, 10880.034641559201, 10881.337327464478, 10888.633203360554, 10868.60448366456, 10889.100825201165, 10866.142313649732, 10877.444843762238, 10866.863528298953, 10881.529030236203]
fps.e0u:[10.341740242706347, 10.47106288320646, 10.426214301995802, 10.40343594827255, 10.335652154872825, 10.599739550798127, 10.404155617061882, 10.440617772741739, 10.44653306611042, 10.465523911027086, 10.421241055507382, 10.373595473693962, 10.433696383048334, 10.399851160426952, 10.357710479170168, 10.384646507727474, 10.446048710380916, 10.6386841108426, 10.527563788560737, 10.40139375787813, 10.431691375998602, 10.404382434991717, 10.4604251911994, 10.447777324317473, 10.786335283061971]
fps.lt:[6150.324246785652, 6469.171323049659, 6209.338827849131, 6312.704665798923, 6433.840325896445, 6290.838797236291, 6230.535146096848, 6294.654048037375, 6100.579403808921, 6366.7158747153735, 6406.264605071544, 6287.029093023616, 6100.232632263236, 6361.763177421133, 6294.2130660487, 6197.056495631583, 6145.157977843452, 6253.08929654868, 6147.457428590757, 6278.525525618773, 6182.82235491373, 6360.07086320579, 6230.761986525183, 6277.019302363406, 6181.515578385097]
fps.ltu:[106.16026669452404, 119.67075727050927, 109.98250187848717, 113.01289853884235, 116.60108028071328, 114.40461406541164, 110.33301548087196, 113.48369265213773, 105.97687669957399, 115.20453403145274, 116.4811236309604, 112.25536938889557, 105.98663157460182, 115.10441987779781, 112.2302881869954, 109.15596911535995, 108.11106260338056, 113.40488742145187, 108.01212310910816, 112.07588930560804, 109.12348637475837, 115.15324033692139, 110.84517531718625, 112.41537657169305, 112.15847579323447]
fps.c2:[1.9183159571990513, 2.5413981581984197, 3.4191626072109282, 2.8894347906637794, 2.0864718510978473, 3.377147690094314, 2.892066836829927, 3.049365415165304, 3.079318466612876, 1.8215354388508351, 3.137305041384617, 3.21720563033718, 3.290411762991615, 3.42672621757408, 2.4493473276827094, 1.5092901264347178, 1.1524253821357724, 2.149442463474146, 2.0797398199729242, 2.102964425262137, 1.372217130226243, 2.7773336385724074, 2.738264064740751, 2.2880379231833925, 1.4665993744853145]
FC:[[3.6713570736037116, 3.710324655347121, 3.7912328966292277, 3.870785491902306, 3.956328558629142, 4.052928324742825], [3.6963192771055042, 3.7381495368229296, 3.8232332341385478, 3.9034268588066205, 3.9928428959272857, 4.087783776746419], [3.7551218918788387, 3.806930908395469, 3.8916431528573856, 3.9728113762434742, 4.063563526397917, 4.156312101196797]]
FCE:[[0.026364215496950533, 0.01484941981635409, 0.009116780381079954, 0.007200468183425042, 0.006185939774009681, 0.005457089745095188], [0.02060947539925628, 0.011152074260212202, 0.007004012030372436, 0.005540715655584845, 0.004775368476548071, 0.004111609672721211], [0.017333099555472103, 0.0093135647889738, 0.005795358117457969, 0.004586406890176221, 0.0038683828818068993, 0.0034073491626619734]]
