Ri:[50, 100, 150, 200]
Zi:[100, 200, 300, 400, 510]
FC:[[4.057484053921437, 4.083884477130744, 4.079408549047309, 4.085811566184806, 4.099627280862931], [4.038387598402966, 4.07557307064269, 4.111373482949579, 4.114327298381365, 4.131117393073853], [4.184028068229311, 4.216848925173717, 4.238632707055288, 4.246946828955124, 4.268275443396713], [4.8295663870618295, 4.899775685755674, 4.936633450587726, 4.948041303264228, 4.960852333586991]]
FCE:[[0.03903501231544485, 0.026868472788315174, 0.021604270382821124, 0.01860437149004706, 0.016418230109918056], [0.019851302086015557, 0.01356952025486215, 0.010786185099591897, 0.009227250869043776, 0.008138220363203942], [0.013802776535014128, 0.009384483322586302, 0.007554835766788482, 0.006471731882441613, 0.005714690478086291], [0.012588082325091437, 0.008627529486730356, 0.006959169508845196, 0.00598178455912541, 0.005267436269360786]]
fps.ts:[1623847919.6346602, 1623850805.95398, 1623853692.2733002, 1623856578.5926201, 1623859464.91194, 1623862351.2312603, 1623865237.55058, 1623868123.8699002, 1623871010.18922, 1623873896.5085402, 1623876782.8278604, 1623879669.14718, 1623882555.4665003, 1623885441.78582, 1623888328.1051402, 1623891214.4244602, 1623894100.7437801, 1623896987.0631003, 1623899873.38242, 1623902759.7017403, 1623905646.02106, 1623908532.3403802, 1623911418.6597004, 1623914304.97902, 1623917191.2983403]
fps.e0:[10793.65134258877, 10807.835583513364, 10788.533541866671, 10807.978808061951, 10817.25550299505, 10777.389097495032, 10827.816663689813, 10786.290478807376, 10799.233727413583, 10799.46959824715, 10805.210175536844, 10823.341228753758, 10819.881902518837, 10823.803272511195, 10791.537937235329, 10835.274581327563, 10777.171380738793, 10802.516894781835, 10805.2478345037, 10833.692297345995, 10823.694381548083, 10792.678990062188, 10825.227294710225, 10788.027934660056, 10749.10085517137]
fps.e0u:[18.27875075733087, 18.460852511154677, 18.385441427299025, 18.595506525162907, 18.338070393861834, 18.449917257596592, 18.376575282486424, 18.65673408924253, 18.512304577151433, 18.22526111198733, 18.318202531850297, 18.648737878204184, 18.483715497130756, 18.471025163339114, 18.492897169405577, 18.580901598988085, 18.646207456244607, 18.80012244901536, 18.402390974725588, 18.404105253018773, 18.531898389254742, 18.517936023263218, 18.59475653904464, 18.62159794102976, 18.569232489396434]
fps.lt:[19542.218162858848, 18104.98190597628, 19477.52885918412, 18908.05069057915, 17744.83680710316, 22665.29188142789, 16272.322315043772, 20725.189446871533, 18385.160616354613, 19788.989519033126, 18237.779214211336, 16742.467413965038, 17461.947157167397, 16592.93054320166, 22388.20286120306, 15705.198720158382, 19575.025288508885, 18287.740324878727, 17826.315833617264, 15832.953267641858, 17066.41307871458, 18920.9911656106, 16574.850556598725, 21320.81989828886, 25925.11596236111]
fps.ltu:[1966.032843258761, 1693.484765879025, 1953.600255848191, 1855.7708010575643, 1631.6166146787218, 2665.787695922722, 1363.8556512311384, 2229.3865033938846, 1754.102734862471, 2006.9256665719793, 1720.3504453117287, 1467.0990716412216, 1579.5615770314625, 1429.3800654425156, 2591.007668574176, 1284.0764128401722, 2010.3487174971965, 1758.355370168114, 1631.551983719284, 1298.5999060968613, 1511.926442131702, 1866.9483438060333, 1435.5374311179437, 2367.361424755065, 3496.026636791041]
fps.c2:[1.1720118328152191, 1.7206037027741379, 1.4371967397054475, 1.1918112142104622, 1.8341036458959374, 1.610386692763199, 1.5464305744692006, 1.5168725422513842, 1.5559546596718237, 1.1063510036971733, 2.1298735246836378, 0.7796586293449237, 1.828136923579852, 1.3598041966190668, 0.8207551380898038, 1.366304303030793, 0.8676614262885263, 0.756204915097258, 1.5351065116535856, 0.6271935652709197, 0.6918955708275083, 1.4187543283758706, 1.3253397288185655, 0.9865023535958652, 0.9258444522008982]
