Ri:[50, 100, 150, 200]
Zi:[100, 200, 300, 400, 510]
FC:[[3.9986541742310022, 4.008942851276631, 4.017568058536521, 4.014437922079817, 4.056289591057805], [3.979196475780316, 4.024980860686763, 4.040899673651603, 4.057995516362025, 4.096025191981782], [4.1108454780378905, 4.162420233153616, 4.173870365674978, 4.197894767202085, 4.2345071187905585], [4.758530010025106, 4.808740865745459, 4.828474027288808, 4.857628549994459, 4.885912587867802]]
FCE:[[0.04136761321368531, 0.028617271529298775, 0.022872748604798803, 0.01949859224265146, 0.017387710794692115], [0.02086174040182448, 0.014343705957625097, 0.011517144611956333, 0.009887192312665367, 0.008803761761646779], [0.014668096461840264, 0.010076485622879893, 0.008076408052164266, 0.006957755149293821, 0.00617898208397642], [0.013490025113803256, 0.009183690252753361, 0.007397729826522831, 0.006381005041406584, 0.005649371112263827]]
fps.ts:[1605266207.7870998, 1605269432.0453, 1605272656.3035002, 1605275880.5616999, 1605279104.8199, 1605282329.0781002, 1605285553.3363, 1605288777.5945, 1605292001.8527002, 1605295226.1109, 1605298450.3691, 1605301674.6273003, 1605304898.8855, 1605308123.1437001, 1605311347.4019, 1605314571.6601, 1605317795.9183002, 1605321020.1765, 1605324244.4347, 1605327468.6929002, 1605330692.9511, 1605333917.2093, 1605337141.4675002, 1605340365.7257001, 1605343589.9839]
fps.e0:[9933.388429961506, 9931.246447608864, 9934.982531071597, 9985.29952639248, 9949.73836717535, 9972.486653214197, 9985.180839915893, 9968.92480550271, 9985.218477793927, 9943.58952260075, 9955.722933797726, 9973.470237476393, 9951.026452349932, 9952.706452576052, 9962.072099737376, 9958.108607021732, 9933.90632630108, 9930.145303127392, 9954.511643599993, 9949.4344463546, 9932.652909920815, 9928.01756960516, 9924.998790292395, 9941.652779634138, 9963.79677821133]
fps.e0u:[18.769609000462108, 18.59320235357356, 18.831866924533184, 18.79633556283169, 18.84799651351262, 18.477407348614292, 18.549165847849316, 18.76062210803751, 18.884251586414347, 18.807988310267277, 18.74838467783336, 18.61120339623492, 18.8130018102155, 18.752324683140543, 18.405648652742688, 18.679563979755006, 18.402872412414435, 18.527055943168886, 18.700844158049208, 18.990660614004245, 18.776202688917415, 18.754012559124426, 18.784353916206907, 18.82371893413141, 18.57516412053333]
fps.lt:[16554.093016925814, 14866.633052192868, 15673.602974546448, 12731.964562411065, 14009.324155797864, 13344.17192472734, 13060.202655662482, 14610.37839496449, 13152.627127250067, 15302.265180637996, 14478.31511453259, 13750.509463216038, 14872.933055522559, 15872.389148193874, 15564.026584919315, 14378.231219176458, 16957.016955012845, 16458.923059503733, 14798.216198383403, 14798.419481902027, 16671.4892182729, 16909.93558901259, 16688.971619651413, 16176.28483587324, 14372.772313846623]
fps.ltu:[1539.4531009354746, 1240.9151218970464, 1392.643523315475, 922.4452224826497, 1107.0710338272336, 1000.254880257985, 958.2416916170745, 1201.7712019079568, 985.3574807718288, 1330.423308703128, 1180.71984391493, 1067.3319130342902, 1253.893643186066, 1420.8844983544598, 1347.804457850903, 1163.9636459479345, 1596.467730485327, 1523.585683769328, 1236.6819717884284, 1241.6500961205422, 1570.7814473357096, 1622.4305390442748, 1576.3952238678396, 1482.0999016713347, 1165.0698609282497]
fps.c2:[0.9768726109889841, 1.2022948747062394, 1.6688017785042353, 1.1970142655704115, 1.4860479581632933, 2.091074286961776, 1.3288841143244916, 0.9161387049362606, 0.9815241632453587, 1.0416025977262136, 1.6497689318078783, 0.9509596645541275, 1.712094999144959, 2.078247151620806, 0.8574294122931254, 0.8840783110833464, 0.7327434094104129, 0.43368889688572126, 0.7236592065703745, 0.7123302865247305, 1.0571853346059896, 1.071324382089594, 0.7667335317175936, 0.8595013042061674, 1.3410922322861016]
