Ri:[100, 130, 160]
Zi:[50, 100, 200, 300, 400, 500]
fps.ts:[1757.6248199987413, 5272.874459996224, 8788.124099993707, 12303.373739991188, 15818.623379988672, 19333.873019986153, 22849.122659983637, 26364.372299981118, 29879.621939978602, 33394.87157997608, 36910.12121997357, 40425.37085997105, 43940.62049996853, 47455.87013996601, 50971.1197799635, 54486.369419960974, 58001.619059958466, 61516.86869995594, 65032.11833995343, 68547.36797995091, 72062.6176199484, 75577.86725994587, 79093.11689994336, 82608.36653994085, 86123.61617993831]
fps.e0:[10824.985446259794, 10840.566009894957, 10848.482582253322, 10850.05533571416, 10848.576186707027, 10837.322621359559, 10843.41697295284, 10834.821118985328, 10835.796053066893, 10840.950000434777, 10858.875062933117, 10856.953144099825, 10876.080757877367, 10859.535256309102, 10836.850104496834, 10831.220440001774, 10848.184397356421, 10839.913283316422, 10845.070579524712, 10854.181592981817, 10846.112675022436, 10832.06997382422, 10839.956243633384, 10830.631102585736, 10851.920369124362]
fps.e0u:[11.621183154206422, 11.681047212746133, 11.796309696892935, 11.810346792004431, 11.852471906782638, 11.81616256233183, 11.788026586864104, 11.826155389739206, 11.822144580310303, 11.776411753090567, 11.800070986167382, 11.90637098386937, 11.809525316277567, 11.760382132010463, 11.808531426391413, 11.84095908724243, 11.90318578161028, 11.781047661049719, 11.65111934848631, 11.730453501888151, 11.884633536385081, 11.751656086391364, 11.885884014181142, 11.863519506356687, 11.82103090471593]
fps.lt:[8991.044935617405, 8784.478451307543, 8525.552858846548, 8594.933273543746, 8456.503688654635, 8787.679672391814, 8881.795222837016, 8800.951050588901, 9016.609654398237, 8779.223812473834, 8252.934897687679, 8395.795002718112, 8088.568433516714, 8604.849992540674, 8626.419190381535, 9049.189555582097, 8541.285515078569, 8558.951227739695, 8404.319704166548, 8174.058126226059, 8574.308772536277, 8812.151281388711, 8585.577430975745, 8878.972334890936, 8461.094216015588]
fps.ltu:[259.8735836328482, 249.03279989051268, 236.78528644339792, 239.7005744480007, 233.21038316827904, 251.69930167627217, 255.47549825796796, 252.58133716958156, 264.3043760692898, 249.77550593716762, 223.1052930855954, 231.80781439837986, 213.4805736967758, 239.8531110179195, 243.7189288587101, 267.0292956026926, 238.95136684275323, 238.87681649212135, 228.46430633831204, 216.88811102119152, 239.2237492135817, 253.48401767985436, 241.7454298077172, 258.978599425838, 233.23020164882786]
fps.c2:[1.0429169926478576, 2.3424297215903978, 1.5450523320018452, 0.9239351752330391, 1.9156471222325686, 2.251762140682589, 2.4689409985035202, 1.3810966024650972, 1.7154389932747234, 2.012788971457197, 2.013743597999854, 1.6944372812216264, 1.7449840187369203, 2.6600837828969586, 1.9605414238104975, 1.1362487598998152, 2.053383149274975, 3.767827616092572, 1.089098990822796, 0.888340278323528, 1.2773346512780455, 0.9643918111400078, 1.9258383820903109, 1.1559825774069936, 1.9708611645533987]
FC:[[3.8128338007147287, 3.809604495386711, 3.850626823445675, 3.881587827537768, 3.9123914967295486, 3.951077402060257], [3.8542525729326607, 3.8585327529860627, 3.896386503676487, 3.9341766503155493, 3.9718770685153553, 4.010298581525856], [3.9984095028569775, 4.0141829316293585, 4.049285242089517, 4.083817295530313, 4.123151007625007, 4.162252494175474]]
FCE:[[0.02852734125932553, 0.016963208915275207, 0.010664620086173504, 0.008381761628770804, 0.007081335263171667, 0.006090047513727869], [0.022308201843545674, 0.012851002097849175, 0.008235625737656276, 0.0063268205768142235, 0.005365936079965202, 0.00474427713419753], [0.018818134042277956, 0.010762577553214348, 0.0068524084535714425, 0.005393169783663155, 0.004594144789623324, 0.004075637767856248]]
