Ri:[100, 130, 160]
Zi:[50, 100, 200, 300, 400, 500]
fps.ts:[3309.3896599960326, 9928.168979988099, 16546.948299980162, 23165.72761997223, 29784.506939964293, 36403.28625995636, 43022.06557994842, 49640.84489994049, 56259.62421993255, 62878.40353992462, 69497.18285991668, 76115.96217990876, 82734.74149990082, 89353.52081989287, 95972.30013988494, 102591.07945987702, 109209.85877986907, 115828.63809986114, 122447.41741985321, 129066.19673984527, 135684.97605983733, 142303.7553798294, 148922.53469982147, 155541.31401981355, 162160.0933398056]
fps.e0:[10916.880655909112, 10898.388492129361, 10912.529457158105, 10908.008618517575, 10925.622362471087, 10920.922311086475, 10937.128928745486, 10927.752570235665, 10909.822301597032, 10903.686360803718, 10922.436599674167, 10923.360877368099, 10919.880275707734, 10939.14311282933, 10912.92384885714, 10920.841326877657, 10925.82599794941, 10933.048991723797, 10922.954726493515, 10899.269342997513, 10919.544711118699, 10899.779376431017, 10911.651444486191, 10929.924266521799, 10942.22506501333]
fps.e0u:[9.822488030859793, 9.83012817626329, 9.869159415222693, 9.788710713491714, 9.908029804893927, 9.793381275339181, 9.823977977016588, 9.770664936398978, 9.792307251969032, 9.947579106297296, 9.852388702195716, 9.927614152437148, 9.943255892184588, 9.811907896910581, 9.887855378829608, 9.928881055635827, 9.89250714866231, 9.880381400058061, 9.869840213295605, 9.915711207581742, 9.978623949378155, 9.960895941516156, 9.942124363234315, 9.909734402788793, 9.91991328985267]
fps.lt:[8979.901330266086, 9594.223697309284, 9152.066941583318, 9223.988849491849, 9012.796959150532, 8834.621789811692, 8668.946918772255, 8935.618138171882, 9252.15612445516, 9261.846892384332, 9122.220277952909, 8996.81680367713, 9066.36043498585, 8712.585387235156, 9299.28095539313, 9097.890745171702, 9148.794825267923, 8815.40761894066, 9191.219046996075, 9581.043271164332, 9174.137535131465, 9643.65987817662, 9466.893583384277, 8845.407116180833, 8790.86798916341]
fps.ltu:[218.00191800048603, 249.99380153768521, 227.36948460830075, 229.5028382252326, 221.33808263904476, 211.76371055948252, 202.82435522598468, 215.07520215148824, 231.74259768089158, 235.01157227714774, 225.9001326779211, 219.8372862271552, 224.8312196647066, 204.7614385743907, 234.37931697419876, 225.49879040312177, 227.58693101573547, 211.49271896445032, 230.02918853813892, 249.83573690039802, 230.60413020133447, 253.52588424059556, 244.68663051704155, 213.50142647080617, 210.84854267135395]
fps.c2:[2.342643999063555, 1.924500916296606, 1.9003994627886966, 2.436866631629419, 1.3423863559409286, 3.0611428637889753, 1.7159555588840585, 1.3601783693105882, 3.6591036587498116, 1.8120272756875138, 1.1720494656160958, 2.67077450005308, 1.0027800061891028, 2.4263982701552202, 4.562121048856397, 1.4945392244276094, 3.4891988915144463, 3.5384270949602246, 3.2485773310354693, 2.001897407445286, 2.166585443480155, 2.0987837871464174, 3.257608351928613, 0.8983596570965459, 0.8585226054165804]
FC:[[3.758440500577741, 3.799422355665026, 3.8279200454538094, 3.863503442906817, 3.901384681625276, 3.934520025481038], [3.834545673645668, 3.8616947311346896, 3.8796903516413574, 3.9176501629456664, 3.9523681850531465, 3.989617749269897], [3.9657272010758406, 3.9889551993098333, 4.015370169068432, 4.050237722313319, 4.084869692596859, 4.1189955512884655]]
FCE:[[0.023143026630627648, 0.013423654721246207, 0.008716025589142768, 0.006890853260840923, 0.005864888271689565, 0.005056488317554967], [0.01788308235641164, 0.010557733222302867, 0.006767259952173599, 0.005349504179062261, 0.004436885658165077, 0.003936494342315796], [0.015108577099494083, 0.008718917627385634, 0.005599479721320514, 0.004423376282556632, 0.003768448747033517, 0.003345197984872725]]
