Ri:[50, 100, 150, 200]
Zi:[100, 200, 300, 400, 510]
FC:[[3.954128092256626, 3.9738276896818387, 3.97802601008858, 4.006402837585724, 4.021958289342683], [3.960798099373811, 3.995523796688026, 4.003854970953308, 4.02258129514196, 4.044884162908984], [4.06700253166947, 4.102673142019733, 4.124982471048995, 4.148506144213913, 4.176695395014239], [4.371846829210313, 4.427825158949678, 4.468258106391654, 4.505583652315755, 4.53625443492698]]
FCE:[[0.02990912968764352, 0.019784224694323407, 0.016061776016858164, 0.013963698702454447, 0.012308928584503274], [0.014625691838273632, 0.009973714375356907, 0.008023209888135438, 0.006926305640928867, 0.006113570631470292], [0.010103083875331388, 0.006865699876745526, 0.0055315381299615276, 0.004765431076047706, 0.004159347584272252], [0.008476425404191303, 0.005772297617281408, 0.004653857107527903, 0.004029380918916201, 0.0035624946234946195]]
fps.ts:[1622633422.4046001, 1622636897.7738, 1622640373.1430001, 1622643848.5121999, 1622647323.8814, 1622650799.2505999, 1622654274.6198, 1622657749.9890003, 1622661225.3582, 1622664700.7274003, 1622668176.0966, 1622671651.4658003, 1622675126.835, 1622678602.2042003, 1622682077.5734, 1622685552.9426003, 1622689028.3118, 1622692503.6810002, 1622695979.0502002, 1622699454.4194002, 1622702929.7886004, 1622706405.1578002, 1622709880.5270004, 1622713355.8962002, 1622716831.2654004]
fps.e0:[10754.532977711184, 10711.116641100607, 10720.176144422961, 10702.328074555506, 10729.361740031381, 10717.154440517674, 10729.229407772114, 10734.24706441596, 10741.6219299547, 10711.994901638238, 10733.478135097022, 10718.773381935538, 10756.709906474509, 10696.355807567654, 10703.375563384263, 10724.663203807206, 10736.036382385542, 10713.746852827779, 10726.506803059245, 10745.582240276439, 10715.954925424716, 10727.424076820673, 10740.44788022109, 10720.58612457057, 10715.664379239894]
fps.e0u:[13.705509615549719, 13.899971656646429, 14.043653303873343, 13.819297826444755, 13.892849696853439, 13.984511309680366, 13.938132924185075, 13.801118487664251, 13.99061991986244, 13.972607412922915, 13.992347258118395, 13.944290810007697, 14.0094449451107, 13.925586271922555, 14.050483776534957, 13.91578244208995, 14.006009174780544, 14.121302113790895, 14.046059516453811, 13.885139626923959, 14.071298508278776, 13.972305310383046, 13.966878059623069, 13.97715549978747, 14.009317281302739]
fps.lt:[17273.9925482136, 21253.734349561364, 21140.89170942963, 22292.963797464447, 20605.724425671244, 21971.166026184386, 19857.410467407874, 20480.076264165305, 18111.253456430924, 20686.69376764294, 19734.793762489873, 21452.93178313907, 17638.076055591548, 25484.132774981994, 22293.744187130884, 22163.889482137853, 18559.634499768206, 19732.140521600188, 19795.12449807024, 20541.847413064665, 22047.01152327383, 19688.40903296524, 18148.51998112203, 20239.33521182266, 21130.92562278085]
fps.ltu:[1155.3914750211052, 1769.7755277652457, 1759.972119805905, 1930.7910781183746, 1661.2015402485488, 1907.4165384122045, 1547.3698475160174, 1632.7277637257357, 1283.5500673864992, 1683.8503858460394, 1529.4638660395742, 1806.3113493525948, 1225.9570601679607, 2547.1173176814536, 1965.6028602296103, 1917.2223663602435, 1349.8729755372362, 1547.6998270393326, 1542.3112470768103, 1646.3688118873174, 1908.6249347575572, 1521.793643286505, 1282.8674659188066, 1609.5082396635987, 1757.227754388497]
fps.c2:[3.1079856927517966, 1.433267819470336, 1.7317558994595441, 2.2161939267562554, 1.319532152313272, 1.2309188769138746, 0.6524126221992419, 0.8377098007969163, 1.6635382494051747, 1.5451351921954137, 1.8706472264783576, 1.440957507342961, 1.5824315882734306, 1.401816490268622, 2.595845269151324, 2.2901665332884864, 1.9401114546865597, 1.2583790885708719, 1.8376358800710535, 1.8056394148068864, 1.6265749472038236, 1.9394978446166118, 2.6947118150879117, 0.8203281000799174, 2.462333386555651]
