Ri:[50, 100, 150, 200]
Zi:[100, 200, 300, 400, 510]
FC:[[3.977392434339135, 3.968849251434171, 3.9893472890029473, 4.016342913543018, 4.046192912426302], [3.970220421291568, 3.9964231665599357, 4.012991218357458, 4.040034233797497, 4.073601977326109], [4.106604658001405, 4.135017883123641, 4.164083748896856, 4.194447313169716, 4.226879710951999], [4.746956995060612, 4.78340028696845, 4.822887486157285, 4.856573288879033, 4.882761366943052]]
FCE:[[0.04086798354540304, 0.027791190143044306, 0.022311288894671658, 0.01917054845972187, 0.016909921393252002], [0.020334762205655776, 0.013823266858143604, 0.01112465916008053, 0.009626586188307548, 0.008503999773713584], [0.014250099479207707, 0.009669069916588153, 0.007820121662692242, 0.006767033939644589, 0.005984443562563942], [0.013036725284585052, 0.008847927303888682, 0.0071586514619094484, 0.006184171081118187, 0.005462617424485332]]
fps.ts:[1604920013.5405998, 1604923340.2718, 1604926667.0029998, 1604929993.7342, 1604933320.4654, 1604936647.1966, 1604939973.9278002, 1604943300.659, 1604946627.3902001, 1604949954.1213999, 1604953280.8526, 1604956607.5837998, 1604959934.315, 1604963261.0462003, 1604966587.7774, 1604969914.5086002, 1604973241.2398, 1604976567.9710002, 1604979894.7022, 1604983221.4334002, 1604986548.1646001, 1604989874.8958, 1604993201.6270003, 1604996528.3582, 1604999855.0894003]
fps.e0:[9897.64300129278, 9901.568229725233, 9903.546271006411, 9895.300684893054, 9917.487590437453, 9915.571742285965, 9930.111785786357, 9917.694552743182, 9896.805604396217, 9912.711504399926, 9923.37795350471, 9908.329350073938, 9927.894223992045, 9948.844781273649, 9903.927058255897, 9895.975595160007, 9884.312831719071, 9926.427785253789, 9938.590719598948, 9935.842407885677, 9901.211095068937, 9872.673525346812, 9925.700735718436, 9909.63510339199, 9914.817315681825]
fps.e0u:[18.031008883382025, 18.061666149317936, 18.114990756174763, 17.93641640794017, 18.05562846045016, 17.849214138724037, 17.879851767361632, 17.952861164539136, 17.897671921940173, 17.751974521101168, 18.033572580305066, 17.95691940565629, 18.10653415790737, 17.650641943867576, 18.184087299920943, 18.155846627797626, 18.243324903381136, 17.98527630363537, 17.85240478063852, 17.964097704351595, 18.552530842156894, 18.02573926084146, 18.04596419737052, 17.966854898896784, 18.69166571425245]
fps.lt:[16874.418045684502, 17188.601916520453, 17605.606752495827, 19470.52761986817, 16136.227991542914, 16669.89658403053, 15113.00688053244, 15395.906295511166, 17475.41778892935, 17072.470195699803, 15085.735435478555, 16750.439646312872, 14510.636423153726, 14820.408867100992, 16651.14182768427, 16763.535944559757, 19158.09407189694, 14914.364399138954, 14941.094264881709, 14448.803958545916, 16977.18205832599, 20090.52227277768, 16431.58785171213, 15411.948087854764, 15580.616334485789]
fps.ltu:[1549.1785275502966, 1617.4790832481297, 1695.2579185392128, 2048.439251862912, 1417.2025217770808, 1504.696088823753, 1237.574039281324, 1282.594286209118, 1651.3824117802217, 1566.8074281359904, 1242.5863676274034, 1522.4249420994395, 1156.0747062704056, 1179.591060660256, 1523.9547842751012, 1541.1343571321925, 2016.1433549970216, 1212.1352251237583, 1203.048783396502, 1141.251067846871, 1612.8707161676812, 2210.375238041203, 1458.4459621479225, 1304.586097924149, 1375.8631376262479]
fps.c2:[1.4402207713853994, 0.8755176847365473, 1.4404842888280507, 1.0743551459035208, 1.8509886113922651, 1.8379828855217148, 0.85380171665639, 1.7691545370453652, 1.5469140825849403, 1.442835563154504, 1.2511329636985429, 1.4942001177285473, 1.0490761845873111, 1.1056267310991084, 0.6735576632327439, 2.145859159580726, 1.2481331327361964, 1.2041584450140395, 0.3716072433405622, 1.6639880490977057, 0.737365454748149, 2.2447501532061747, 1.4711032098615076, 2.334778652180292, 1.465952754835801]
