Ri:[50, 100, 150, 200]
Zi:[100, 200, 300, 400, 510]
FC:[[4.002928237075794, 4.002491323453511, 4.008702575734574, 4.020309365622665, 4.044933395564172], [3.9952904118238193, 4.006543954431542, 4.019476495149247, 4.0390826845176795, 4.068227393202358], [4.119906852992194, 4.131661930157787, 4.155277147440961, 4.176640324491768, 4.203918753276675], [4.784182126638094, 4.805040791978502, 4.826697105133865, 4.845127132463795, 4.862995796146874]]
FCE:[[0.03173539989482652, 0.022718569393353344, 0.017861545816092096, 0.015436528781748797, 0.013711045330707779], [0.016189320030893063, 0.011091569358541708, 0.008986130349306428, 0.007779241898152013, 0.006907202355626704], [0.011231665475389075, 0.00761394959264498, 0.006158534633325995, 0.0053108844996374955, 0.004701801436774349], [0.010471268106011926, 0.007102716734385459, 0.00573087185721435, 0.004942872849353181, 0.004371467763690271]]
fps.ts:[1612788503.5226002, 1612791636.1758, 1612794768.829, 1612797901.4822001, 1612801034.1354003, 1612804166.7886, 1612807299.4418, 1612810432.0950003, 1612813564.7482002, 1612816697.4014, 1612819830.0546002, 1612822962.7078001, 1612826095.361, 1612829228.0142002, 1612832360.6674004, 1612835493.3206, 1612838625.9738002, 1612841758.6270003, 1612844891.2802002, 1612848023.9334002, 1612851156.5866003, 1612854289.2398002, 1612857421.8930001, 1612860554.5462003, 1612863687.1994004]
fps.e0:[10843.858045931614, 10798.735887497925, 10826.509629047592, 10840.806981608142, 10842.096578790302, 10825.482672475582, 10841.909500456059, 10807.818543283227, 10808.515005679183, 10837.661400840174, 10828.807966084853, 10878.241393945947, 10846.806272916005, 10850.364841125602, 10840.968124133722, 10841.811681881603, 10815.256228843462, 10817.87538013462, 10807.040418815724, 10836.267888160519, 10838.690014682019, 10825.079436893926, 10856.081433513416, 10822.946310997611, 10808.923304539634]
fps.e0u:[15.568584519744396, 15.598372107813775, 15.763027160556097, 15.683641979702786, 15.510695743486046, 15.734470097681767, 15.684127895723204, 15.80169418090979, 15.848752173272677, 15.763668082647708, 15.754121561438302, 15.767869782671546, 15.694228746019105, 15.743797054491967, 15.496281244932332, 15.79364352813525, 15.72181292021468, 15.817931722742243, 15.73345181469708, 15.834070486179078, 15.643178590791907, 15.792566691839044, 15.784711053658611, 15.619227936468533, 15.64387922285742]
fps.lt:[15164.016444325885, 18807.851791696456, 17658.878709004442, 16540.21993485641, 16718.720534560216, 17182.490895201394, 16266.350331151736, 18479.02973294829, 18332.47274077296, 17391.34340515363, 17358.231686744584, 14304.385859355243, 16551.142979082197, 15009.144239761303, 16638.057201113228, 16740.374254117825, 17736.517008351806, 17271.405121777476, 18647.689459575042, 15734.785016482167, 16462.296382090455, 16833.676359243294, 14713.232689043927, 18032.51329010508, 18318.998976371815]
fps.ltu:[1000.8992461725257, 1534.976016654414, 1371.0681282295657, 1201.9406989100708, 1211.0709329192584, 1302.0394339973832, 1157.8179605398632, 1501.7877620328957, 1480.3232416308726, 1319.2756178766847, 1322.1339259225426, 899.804557573653, 1196.0788190142457, 988.853065370555, 1201.6788539645186, 1225.901737200833, 1381.0164709026815, 1311.1215924127605, 1519.0687533943883, 1088.2891155857078, 1177.5096894992378, 1245.4155898651663, 952.8794442261437, 1415.196672580411, 1454.7236797395997]
fps.c2:[1.8342154737970842, 1.9516586554914552, 0.8014390678062864, 1.712100644885358, 1.9923449394939547, 1.2065817696726557, 1.8595629028598237, 1.4075631944665352, 0.9638021143179116, 2.2301116864250146, 2.4959112124037786, 3.146100808307423, 1.458502137708391, 0.7265895933985397, 2.5224526804546015, 1.2221693566095921, 1.5082586181870365, 1.647597759169153, 1.4333273512916784, 0.9051510035248482, 1.7010624030888262, 1.697891781438816, 2.034074030069884, 1.4605181071068634, 0.6916138954146454]
