Ri:[100, 130, 160]
Zi:[50, 100, 200, 300, 400, 500]
fps.ts:[534.8499399995803, 1604.549819998741, 2674.2496999979016, 3743.9495799970623, 4813.6494599962225, 5883.349339995384, 6953.049219994544, 8022.749099993705, 9092.448979992865, 10162.148859992027, 11231.848739991186, 12301.548619990348, 13371.248499989508, 14440.94837998867, 15510.648259987829, 16580.348139986992, 17650.04801998615, 18719.747899985312, 19789.44777998447, 20859.14765998363, 21928.847539982795, 22998.547419981955, 24068.247299981114, 25137.947179980278, 26207.647059979437]
fps.e0:[10818.292069405992, 10828.008384721174, 10838.688476108966, 10855.505517044056, 10869.20656777292, 10846.412941370916, 10833.043377402653, 10889.987791229532, 10857.62739644136, 10875.310623142286, 10859.559864659986, 10889.787121819172, 10870.819154305897, 10865.105628041449, 10872.181237141729, 10838.023505155028, 10838.047841660476, 10875.047899520647, 10860.734083175235, 10857.475038631335, 10839.62274516388, 10859.535208926274, 10864.013292995482, 10836.420830188985, 10817.268299647412]
fps.e0u:[15.743347840718235, 16.089555726519905, 15.929326030365797, 15.773671599021746, 15.864652240459707, 16.190340185658556, 15.92575289236155, 15.788460002446849, 15.997021002741414, 15.779318931887758, 15.583700011210716, 15.711686928152606, 15.661262448825386, 15.825670377774493, 15.82727286483996, 15.743511697572897, 15.907374967167335, 16.39914838825871, 16.260192464973443, 16.556018336748593, 16.93625453247324, 17.18735728534188, 17.29008455849522, 17.83664258517364, 18.06751845489881]
fps.lt:[5387.131979222693, 5636.097169295773, 5614.9304907950145, 5595.893087238332, 5538.653453797867, 5571.112888212791, 5822.346995427684, 5298.143031555974, 5579.98115312642, 5401.104151116111, 5655.484352384679, 5256.32555133089, 5477.032091369364, 5381.653293664656, 5357.256232284146, 5676.1194230304045, 5582.539277906483, 5315.387470624171, 5369.240574496735, 5490.277213757269, 5564.615001595041, 5487.434964936207, 5301.359975145362, 5448.059314524072, 5578.200443638759]
fps.ltu:[124.69838485402565, 137.04753668532413, 136.69456077438264, 134.64227983003218, 131.8688489884861, 136.3555630032112, 146.1955103015135, 120.48334000983105, 134.40467858777043, 125.33713536918177, 134.73451454599282, 118.51367122539905, 128.86427656809397, 124.78620558698027, 124.1611274669705, 138.45889832154575, 135.60847882441746, 125.27678940521511, 128.1749532314726, 136.16184475574627, 142.60356981737314, 140.5862542033175, 131.94848030821214, 143.38949363839689, 153.77126381281235]
fps.c2:[3.6731305503350637, 2.381565251513184, 4.009501880582104, 5.906247437787742, 2.6867946624397723, 3.318871192246397, 2.9228121839865326, 1.5170651786280658, 2.5728142950839206, 2.9617343311424045, 5.303549679493246, 3.4721131700813137, 2.1580148059529543, 2.4532544458320262, 1.059721910956197, 2.5689442418810793, 3.0613906628141523, 1.8473455046578589, 5.987190194206551, 2.2540357918508125, 1.7943826254035418, 3.092111679280738, 3.560624569169941, 2.209487162072066, 4.235570736388234]
FC:[[3.7892962710114184, 3.842448874002345, 3.875552796597048, 3.946437241007839, 4.0451879547263925, 4.151810678888848], [3.823031577703325, 3.864910528629026, 3.915353730185931, 3.992971928296927, 4.093608120329709, 4.193434448353224], [3.932565577889831, 3.9870819758504226, 4.052651281108304, 4.128389539232274, 4.217486393826197, 4.3155484696961945]]
FCE:[[0.049649778301783694, 0.0240511426578861, 0.01433660900306354, 0.0112317922971278, 0.009638078785908, 0.008264323120994939], [0.039319927448450295, 0.018724538157307614, 0.011155933905319678, 0.008756566541390608, 0.007162453202182469, 0.006417863678252017], [0.033016320679533924, 0.016037364862866905, 0.00927437657477616, 0.007092811179403048, 0.006049184838608026, 0.005425229153511563]]
