Ri:[100, 130, 160]
Zi:[50, 100, 200, 300, 400, 500]
fps.ts:[1829.90523999691, 5489.715719990731, 9149.52619998455, 12809.33667997837, 16469.14715997219, 20128.95763996601, 23788.76811995983, 27448.578599953653, 31108.389079947472, 34768.19955994129, 38428.01003993511, 42087.82051992894, 45747.63099992275, 49407.44147991657, 53067.25195991039, 56727.06243990421, 60386.87291989803, 64046.68339989186, 67706.49387988567, 71366.30435987949, 75026.1148398733, 78685.92531986714, 82345.73579986095, 86005.54627985478, 89665.3567598486]
fps.e0:[10819.821013386092, 10810.798948580914, 10810.145895479822, 10815.057385483911, 10810.163500303877, 10827.492901229603, 10801.39829686649, 10816.497715735737, 10804.035605998966, 10831.748139836578, 10806.833173198716, 10823.781114322655, 10836.849986267674, 10845.910680591061, 10816.130019590333, 10813.376736657674, 10819.794514575668, 10840.11799663272, 10815.910280630214, 10807.401040847344, 10827.710404033885, 10830.938473145594, 10823.16891299306, 10826.16985728675, 10811.644702101139]
fps.e0u:[12.266640753126088, 12.302136063322656, 12.39254500351128, 12.430208078687984, 12.25876394731047, 12.216359915729898, 12.282690567437442, 12.333078365675117, 12.380782826686877, 12.368138100322733, 12.245798585599363, 12.375472290814418, 12.240432525632198, 12.137552913024923, 12.398479428559632, 12.439293821919694, 12.367944776130294, 12.368174075730487, 12.482477559823925, 12.419838414773341, 12.342310654001679, 12.344036940206042, 12.361460936567148, 12.296515257555658, 12.33052327179119]
fps.lt:[5539.292450318524, 5662.001370363393, 5637.260787913797, 5668.5054303887355, 5734.781609400328, 5573.480931809008, 5774.257238498128, 5607.116711137368, 5786.250021038783, 5564.840577711644, 5765.168205851995, 5647.081379569452, 5486.134586334204, 5532.9692798055685, 5734.722825516606, 5754.7276195577015, 5769.206985082112, 5485.471663117181, 5751.906452286969, 5812.935042927878, 5748.0693715142, 5618.459257276066, 5686.3125060103885, 5750.014160028462, 5804.927724155925]
fps.ltu:[103.84528553903642, 108.40380289708484, 107.48457336330591, 109.21839665416948, 111.07846558740418, 104.33117423160274, 112.20755919596434, 105.75823744133561, 114.11165398429159, 105.33564423683964, 111.97688204989004, 107.45241613223554, 101.39648238954763, 102.20262710882018, 111.65740436222096, 112.67419611715789, 112.93070611096277, 101.92080086259477, 112.8358713006342, 114.82781072841294, 111.8899129268495, 106.57578320530945, 110.17207147191436, 111.31480162310383, 113.93171145787889]
fps.c2:[1.8929026922801826, 3.2994737728869716, 1.6737505683104694, 1.8261416974392821, 2.2812949466043166, 2.655688932106737, 2.4507849283292327, 1.230020217423959, 1.4827272616667397, 1.270824207427333, 1.0606205014962606, 1.2968236622518938, 1.1085593219200225, 2.969283716735774, 0.5390048186314662, 2.79365677865155, 1.4539189336326659, 2.037066673185412, 1.8645721816795073, 2.5362806227749357, 2.3571801685593488, 2.0185436068540517, 1.6788061819302116, 2.162019507158782, 2.1200027125872585]
FC:[[3.834843529012647, 3.8462381569565425, 3.866993947475066, 3.910419354378509, 3.9574389651240782, 4.010325185693662], [3.8287110713576116, 3.8569967754338603, 3.8930376025963245, 3.9489357930030393, 4.003054071214588, 4.0557905053947385], [3.9382550214259595, 3.986183358149972, 4.019542860751432, 4.07503816547362, 4.133772470004856, 4.185824717850047]]
FCE:[[0.035657487022606245, 0.018091467558107328, 0.01098600457968097, 0.008499032612046091, 0.007160201737265038, 0.006348450345969334], [0.027318119959463392, 0.013957363485290721, 0.00845517327984441, 0.006576731845820851, 0.005569768060718489, 0.004826692449280956], [0.023462435322047937, 0.011910726963197798, 0.007169415052752759, 0.005434591715436238, 0.004510033954412428, 0.004006010431693129]]
