Ri:[100, 130, 160]
Zi:[50, 100, 200, 300, 400, 500]
fps.ts:[1753.7072599983214, 5261.1217799949645, 8768.536299991607, 12275.950819988251, 15783.365339984892, 19290.779859981536, 22798.19437997818, 26305.60889997482, 29813.023419971465, 33320.437939968106, 36827.85245996475, 40335.266979961394, 43842.68149995804, 47350.09601995468, 50857.51053995132, 54364.925059947964, 57872.33957994461, 61379.75409994125, 64887.16861993789, 68394.58313993453, 71901.99765993118, 75409.41217992782, 78916.82669992447, 82424.24121992111, 85931.65573991775]
fps.e0:[10841.348176159066, 10804.942506463294, 10817.22555282252, 10824.195253561444, 10823.36059289145, 10826.288807539833, 10818.897658217074, 10818.217363834508, 10829.465052143536, 10840.210504782672, 10818.267157830636, 10785.92587953208, 10822.522378611242, 10838.292795221269, 10808.275780139435, 10807.381845352924, 10825.956239041197, 10860.532188117977, 10814.674296143172, 10844.246924518757, 10838.521413580875, 10825.283064650552, 10826.471397144325, 10820.255288082923, 10850.932943689364]
fps.e0u:[12.404046269643256, 12.424959092329003, 12.415448156741103, 12.437620371873768, 12.404319169179384, 12.397689902172774, 12.338174596560016, 12.373650815338667, 12.316971837826056, 12.377526631288845, 12.51529352782204, 12.342260274344898, 12.439983387989676, 12.413484538804529, 12.434463723023935, 12.55991683766199, 12.463854028742782, 12.406355977367525, 12.68128175308921, 12.456451437543658, 12.489555152990341, 12.423492497160547, 12.562468524034504, 12.414905663138864, 12.751175223222376]
fps.lt:[9911.16500343713, 11248.193852329234, 10687.431512794696, 10256.92460837299, 10805.617727574054, 10550.33025371081, 10740.035119459055, 11053.496362760972, 10503.090395758443, 10574.69622186857, 10564.944972570189, 11988.815539305635, 11310.08981687906, 10549.74907443174, 11532.26240315351, 11691.303814906587, 11029.070387371308, 10216.826319113843, 11718.862808345102, 10380.572138012049, 11019.435171574733, 11308.679632489426, 11290.05618220516, 11404.7889495902, 10375.830802185235]
fps.ltu:[337.4367454136832, 435.6806274065931, 393.14765296647136, 364.428387208736, 402.9349057047864, 381.82658882605574, 398.75222201801574, 420.17946420855276, 380.31584709945986, 383.3386293340985, 388.7972045165516, 493.18718497867457, 439.7946503494669, 383.3158235731721, 457.5817242699162, 474.69339727368146, 421.798996043952, 360.1393321904676, 479.36691668977994, 372.17562363893234, 418.54913578542397, 440.88150281871594, 442.49500009464043, 448.9609753050953, 378.45636672430965]
fps.c2:[1.1035439004718564, 1.2166083112496118, 1.4685725750272418, 1.3913769567548318, 1.4577562167784512, 1.210452144625041, 0.7515126505712746, 2.2151839023228916, 1.5692143098065012, 1.8566088131235898, 0.6051972355168422, 1.3955428158243335, 1.5296278193243964, 2.280208786768989, 1.566316624265976, 1.6504634237929063, 1.3927371557398582, 3.1062981367361777, 1.3265200171358913, 1.2057327081522757, 0.5975058091412788, 3.1280736949949284, 1.383363830261883, 0.5140965767547567, 0.9275477876745508]
FC:[[3.879118026861268, 3.8733304692473953, 3.8665360655038556, 3.9000857885986626, 3.9313259896569974, 3.9522246354513877], [3.8720739985971306, 3.89466983709796, 3.9113631309062136, 3.941637867815158, 3.9747664630818824, 4.002517647844637], [4.001328495041877, 4.027779087229741, 4.042535282446354, 4.069103692043546, 4.0977895837520215, 4.127972774225029]]
FCE:[[0.028989839844832884, 0.017987760901579386, 0.011701296545267074, 0.008991092432345705, 0.007429424841825263, 0.006528879231822856], [0.022099240897284874, 0.013428003213059187, 0.008586338097977647, 0.006782360352544886, 0.0057642370630509275, 0.0050916084393805485], [0.01849374963297076, 0.011148659990737194, 0.007267172850501764, 0.005736199820725647, 0.004880911436196137, 0.004329350022211523]]
