Ri:[100, 130, 160]
Zi:[50, 100, 200, 300, 400, 500]
fps.ts:[1745.5856399965287, 5236.756919989586, 8727.928199982643, 12219.0994799757, 15710.270759968758, 19201.442039961817, 22692.61331995487, 26183.784599947932, 29674.955879940986, 33166.12715993405, 36657.29843992711, 40148.46971992016, 43639.640999913216, 47130.81227990627, 50621.98355989934, 54113.15483989239, 57604.326119885445, 61095.4973998785, 64586.66867987157, 68077.83995986462, 71569.01123985767, 75060.18251985073, 78551.3537998438, 82042.52507983685, 85533.6963598299]
fps.e0:[10984.229819034983, 10990.559594319724, 10965.339002940478, 11015.575036848837, 10976.433782722985, 10988.898698553212, 11002.057786316866, 10992.35145276384, 10975.768466021855, 10984.13517782433, 10946.300670804212, 10988.533477186309, 11006.153422958816, 10967.792131880196, 10963.793112762261, 10987.17343127012, 10980.079507734432, 11002.041062637276, 10981.32721546601, 10975.468722938082, 10991.201392329236, 10973.42546258693, 10958.494568673517, 10975.864625771479, 10997.014259995225]
fps.e0u:[16.402128108456346, 16.32982242785061, 16.20072426595636, 16.185267005926587, 16.476438488412388, 16.340305203519844, 16.086128033578664, 16.119465995641328, 16.38684826095506, 16.23209036195114, 16.421339204836105, 16.229826813728447, 16.297899226401192, 16.431566720846057, 16.416754548578588, 16.461747544368638, 16.57862872784945, 16.419217971644347, 16.535340015550457, 16.78366809556185, 16.339218483140847, 16.257975133859155, 16.448539551209663, 16.219394090853893, 16.60942330294014]
fps.lt:[12602.817087714371, 13271.720578647273, 14157.025428745663, 12301.98458019266, 13109.79271220845, 12515.583783765596, 12485.03681604959, 12512.677561017535, 12784.737603801294, 13148.762699973357, 15018.718498873646, 12790.447008182604, 11508.477054688976, 13344.672983219467, 13563.168549725335, 12247.679858366457, 12862.045382546525, 12600.644013460174, 13369.68421576173, 13275.66779531145, 12631.614312765989, 13447.088997907678, 13352.437759092123, 13249.929327425101, 11972.0914647847]
fps.ltu:[707.241401345269, 775.8263027648884, 875.8603757250276, 668.3845623442754, 769.2850064476561, 697.3379157202448, 680.4630446589287, 690.91587431686, 732.2264281815376, 761.1257254732976, 1006.8020310173457, 721.4383622958404, 583.551514664642, 793.8366366122424, 814.5280505911358, 671.6330731142648, 742.3632836366054, 706.3224117685002, 801.0358796443038, 801.2110916149621, 709.273623460706, 798.8175909570023, 795.1686901027696, 774.174311980975, 641.9310717912774]
fps.c2:[2.084649929755448, 0.7505842892164316, 0.6681597136797435, 1.4302116709262571, 1.983241614771064, 1.7226587940662754, 1.0341857180367993, 1.321264144854547, 1.4201106615616852, 1.0182666876142532, 0.6321457106976709, 1.296858394468008, 0.977664589443076, 0.8886902015983564, 1.5525219458027235, 0.5648564946393201, 1.3544339334434263, 1.4089870181811224, 0.6251419481588052, 1.2965329004115178, 0.909135557982736, 1.6421370550298968, 0.7328849254901778, 1.5761179613997618, 1.022887478565585]
FC:[[3.8157849436000544, 3.8531423843614205, 3.8808194783466528, 3.906828235465275, 3.9350707173148227, 3.965359153430216], [3.863877666171715, 3.9044780979601037, 3.9336850021658627, 3.9615941981595015, 3.9903574774702095, 4.015983502200646], [4.005687093769546, 4.043705748450164, 4.073117993321739, 4.105262173691179, 4.131731198705274, 4.154881015154679]]
FCE:[[0.03676879208223082, 0.022514686296373643, 0.015039511668320137, 0.011890894280760803, 0.009804241768211002, 0.008599325092025602], [0.027478037542694757, 0.017613305851674733, 0.011414871047948078, 0.009012653595831881, 0.007631477234056329, 0.006691883811956726], [0.023441733553314643, 0.01464430219208817, 0.009667607090214381, 0.007673124542253185, 0.00650855584785152, 0.00572037600911003]]
