Ri:[100, 130, 160]
Zi:[50, 100, 200, 300, 400, 500]
fps.ts:[1731.7145200014115, 5195.143560004235, 8658.572600007057, 12122.001640009881, 15585.430680012703, 19048.859720015527, 22512.288760018353, 25975.71780002117, 29439.146840023997, 32902.575880026816, 36366.00492002964, 39829.43396003247, 43292.863000035286, 46756.29204003811, 50219.72108004094, 53683.150120043756, 57146.57916004658, 60610.0082000494, 64073.437240052226, 67536.86628005505, 71000.29532005786, 74463.7243600607, 77927.15340006351, 81390.58244006636, 84854.01148006917]
fps.e0:[10906.931468075883, 10930.716641431294, 10926.967193146758, 10912.630526563149, 10939.291166950785, 10925.906219914339, 10940.719168379463, 10919.740895832747, 10928.366019959607, 10933.28112487435, 10927.444867274127, 10915.804758976283, 10923.052759042712, 10954.965084328505, 10919.825206945623, 10931.123161075417, 10926.786280131642, 10883.446733019608, 10925.436438720082, 10924.74653179919, 10911.803182250187, 10935.3921033118, 10907.425793526341, 10927.623327196505, 10930.014492307475]
fps.e0u:[14.968027913498913, 14.771702634056227, 14.939515275372111, 14.672754224098568, 14.827744462596044, 14.902328560230922, 14.946165227139709, 14.74682535230819, 14.78209859572957, 15.00042763872487, 15.017817304671919, 14.924797985702673, 14.891497943968224, 14.691587706632092, 14.78099534789407, 14.856978576720762, 14.869267650085686, 15.219925033068794, 14.798200456046294, 14.932856326211065, 15.021747369799641, 15.02728765315098, 15.018121451828328, 14.923097855521817, 14.787977371677774]
fps.lt:[13338.928383498687, 12782.763517779102, 13025.49085021818, 13341.400627897408, 12252.958847373911, 12798.618133475291, 12481.426617918745, 12913.888118274901, 12949.338342271027, 13115.514352986944, 12984.156101544371, 13533.673071482443, 13031.480710294083, 12093.564672560478, 12983.209630795873, 12767.835959937895, 13390.769730773272, 14673.24800974701, 12777.621661264766, 12833.932464791811, 13854.43676658675, 12114.366105904135, 14123.153332755537, 13103.682680794114, 13168.015198001787]
fps.ltu:[734.5351885016381, 664.4581156972757, 696.1027267293169, 719.949554294855, 616.043039184134, 674.4940214646304, 640.8037489231349, 678.4338286274605, 687.2545038074369, 706.5012523465496, 699.5928018495486, 756.27633998556, 700.4912609895049, 597.6582124711861, 691.6013616438445, 669.3228638171535, 736.9339050284748, 900.7572085425759, 668.9131163174488, 677.4426810343388, 791.1570900629239, 609.2380025965514, 821.3963464368435, 710.7142959547987, 704.2337404283513]
fps.c2:[1.346743602721576, 1.3500866646084153, 1.1358795002074291, 0.7301481135956495, 1.6974349478095536, 1.6269379665052044, 1.0759670683906992, 0.9446087745950505, 0.8077705839216928, 1.734661392646721, 0.7975949339596448, 1.6384250450155133, 0.8129187087552423, 1.4526200488017695, 1.337996296128925, 2.237930782715939, 0.8694642499260207, 1.7074565215532993, 1.7411109558604057, 1.0251651042105805, 1.6970689324002708, 0.5828748776932579, 1.3548323112472596, 0.7906977267771306, 1.677747850411689]
FC:[[3.836683075589102, 3.8850690483237456, 3.908671767438516, 3.9245632279056206, 3.941231594962662, 3.9639567089256778], [3.8872708739861412, 3.920500401017205, 3.9561580833717818, 3.9660207213316823, 3.9932782977416195, 4.016272179616907], [4.006499683226056, 4.043802807501438, 4.071304192708228, 4.093479924789856, 4.11871035474019, 4.142740324172886]]
FCE:[[0.03305319016591158, 0.020910034034827038, 0.013816478843076095, 0.010895930932986533, 0.009231869416039463, 0.00811462175289191], [0.02571742730230443, 0.016195195700007353, 0.010702135085560165, 0.008411526336502922, 0.00699233144634788, 0.006168114891205252], [0.02205077930642507, 0.01338563763275388, 0.008823508011008395, 0.006971724492843713, 0.0058058918302405105, 0.005129707074804435]]
