Ri:[50, 100, 150, 200]
Zi:[100, 200, 300, 400, 510]
FC:[[4.0178037392949095, 4.018740991927991, 4.045479201619538, 4.040522217446512, 4.056986098884095], [4.0425327773278585, 4.03590465143668, 4.058449436528558, 4.0693164484563775, 4.096955491281787], [4.181184163755246, 4.184747335654411, 4.209675007886456, 4.229635880486941, 4.25687962557564], [4.788306658848471, 4.8329980962708134, 4.871103807825004, 4.89452533919808, 4.914756151466059]]
FCE:[[0.048879163244241575, 0.032899294749964315, 0.02587254617608346, 0.02218898542601154, 0.01944160527280486], [0.02338514223467016, 0.01625877729878257, 0.012763574620889616, 0.010991886932661564, 0.009719334659589157], [0.0159969456876967, 0.010810168343871225, 0.008743659944442409, 0.007536622445098264, 0.0066583436601758235], [0.0146264484488122, 0.009951270697637973, 0.008070485010917554, 0.006967964961044083, 0.006156842661292962]]
fps.ts:[1618645008.4084601, 1618648466.9053802, 1618651925.4023001, 1618655383.89922, 1618658842.39614, 1618662300.8930602, 1618665759.38998, 1618669217.8869, 1618672676.38382, 1618676134.8807402, 1618679593.3776603, 1618683051.8745801, 1618686510.3715, 1618689968.8684201, 1618693427.3653402, 1618696885.86226, 1618700344.3591802, 1618703802.8561, 1618707261.3530202, 1618710719.8499403, 1618714178.3468602, 1618717636.84378, 1618721095.3407001, 1618724553.8376203, 1618728012.3345401]
fps.e0:[10693.20015265495, 10682.382244562365, 10690.185285265317, 10728.154500906236, 10731.864363881785, 10731.489302784348, 10680.591356666515, 10715.351703900735, 10710.813890277223, 10709.250493415479, 10702.150829428721, 10650.49670490269, 10685.961269790481, 10695.436430063139, 10714.173784514554, 10677.894395991647, 10700.082114208915, 10715.397206595047, 10690.641508215247, 10715.020588001953, 10699.434488070732, 10756.65728756144, 10708.321244207853, 10719.026573447052, 10645.741144115564]
fps.e0u:[21.550204131053388, 21.482283700373525, 21.58614319460891, 21.069930268455046, 21.40031695974313, 21.286351562388344, 21.7741443513652, 21.119029480292408, 21.63214656989626, 21.44965505579433, 21.68226278139937, 21.498545784038512, 21.42972245542517, 21.494204321490393, 21.618454559541522, 21.483500682312496, 21.59300971133075, 21.787786099325064, 21.377924108832246, 21.409294094405134, 21.308714276732285, 21.308254903643846, 21.340010645358976, 21.5196641156342, 22.065448076021582]
fps.lt:[20025.1554404335, 19649.164682460392, 18606.122470099577, 16875.228671015346, 17267.967736293074, 16122.40896142545, 20388.717620397565, 17831.55819956011, 18507.30728573282, 18580.704036128358, 18437.235415343403, 25465.10475379657, 20187.17269752829, 19131.388771436, 18519.438095102574, 22318.844231954597, 19329.642312525502, 16154.191221331424, 21386.830546933146, 18661.220601104633, 19585.879490552226, 14954.840038911454, 18173.791159800774, 17757.418942473032, 26180.582833973716]
fps.ltu:[2411.766655815533, 2346.7736108918966, 2098.550015933475, 1703.440558467461, 1781.1114081136102, 1561.5194253210198, 2528.6113312000784, 1896.183173558639, 2081.1372705694944, 2071.627952923498, 2083.4098055655054, 3936.7719878882326, 2445.471551918705, 2226.049559449701, 2082.2283956862634, 2996.24581982338, 2260.752987963315, 1597.7158559694535, 2755.2070661500734, 2098.4615407802353, 2312.043117154537, 1355.0804160310577, 1986.840665812433, 1903.2723209371975, 4230.410608013833]
fps.c2:[1.2407307914515269, 1.147288205653028, 1.6452071758979583, 1.5339297945437642, 1.060229480354376, 1.4758515017181675, 2.126900824142602, 1.1179383800145373, 1.3529016151792883, 0.48778229211908847, 0.6157426940408429, 1.004902898602111, 1.1953863073831594, 2.076367438445526, 1.1376178918376427, 2.551863101223429, 0.9542910007404133, 2.2691173253353933, 1.3287749259894652, 1.5065893491891247, 0.972479342372925, 0.879735774932253, 0.4158185404283924, 1.172840478504437, 1.0112450651791736]
