Ri:[100, 130, 160]
Zi:[50, 100, 200, 300, 400, 500]
fps.ts:[1762.5755399990082, 5287.7266199970245, 8812.87769999504, 12338.028779993057, 15863.179859991073, 19388.33093998909, 22913.482019987106, 26438.633099985123, 29963.78417998314, 33488.935259981154, 37014.08633997917, 40539.23741997719, 44064.388499975204, 47589.53957997322, 51114.69065997124, 54639.841739969255, 58164.99281996727, 61690.14389996529, 65215.294979963306, 68740.44605996131, 72265.59713995934, 75790.74821995734, 79315.89929995537, 82841.05037995338, 86366.20145995141]
fps.e0:[10800.895781699683, 10812.211277206408, 10809.822584259118, 10811.676977773377, 10769.324161311637, 10796.901811529558, 10806.035611735177, 10797.986740920403, 10816.662689957613, 10817.763135750913, 10801.547107583205, 10794.287857436246, 10796.93504802348, 10803.363553881509, 10812.05578697231, 10792.205934623069, 10780.233095009478, 10801.5830315047, 10781.699358916556, 10774.959974544305, 10782.232104464158, 10781.727780532585, 10787.882032619058, 10805.124226331476, 10798.706188560438]
fps.e0u:[11.535778557633378, 11.590730071220127, 11.560075439726658, 11.507853908830109, 11.69604268083007, 11.591929442838785, 11.628233642536474, 11.659883357277636, 11.565694652856582, 11.666851281313779, 11.551156949475079, 11.610838933452692, 11.572582938038193, 11.880863033628884, 11.66034782184233, 11.64611828390091, 11.666435724509395, 11.590696348355662, 11.605467789779969, 11.598550293538754, 11.658393689091804, 11.71742267867049, 11.639664496068985, 11.528653686310607, 11.680203398150573]
fps.lt:[3157.98737636319, 3124.587722666458, 3132.173412465235, 3125.7944462192936, 3216.18275165673, 3154.376617757013, 3130.991948290918, 3170.406069916375, 3092.6998559364724, 3138.9742294459725, 3175.267812863294, 3174.221077272336, 3164.753643253809, 3165.2321544601327, 3115.9294965589543, 3202.799106960979, 3201.729472617453, 3169.1483430238177, 3226.596088369037, 3240.655099256192, 3226.2114548537393, 3228.194190576655, 3203.962957406514, 3148.547440520377, 3210.4047723126764]
fps.ltu:[33.495589123324926, 33.063319316379804, 33.235167676551235, 32.78804856520722, 35.270744018179144, 33.69323873534715, 33.366573263804696, 34.049374928646614, 32.273665354539766, 33.313001576876616, 34.115552591902706, 34.30595441919137, 33.894749815277606, 34.73249111629451, 33.08764743194107, 34.94810763665563, 34.87933622332117, 33.990670692024, 35.36408104585788, 35.55954399344454, 35.31823649046602, 35.40215627384041, 35.030845653703, 33.42421108459389, 35.03739310089087]
fps.c2:[0.9658141464675188, 1.2266090722399638, 1.1421486874301012, 1.65634776087477, 1.4816558278990162, 2.131782588444007, 1.6122486081518514, 1.7847670003891722, 1.4781999348251675, 2.471585500290193, 1.86116540977608, 1.8149825472833827, 1.600245976528869, 1.6983184491225898, 0.9656836159578565, 1.1983658325429454, 2.954875353323457, 1.8367577429642974, 2.1607965926782513, 1.932843531946231, 2.0064612163011657, 1.443273957367553, 1.557949933750159, 1.7591237688883747, 1.8451158338487466]
FC:[[3.7964788783427688, 3.8353780689047587, 3.913932940455354, 3.984601720858239, 4.06127857136668, 4.132056748212936], [3.8196111120981406, 3.880234016386412, 3.9603777469837183, 4.034902215055402, 4.111663541102946, 4.182041319271068], [3.968305336760102, 4.010580307861616, 4.090730419483786, 4.168982371924283, 4.251260106797119, 4.324731171119667]]
FCE:[[0.032154789792372226, 0.015301376687107645, 0.009552913331917063, 0.007534598434551034, 0.006635853945444455, 0.006089628004994652], [0.02515659082263856, 0.01204792765738592, 0.007474770902391362, 0.005888223194069191, 0.005186456048294639, 0.004761812150678237], [0.021407407472148064, 0.010089857664180503, 0.00621079735757102, 0.005042566572037768, 0.0043496094280529776, 0.003994106637638258]]
