Ri:[100, 130, 160]
Zi:[50, 100, 200, 300, 400, 500]
fps.ts:[1940.994420003891, 5822.983260011673, 9704.972100019455, 13586.960940027238, 17468.94978003502, 21350.9386200428, 25232.92746005058, 29114.916300058365, 32996.90514006615, 36878.89398007393, 40760.88282008171, 44642.8716600895, 48524.860500097275, 52406.84934010506, 56288.83818011284, 60170.82702012062, 64052.81586012841, 67934.80470013618, 71816.79354014396, 75698.78238015175, 79580.77122015954, 83462.76006016732, 87344.7489001751, 91226.73774018287, 95108.72658019066]
fps.e0:[10930.542874198158, 10918.48237144288, 10948.585014428569, 10933.953073138004, 10925.600560042976, 10930.63628770438, 10913.202688129071, 10904.214365328931, 10906.93054519776, 10894.466179103667, 10921.881610389586, 10928.092345785893, 10919.55704261479, 10923.760753650484, 10905.71912943679, 10924.21098001256, 10904.793632835059, 10939.862756620934, 10893.284516303129, 10905.57337196902, 10909.671079546202, 10954.64672296253, 10939.228170925675, 10936.150544096135, 10917.072474692539]
fps.e0u:[15.121353768040755, 15.831155630908805, 16.13903101295458, 15.636427987435113, 16.268809028739977, 16.193361745986458, 16.40595536452246, 16.22901266799088, 16.358145224448116, 16.06700313053957, 16.256934932959425, 16.27446037048746, 16.11009706684536, 16.331132686730776, 16.50957604507984, 15.844865952569318, 15.972822056825871, 15.507876455015856, 16.818633590213068, 17.23649814411509, 16.421324218939656, 16.806275118256863, 15.180580474040426, 16.071357267719986, 16.251427675471085]
fps.lt:[6794.263846746387, 6703.043938116677, 6517.416418920737, 6777.651810736205, 6741.336625863603, 6631.485520236493, 6835.613177156455, 6931.909471353756, 6842.0688998581445, 7080.321567410942, 6765.572223987343, 6713.848896740395, 6682.959346774234, 6731.809688485917, 6851.610892093447, 6686.270232110917, 6784.534595338078, 6454.754412465008, 7065.137862924585, 6588.564152440249, 6649.96623750732, 6183.397921715853, 6473.7549565904455, 6486.636529929315, 6646.019020875408]
fps.ltu:[190.13754905779564, 195.16469094287376, 187.4549189254295, 194.3665008183995, 201.28826311244916, 193.92880194488717, 209.19273517518636, 213.32457683165498, 207.96907590392115, 220.06562964685202, 202.98765597193298, 200.13828406917452, 197.87377385830996, 202.44361027315315, 211.4391810636678, 193.90152317861785, 199.93682316704925, 177.222077148095, 228.43297262181665, 205.1458896263443, 198.19128921235833, 174.74968152991065, 173.47047315295583, 185.91100236317823, 197.31157585107474]
fps.c2:[1.7383031044114543, 1.6154420058614616, 1.4709386121846018, 1.0546245511580474, 2.8885728249730467, 1.57490382348362, 2.2528972691149693, 1.5043292332985858, 1.5979826332549953, 1.2116800984559768, 1.8216767104275502, 3.3148673044360284, 1.820721951039018, 1.9164766678257659, 0.7568065427993838, 1.003424169000458, 0.9199328617639846, 1.6478806978875105, 2.502355058909847, 1.0696913089644182, 1.943458281725112, 2.3686483868273798, 1.874220937785398, 1.8610406312601062, 2.454224704858881]
FC:[[3.879235349230703, 3.9056998324038474, 3.947317966177843, 4.010949524900588, 4.100421239789648, 4.205975980215609], [3.954580761249392, 3.967340132531068, 4.000293446941807, 4.066317693653645, 4.158920761143196, 4.259601286281409], [4.085778672091869, 4.092181207749219, 4.11751548145382, 4.188284751789678, 4.2758398710434085, 4.372020840010788]]
FCE:[[0.042979241534641034, 0.02371287891546657, 0.014760052884136112, 0.011599861388494448, 0.009731574420744267, 0.008772469560473735], [0.0330743687310134, 0.01838099229569927, 0.011377516405694631, 0.008756481154134703, 0.0075432780210337065, 0.006808724538376727], [0.028300169737325562, 0.015259232085157292, 0.009318644466261784, 0.0073609491757493815, 0.006335037478052179, 0.00572538454280525]]
