Ri:[100, 130, 160]
Zi:[50, 100, 200, 300, 400, 500]
fps.ts:[839.144019999504, 2517.432059998512, 4195.72009999752, 5874.008139996528, 7552.2961799955365, 9230.584219994544, 10908.872259993554, 12587.16029999256, 14265.44833999157, 15943.736379990576, 17622.024419989582, 19300.312459988592, 20978.600499987602, 22656.888539986612, 24335.176579985615, 26013.464619984625, 27691.752659983635, 29370.040699982645, 31048.328739981647, 32726.616779980657, 34404.90481997967, 36083.19285997868, 37761.48089997768, 39439.76893997669, 41118.0569799757]
fps.e0:[9959.36295710249, 9879.84269754389, 9935.182772575825, 9964.896207727172, 9899.008380054276, 9868.868164663652, 9889.90005193491, 9907.145017908675, 9918.337990401295, 9899.752917773647, 9903.979531666118, 9882.365445816844, 9904.192040284323, 9852.55388801361, 9906.132480343085, 9888.127349398152, 9905.079420153328, 9915.841227425759, 9928.410023328921, 9898.470788283934, 9910.787640038065, 9963.919284304131, 9955.121352787224, 9901.047574844233, 9903.747051114055]
fps.e0u:[26.6784820233813, 26.57746259165216, 25.63922304519847, 26.499379517096116, 26.800307573212176, 26.39526503115781, 26.20838493911857, 26.39235831791154, 26.41531604474335, 26.275661824527358, 26.094524794847363, 26.721102842665072, 26.295725742299187, 25.99842694497403, 26.4146623576614, 26.67386297356023, 26.685271947535718, 26.797639304683678, 25.849814671194714, 26.484882560017713, 26.380137591956668, 25.79455400650741, 26.756857160386378, 26.07852277640131, 26.165916197892034]
fps.lt:[4835.6587260866845, 5066.248763021487, 4599.713362222328, 4530.318028089234, 4821.3509871919305, 4915.801166139875, 4907.459408935058, 4821.445150085994, 4590.765249093946, 4804.79875923824, 4852.710061198562, 4895.853619764586, 4638.309218647063, 5111.910752889052, 4717.794661346776, 4858.06395627231, 4750.712181596803, 4649.636429373208, 4597.761598117836, 4907.337408644121, 4681.672261228915, 4371.716880080161, 4459.833556554737, 4836.096988295926, 4782.335531325224]
fps.ltu:[186.49731196960929, 205.2436678884913, 164.43807860026266, 163.85642376878474, 188.36533918701406, 192.64988307097678, 188.67914729546476, 186.17948724707767, 169.13487046057443, 185.2061021465877, 185.0539456937462, 191.7611425800751, 172.31011854895942, 208.73648993318818, 176.82966716669924, 189.39815742384553, 182.48269319150302, 173.19989616900034, 165.93425787825424, 191.5033829568095, 174.2904977716077, 149.729261990127, 158.67602947258013, 184.49285335068976, 180.32180027510353]
fps.c2:[1.5429336611253461, 0.9224304981480282, 0.815832796350289, 1.359740795883059, 1.3521338544422745, 1.2037547293373585, 1.4424006533439977, 1.562030766614331, 0.9406090978850082, 1.190446005550189, 1.0269102498571836, 0.9893931390572388, 0.7968651030791201, 1.380001415192982, 1.1845634586348661, 1.063649262797342, 0.8750910838630706, 1.659906561177968, 0.8923964598120852, 0.9251715756163527, 1.239293455469242, 1.2406090180009304, 0.8850836980570538, 1.3415003526713813, 1.012166141069795]
FC:[[3.793556721506116, 3.913517622868987, 3.9943010987564653, 4.106112645303066, 4.217020853054341, 4.2739529468083886], [3.9976907970490916, 4.058645148545877, 4.147992901319478, 4.260665839442395, 4.364758439150109, 4.426959061114253], [4.213234440270839, 4.27969977535206, 4.3738732110692675, 4.479058618584394, 4.567481502103435, 4.641294713644479]]
FCE:[[0.10169751658473118, 0.04669905538605121, 0.028080391475206676, 0.02245826932894922, 0.019193503310971152, 0.01683644876653536], [0.07975685847764795, 0.03580994753231963, 0.021933479049656056, 0.01734800119783343, 0.01479541804347604, 0.013073227184782796], [0.0681223534067069, 0.03118016419479788, 0.01865691972328345, 0.014707246606734212, 0.012538372108371316, 0.01117244991327336]]
