Ri:[100, 130, 160]
Zi:[50, 100, 200, 300, 400, 500]
fps.ts:[1727.136440000534, 5181.409320001602, 8635.68220000267, 12089.95508000374, 15544.227960004806, 18998.500840005872, 22452.773720006946, 25907.046600008012, 29361.31948000908, 32815.592360010145, 36269.86524001122, 39724.138120012285, 43178.41100001335, 46632.68388001442, 50086.95676001549, 53541.22964001656, 56995.502520017624, 60449.77540001869, 63904.04828001976, 67358.32116002083, 70812.5940400219, 74266.86692002296, 77721.13980002404, 81175.4126800251, 84629.68556002618]
fps.e0:[10934.482818626095, 10942.439171485752, 10934.505720257546, 10931.490811889049, 10941.622813409964, 10968.398676277064, 10941.50899956612, 10929.299010257851, 10938.28530005193, 10929.840812187562, 10927.527612823887, 10928.77890858175, 10936.344204836598, 10936.580308019238, 10932.44126026322, 10931.574422759868, 10925.06366750654, 10939.355964770159, 10933.753851759311, 10956.735050375772, 10937.354250837325, 10937.332540471465, 10948.295421356946, 10940.209742671621, 10927.558438009006]
fps.e0u:[12.175272194650095, 12.108156891838949, 12.039920056530198, 12.225871058537814, 12.122750295102856, 12.156867930075963, 12.101820487432024, 12.129788286361041, 12.094331599888422, 12.170773914733958, 12.105277397215888, 12.083979812251085, 12.256769597615499, 12.088234138519407, 12.190527674558966, 12.037721947700588, 12.145923941602883, 12.160448942289854, 12.129121792862573, 12.135422593749858, 12.110866488983701, 12.097482828100466, 12.11059544193566, 12.078125852267545, 12.162360141309913]
fps.lt:[8731.487873639217, 8509.134194063663, 8755.231339734768, 8727.29532069377, 8532.713010206275, 8289.742272951142, 8700.777691408552, 8790.610467743696, 8715.636826397818, 8816.397647429076, 8871.078589724993, 8922.299188512698, 8739.012400079755, 8695.682896713664, 8789.196002880124, 8864.014855735757, 8918.084254894544, 8664.6877230692, 8634.438483716382, 8356.483667919674, 8787.813327314418, 8553.488048373662, 8466.974243357852, 8688.708920940195, 8717.769116491]
fps.ltu:[254.11010872227584, 242.18132761603815, 254.4127364043637, 255.07940627761718, 242.91230712738727, 227.72750149016116, 250.5868418392714, 256.2237631607921, 252.35027744809796, 258.1170008737139, 261.69217746850154, 263.22470371327967, 257.16145229710344, 252.05437633903432, 257.9671222691273, 260.7330996779349, 263.97349137967615, 249.16510855884795, 248.32139801733857, 232.15078468226147, 256.0709204170887, 241.74228066391981, 238.47132341070377, 250.6795855808579, 254.04644655307277]
fps.c2:[1.1467421630285661, 1.5364829195842151, 3.3598707939198458, 3.6880093911837193, 2.301380988534617, 2.146287049030438, 1.660934016494622, 3.317361706665366, 1.363872031675774, 2.315184625491783, 2.8328109680409073, 2.5511346457600683, 0.8280884733179371, 1.5976379512139556, 2.401342548320233, 1.6616321079153182, 1.7467851065778182, 2.1904504715494935, 3.3434041345102306, 1.9172827007409015, 1.5044000088460836, 1.7825414369996482, 0.9882753187924055, 1.829452083558335, 1.8024597942109741]
FC:[[3.775799402744238, 3.814120948486086, 3.8302117957678137, 3.862601515565437, 3.8933094385583926, 3.9287818157623833], [3.823722449228887, 3.8665849206494696, 3.881362561269563, 3.916170297352127, 3.9436980106307216, 3.98099431640597], [3.929249816267141, 3.991614189701895, 4.014911348249668, 4.048760080930957, 4.080181622907061, 4.116692438620075]]
FCE:[[0.028954541828439533, 0.017616411684501163, 0.010929227381281006, 0.008310542415842143, 0.007030836238424434, 0.006198025336463943], [0.022726833731132646, 0.012919458655515546, 0.00822124484880194, 0.006434378715379493, 0.0054502786367954794, 0.004823325907956812], [0.01886847782801256, 0.010911236741674704, 0.0069557422609116135, 0.0054556564876620485, 0.004637546125617752, 0.00411401493519465]]
