Ri:[100, 130, 160]
Zi:[50, 100, 200, 300, 400, 500]
fps.ts:[1726.4582399988174, 5179.374719996452, 8632.291199994086, 12085.207679991721, 15538.124159989355, 18991.04063998699, 22443.957119984625, 25896.87359998226, 29349.790079979895, 32802.70655997753, 36255.623039975166, 39708.539519972794, 43161.455999970436, 46614.372479968064, 50067.28895996571, 53520.205439963334, 56973.12191996098, 60426.038399958605, 63878.95487995625, 67331.87135995388, 70784.78783995152, 74237.70431994915, 77690.62079994677, 81143.53727994442, 84596.45375994206]
fps.e0:[10924.34109724391, 10901.899259417843, 10935.385239707835, 10916.747882135483, 10933.498322120553, 10919.407245587621, 10935.292011171796, 10884.287266456771, 10909.160907709589, 10916.117538998951, 10931.959414462324, 10913.890001006863, 10936.80523946051, 10918.532905351734, 10931.961353175731, 10897.039596654073, 10902.98603534912, 10922.077050895716, 10913.743986519456, 10931.65441147912, 10930.817009305636, 10918.013435846424, 10922.787864666723, 10948.443882719695, 10924.338308859278]
fps.e0u:[13.866049201445366, 13.929284083267865, 13.825892856676429, 13.961666333126946, 13.774904057622804, 13.973049057198846, 13.902214068497583, 14.051060787039233, 13.837322121195085, 13.779240209073071, 13.949673551742732, 13.850978289092678, 13.896160553605904, 14.064500773480345, 13.807153560626816, 13.95335125572416, 14.027093160797355, 13.866445755057265, 14.035848484598098, 13.76573156295072, 13.955074807373121, 14.151018111124678, 13.853670440484494, 13.761943510202878, 13.974951600646124]
fps.lt:[9271.442575530284, 9511.697432956484, 9009.780299471506, 9232.996786841357, 9049.206645847384, 9426.235080192453, 8826.629794724851, 9973.394549716206, 9560.792924638512, 9467.889952639813, 9046.817240058948, 9537.727333593495, 8994.903073148524, 9344.368759778283, 9158.81109762449, 9883.360249146464, 9572.502049867275, 9012.974480244513, 9625.886342084694, 9112.007067660843, 8950.667337642635, 9305.336092845062, 9284.702547807166, 8681.392703062022, 9124.013592861069]
fps.ltu:[328.0186179236745, 347.4288347367397, 308.66207571193434, 325.77324808809357, 309.3749606166494, 339.026011725695, 297.9582441700694, 383.08196195845727, 349.0652454730382, 340.43860769977, 313.84285167370655, 345.1293938978113, 309.7097283398426, 337.43356756980415, 318.5818108537921, 375.00427571833416, 352.619527702847, 309.66905771794666, 355.8541754495765, 314.50562255675925, 307.80055910429974, 334.4136225216028, 328.56360092328504, 285.69175179483676, 320.9894690276506]
fps.c2:[2.948981829440177, 0.8457527721542175, 1.5180167950523449, 0.8880184046808532, 1.090286473651448, 1.4883190004445408, 1.381781876772504, 0.9985134974953562, 0.7349151217233207, 0.6685481322167275, 0.7186394423627518, 0.9850293409913207, 3.2898630747073145, 1.314364426383108, 0.8856004558327122, 0.745002208419846, 1.9732195656869764, 0.990429870134755, 1.8548519874470084, 1.390962443258403, 1.1858796539860252, 0.6300459587465431, 0.7713751768698415, 0.9493846707468205, 2.071247594041507]
FC:[[3.7299237214373857, 3.783193889106038, 3.832310152472049, 3.8680461277484532, 3.899992795856823, 3.9331144251598773], [3.7698367378227307, 3.835830181080566, 3.8778862473199784, 0.12078708640087667, 3.9536957661924963, 3.988138319954604], [3.900088039061533, 3.9567908915147125, 4.006708536087575, 4.048535988363512, 4.082052632957275, 4.118253448031009]]
FCE:[[0.032305432709968926, 0.019165656373514563, 0.012462981739510513, 0.009804676684743552, 0.008304280640496783, 0.007340000704347552], [0.024923450383678068, 0.01483865266936518, 0.009612684748994885, 22190.519979335044, 0.006442205109322866, 0.005572591843847054], [0.021263257932763853, 0.012545126183353204, 0.007922504607851462, 0.006259579587941702, 0.0053245110410810835, 0.00473624579659476]]
