Ri:[100, 130, 160]
Zi:[50, 100, 200, 300, 400, 500]
fps.ts:[1689.343140001297, 5068.029420003891, 8446.715700006484, 11825.40198000908, 15204.088260011671, 18582.774540014267, 21961.46082001686, 25340.147100019454, 28718.833380022046, 32097.519660024638, 35476.205940027234, 38854.892220029826, 42233.578500032425, 45612.26478003502, 48990.95106003761, 52369.63734004021, 55748.32362004279, 59127.00990004539, 62505.696180047984, 65884.38246005058, 69263.06874005316, 72641.75502005577, 76020.44130005836, 79399.12758006094, 82777.81386006356]
fps.e0:[10759.275882355696, 10736.92361283086, 10756.014522121053, 10756.80276900934, 10722.608282671801, 10772.991133973374, 10721.464668246357, 10742.041740751594, 10747.34911884774, 10750.580771027806, 10740.012205473771, 10766.85840813038, 10743.688696929466, 10730.46285252561, 10748.855647679638, 10766.698447315564, 10777.475389070014, 10771.642654064231, 10762.713725348955, 10747.235065808265, 10777.206506680204, 10773.806108982832, 10777.890573957344, 10764.950641560941, 10767.29209777944]
fps.e0u:[12.500772584304123, 12.58563741948572, 12.50092077776487, 12.477290660446757, 12.62909509996864, 12.508287951076523, 12.657844617749149, 12.55427144118298, 12.541680087588109, 12.520709191234271, 12.552338893699497, 12.54524217725657, 12.438227783745957, 12.441203616571244, 12.411372641734935, 12.517433315408468, 12.499022083417417, 12.45640874269752, 12.419302155129326, 12.420056764150148, 12.630224572025229, 12.52252777743345, 12.397482621230026, 12.448981312571508, 12.582085158480691]
fps.lt:[4341.741901770808, 4463.332260267184, 4422.965458635601, 4455.032711044864, 4534.871533852853, 4308.064494618956, 4512.736296178414, 4431.156062182219, 4390.624395834794, 4407.134430081556, 4465.700698514878, 4340.154374006123, 4445.662699522616, 4482.961075032969, 4450.901268171674, 4311.1860681593, 4304.237198123901, 4377.624254141018, 4390.944242583072, 4500.94452705991, 4321.177444030913, 4321.3396117115035, 4339.690105867942, 4406.332735078312, 4345.036297901252]
fps.ltu:[68.89583462597845, 72.745692578147, 71.06476795016674, 71.79784941690546, 75.72478078631856, 67.81878464728447, 74.8541366780865, 71.51504661307246, 70.04531996949842, 70.64522926764789, 72.3903607262047, 68.17234371159206, 71.5034163791574, 72.56761875994478, 71.36816745501669, 67.66039503934927, 66.82580014582047, 68.57360699933622, 68.9740563950845, 72.64327273586673, 67.83062510332047, 67.26174313763823, 67.67139788502008, 70.08778479749715, 69.03241592576083]
fps.c2:[0.7836434720276895, 1.060291153464781, 1.4711577858174416, 1.23156628875799, 2.119683908544498, 1.6674627919084535, 1.3460966095508053, 0.5795109475880472, 0.9136015093163448, 1.6196855346101822, 1.2229378806825102, 0.9383926953192692, 1.4337039505747962, 2.7059706951838063, 2.396229548940441, 1.6055976935151945, 1.1392064417826693, 1.1050788292938214, 1.4766581746264758, 1.870290613450495, 1.7203488059703425, 1.8721885158282476, 1.6226531736662249, 1.357999062947528, 2.062058292745059]
FC:[[3.7850993656263405, 3.7773314214379625, 3.8283198423376885, 3.8932629895497297, 3.9645505676749457, 4.010287350629726], [3.812608324313612, 3.810393445785774, 3.863139546415837, 3.9475016262136235, 4.009890905671581, 4.05791330210462], [3.9086665868492525, 3.916453921392366, 3.978920268772475, 4.050411037488165, 4.112948648267119, 4.166143917314806]]
FCE:[[0.03629388568835293, 0.017447039652314523, 0.010629190106787804, 0.00844007744767565, 0.007263977404305697, 0.0065783589339861144], [0.028098748714448032, 0.013480871722260018, 0.008227224619973467, 0.006459861922281844, 0.005629045174683604, 0.005097510488183537], [0.023614509382837757, 0.01104969021229778, 0.006747235524441096, 0.0054278869311785855, 0.004735291391091407, 0.0042996588047025715]]
