Ri:[100, 130, 160]
Zi:[50, 100, 200, 300, 400, 500]
fps.ts:[1665.9804600000382, 4997.941380000115, 8329.90230000019, 11661.863220000268, 14993.824140000343, 18325.78506000042, 21657.745980000494, 24989.706900000572, 28321.66782000065, 31653.628740000728, 34985.5896600008, 38317.55058000088, 41649.511500000954, 44981.47242000103, 48313.43334000111, 51645.39426000118, 54977.355180001265, 58309.316100001335, 61641.27702000141, 64973.23794000149, 68305.19886000158, 71637.15978000165, 74969.12070000172, 78301.08162000179, 81633.04254000187]
fps.e0:[10931.644885844118, 10948.20361250519, 10942.747147419608, 10905.460596649838, 10930.738070239719, 10902.368748080173, 10904.97660459115, 10894.401400721656, 10921.654294629181, 10902.670479622078, 10920.799946608062, 10932.52090526863, 10923.689675606347, 10918.376224755055, 10922.25007673733, 10924.083148332418, 10930.141954406952, 10955.304200918838, 10928.500289506017, 10941.92042509981, 10923.445313012779, 10897.246571169271, 10942.686812974951, 10936.920228281839, 10938.36559050468]
fps.e0u:[15.262347041720428, 15.36317126875983, 15.3193013401249, 15.445216724447832, 15.18249336432228, 15.108730623942135, 15.028635595270574, 15.332956457364613, 15.10779920322061, 15.151684299939626, 15.267353230270748, 15.263494672855742, 15.433105928799987, 15.018704731436035, 15.073304843120692, 15.119433070340168, 15.277223576039754, 15.173883065823963, 15.126352854765509, 15.401695682645405, 15.294608609412792, 15.494984232605098, 15.278785776120195, 15.277956822067708, 15.160916023422839]
fps.lt:[13015.721275185846, 12348.692410761987, 12597.794555894421, 14242.5037257888, 13587.878535201167, 14633.134309684623, 13998.699608135357, 14669.489406701896, 13412.01215421245, 14022.476802802617, 13450.525449610159, 12666.940593230818, 13331.745702964488, 13725.193699355732, 13070.443714053765, 13886.576435700012, 13059.905767028298, 11571.39234554198, 12804.981278391135, 12669.890692760828, 13511.730465227449, 14580.020103659066, 12543.692117760062, 12402.529765513893, 12381.702973354297]
fps.ltu:[709.0583077402763, 641.5743271450615, 670.378165564224, 860.0237611338403, 774.7978583035892, 895.5613767105152, 815.3830888259365, 914.7057926321833, 753.2506287044954, 822.4842520123749, 758.395196254768, 677.2907740161379, 753.943997822548, 780.1000106010212, 715.58542069669, 800.5897979600546, 716.6318202121137, 559.8183093304292, 687.186805412285, 679.6143396171245, 765.4679657614199, 903.727608636575, 664.8551409713089, 648.2249530158625, 644.0036241754326]
fps.c2:[1.2296279625375537, 1.479747415759235, 0.9831844774355688, 1.221946851297377, 1.5191294558033752, 0.7789018875902106, 1.357636926956841, 1.6905129256741245, 1.8782467634234448, 1.5763433145672023, 2.6966296392459475, 1.1840142931345243, 0.6789520104491645, 1.2401264175768487, 0.9472292354673524, 1.3709965642575952, 1.0514067179888804, 0.5864915192909874, 1.0455954688960447, 0.768949881126329, 1.2596627407193248, 0.9646722812527813, 0.8222061813383473, 1.7256480530836968, 1.1532847166387852]
FC:[[3.8579881052172524, 3.868619397647422, 3.890914629760113, 3.912792655913542, 3.9321854784087233, 3.9524732589273985], [3.8898659351864415, 3.9057749520733056, 3.9345067869112818, 3.9611189203216197, 3.983613030937678, 4.008615739838115], [4.020325479445054, 4.038539372554035, 4.0603345693488935, 4.083697831759899, 4.111119578028042, 4.138162509877938]]
FCE:[[0.03403230895092603, 0.020960082397985563, 0.01385983266386945, 0.011001308936335647, 0.009316537080520071, 0.00819233333236004], [0.026456309221518686, 0.01636322494181536, 0.010804979713011883, 0.008568539362583664, 0.007279374040887481, 0.006423441178359592], [0.0226867552768589, 0.013606947954018886, 0.008942536868447981, 0.00708113947795086, 0.005902724974004747, 0.0052187168573187915]]
