Ri:[100, 130, 160]
Zi:[50, 100, 200, 300, 400, 500]
fps.ts:[1808.0608599996567, 5424.18257999897, 9040.304299998283, 12656.426019997598, 16272.54773999691, 19888.66945999622, 23504.79117999554, 27120.91289999485, 30737.034619994163, 34353.156339993475, 37969.278059992794, 41585.399779992105, 45201.52149999142, 48817.64321999073, 52433.76493999005, 56049.88665998936, 59666.00837998867, 63282.13009998798, 66898.25181998729, 70514.37353998661, 74130.49525998592, 77746.61697998524, 81362.73869998456, 84978.86041998386, 88594.98213998319]
fps.e0:[10717.162199825161, 10731.335690349439, 10748.3087427835, 10738.330626037714, 10754.9015193925, 10764.302207293376, 10734.004452257139, 10766.530761972026, 10749.465586467966, 10760.791296793812, 10781.889588173752, 10796.570315034494, 10761.103809139699, 10760.875511491571, 10781.453098026686, 10758.405204792916, 10774.967727520521, 10762.755414250862, 10778.684631327727, 10803.435645619595, 10788.3108524521, 10762.884657309805, 10773.808689939237, 10766.535632283883, 10809.141132456562]
fps.e0u:[12.398450760681376, 12.332443663501303, 12.33020450209153, 12.322251818099904, 12.292859731073051, 12.257692902010772, 12.227302046091445, 12.33463871152601, 12.15788216831304, 12.284369484290721, 12.19514202362881, 12.376804705231978, 12.333356068077258, 12.439817059154848, 12.304213689549101, 12.342344939249042, 12.304053304558192, 12.322744909851115, 12.256135688358404, 12.167158405667104, 12.221404382996568, 12.231758310469496, 12.239212940690438, 12.307080985250037, 12.404251089047465]
fps.lt:[2714.351568200652, 2736.9091634403394, 2685.1886276214614, 2725.9997493613178, 2692.341352113457, 2687.299282968618, 2752.8870238060017, 2696.9735521661573, 2747.735783558303, 2719.527024838441, 2684.416904086179, 2669.9455621040715, 2755.6896589953267, 2719.4901976814117, 2697.8125810142815, 2748.159111529613, 2753.9633423100877, 2777.4569392511694, 2741.0190343597346, 2687.8548515491584, 2705.3396049615308, 2768.2563800392204, 2744.7560973136424, 2761.541522756446, 2716.4161910224448]
fps.ltu:[26.896353586503746, 27.043730901618318, 26.074425799830674, 26.86757952389574, 26.04321081921412, 25.990957201645188, 27.271471830847425, 26.320650020286134, 26.864569237539847, 26.575644808754102, 25.74007404851731, 25.799189409795133, 27.31837383241067, 26.873822599219476, 26.204329732816003, 27.362525831795974, 27.265323905123577, 27.670057499231216, 27.073481496599896, 25.928503319621303, 26.243117267818274, 27.600040675171922, 27.073987552597863, 27.576881242155665, 26.576439194346708]
fps.c2:[1.0142599778323764, 2.191195439013634, 1.7800967794879174, 1.804174485910637, 1.2302941898349733, 1.1857891231076416, 0.6947015318286478, 1.484992253855562, 1.9027665913482654, 1.3358516965024652, 1.7649761770535382, 2.4562207739525266, 1.722408153939889, 3.793812295845193, 2.3781281533791647, 1.5919853743564194, 1.3295319712422693, 1.73630620774251, 1.7619362099968596, 2.617467489879623, 1.1572676214929862, 2.3883401016546295, 2.4401498030504576, 2.245779687093455, 1.8133668634321163]
FC:[[3.787604870804589, 3.853222786094512, 3.9477058446524627, 4.039053639432783, 4.133385018621918, 4.216494332377742], [3.8562751236965944, 3.879163563809834, 3.9826213116137734, 4.078545911935767, 4.179438493976457, 4.263060741286333], [3.9505880112307867, 3.9729504454072835, 4.096649694214792, 4.214410418223326, 4.303330917086283, 4.392265550884471]]
FCE:[[0.03233578819493107, 0.016015893350042245, 0.010171343340723856, 0.008384039092652507, 0.007227082964774528, 0.006618646958472241], [0.025722788251038037, 0.012460664472471001, 0.007869090801106407, 0.006493937242150991, 0.005598431236573223, 0.005133996044126732], [0.02215457126962689, 0.010520940454453932, 0.006571670785067755, 0.005343933649099983, 0.0047282659607606635, 0.004349287243582597]]
