Ri:[100, 130, 160]
Zi:[50, 100, 200, 300, 400, 500]
fps.ts:[1843.9473600006104, 5531.842080001831, 9219.736800003051, 12907.631520004274, 16595.526240005493, 20283.42096000671, 23971.315680007938, 27659.210400009157, 31347.105120010376, 35034.999840011595, 38722.89456001282, 42410.78928001404, 46098.68400001526, 49786.57872001648, 53474.473440017704, 57162.36816001892, 60850.26288002014, 64538.15760002136, 68226.05232002257, 71913.9470400238, 75601.84176002502, 79289.73648002624, 82977.63120002748, 86665.52592002868, 90353.42064002992]
fps.e0:[10905.081866062184, 10942.275219818914, 10902.807115787828, 10908.110148376754, 10923.984331839643, 10920.14097358667, 10903.87635769259, 10897.93330172204, 10906.742737208031, 10932.664562282165, 10884.481502902112, 10873.975536298596, 10905.494413767006, 10899.72800134603, 10917.670601712309, 10913.052078375842, 10890.283560365797, 10910.256039773973, 10906.903416894233, 10904.292489013445, 10907.701702059157, 10912.452009775287, 10893.300054076877, 10900.724789628528, 10908.13542515999]
fps.e0u:[13.284364644528187, 13.200359319218155, 13.150278916902037, 13.227532119443456, 13.09575601145923, 13.066050241924042, 13.420383113093797, 13.24665873360263, 13.2283779196411, 13.402015495342257, 13.308310870487462, 13.254258812326649, 13.230276854608812, 13.401720628289223, 13.172717744868258, 13.080614884486236, 13.321854385463867, 13.121327170012925, 13.20579557897604, 13.375243430138244, 13.196635577759132, 13.122182083973678, 13.11084012572693, 13.268789537283299, 13.27047236848794]
fps.lt:[12092.760914028393, 11207.229425387291, 12195.9336456604, 12304.767440300133, 11939.780931546142, 11644.10404339795, 12390.115601240956, 12869.051474500862, 11683.218684628318, 11212.62672905729, 12713.337574531473, 13750.956518731266, 12006.023335192476, 12305.426290064748, 11887.937297705168, 12180.546806297318, 13108.846147423545, 12207.021511481526, 12116.445658624616, 12190.32080695539, 12029.924221127401, 12317.887502975536, 12776.470188664312, 11997.816194504925, 12238.62564741969]
fps.ltu:[539.9151784677169, 456.7202029825322, 542.8693721965618, 553.3373168447868, 516.0506426934139, 490.35533007031535, 571.6731142265342, 604.9387664297552, 497.197802294969, 464.4791420363198, 596.2934160706725, 692.3577814645337, 526.0755034170252, 561.9533204764618, 513.970817701459, 539.9531501101742, 632.5085211590211, 539.872618806986, 537.6639740562715, 546.7335828432358, 528.8778248131833, 553.0313816053656, 594.4039989507829, 529.048026521041, 546.5612789114898]
fps.c2:[1.0233461754832935, 1.2756146642103967, 1.1812645273143252, 2.161200165528642, 2.3009956696313933, 1.1026264916562118, 0.6188504424521049, 1.2279278421568325, 0.8266686683980223, 1.8124961969085416, 1.4022183516068134, 0.9743000372390761, 1.1034681126277477, 0.9230482678086225, 2.2292440160879052, 1.3469719942656577, 0.8731319240163635, 1.2718659375748305, 0.5215943822760548, 0.6620910283113012, 1.4505379519071597, 1.035796411386555, 1.8307946163723192, 0.9456009901571397, 1.7248884184165212]
FC:[[3.807471056774377, 3.835472724374303, 3.8793199390085515, 3.9145900280627184, 3.9352810064154586, 3.961590147874576], [3.8510417243266355, 3.892895853266508, 3.934008083735314, 3.9654524331915573, 3.9848750335102987, 4.016789996490552], [3.9942280953457234, 4.029693093395668, 4.05786545187722, 4.089569029224731, 4.111034121934812, 4.145389957123085]]
FCE:[[0.02951926575613112, 0.018223063706749417, 0.012074693925132591, 0.009576476586865397, 0.00812593980959715, 0.007172135704497194], [0.02273341388046628, 0.014184488275602876, 0.009382212737059907, 0.007431668607199399, 0.006319679934705157, 0.0054665358642257975], [0.01953343399789749, 0.011845660523128354, 0.007775992038553683, 0.006156234123120879, 0.005242691785332011, 0.004556570871039995]]
