Ri:[100, 130, 160]
Zi:[50, 100, 200, 300, 400, 500]
fps.ts:[1717.2712200021745, 5151.813660006524, 8586.356100010873, 12020.898540015221, 15455.440980019572, 18889.98342002392, 22324.52586002827, 25759.068300032617, 29193.610740036966, 32628.153180041314, 36062.69562004566, 39497.23806005002, 42931.78050005436, 46366.322940058715, 49800.86538006306, 53235.40782006741, 56669.95026007175, 60104.49270007611, 63539.03514008045, 66973.5775800848, 70408.12002008915, 73842.6624600935, 77277.20490009786, 80711.7473401022, 84146.28978010654]
fps.e0:[11017.159400422233, 10996.770412847098, 11038.972314530603, 11013.229972663921, 11024.256040369304, 11009.948598136987, 11005.10031228512, 10984.88409329265, 11002.579343612919, 11001.281859843346, 11017.816979425808, 11005.196399121201, 10991.862055944039, 10976.965732153856, 10967.245647432783, 10981.359268621538, 10999.65491258589, 11008.111108220499, 11010.052486580289, 11008.272070171735, 11027.864589362374, 11011.44878711421, 10997.265216478789, 10999.392098955548, 11033.990113793789]
fps.e0u:[18.073996389175562, 17.703209695975985, 17.847199566020205, 17.855752697748528, 18.185616308339213, 18.143616238387263, 17.783666509532644, 18.09088612904496, 18.345701921743675, 17.908722136201096, 17.902986694515224, 18.05762450420824, 18.13631085062286, 18.241800027817273, 17.926346922892037, 17.956268584723897, 18.191052689557477, 17.810866968857248, 17.999035913573046, 18.045265426181388, 17.87659434956017, 17.81438882772646, 18.412320141484567, 17.960271108166317, 17.991857189718438]
fps.lt:[13078.382539447286, 14354.223591108377, 12340.519089106969, 13187.843976767328, 13248.390487148245, 14332.692403683915, 13462.500486591829, 13518.72621426817, 13419.061951546326, 13860.250519686504, 12769.172409585717, 13040.048931797557, 14421.800043496514, 15489.640436831458, 15352.48725545501, 14634.93455554679, 14091.327045190475, 13549.493851094296, 13331.073111353247, 13810.12406870685, 12633.19450728557, 14129.730386511677, 14893.66238179115, 14028.214134801352, 11942.404907931628]
fps.ltu:[847.6782561154852, 1003.3336218118508, 751.8897922337792, 859.3909721704923, 867.0262969880871, 1019.9464079127678, 887.8687007995286, 911.7707154311626, 898.9593203121694, 950.5395461421199, 806.6918803357001, 844.7634236417085, 1033.7323878014238, 1195.7270764530506, 1156.8495587485932, 1065.2999958620678, 999.464584877392, 902.0835047124363, 882.7991622294904, 941.9883177835833, 781.8796296547762, 983.3881825964269, 1114.32369945376, 968.1784529839363, 710.017286702346]
fps.c2:[1.2428846215891176, 1.7289963026006692, 1.1416027109304956, 0.7149909337908258, 1.0946339615528482, 1.1320927800847373, 1.5047924370603765, 0.5356784499427351, 1.3859346276012148, 1.4506069315790868, 0.7279337999664508, 1.4316861944489443, 0.9950235778418368, 1.4124636322361843, 1.0312910032677864, 1.2543966626075955, 0.9415661740801379, 1.5494810722157066, 1.3865361832085565, 1.158994004301462, 1.0504628837159031, 1.5145092168236105, 1.7374523472022945, 1.4059402622770834, 1.6278484435265272]
FC:[[3.8163031493215955, 3.8556596412837814, 3.8947000994009016, 3.914761137911701, 3.9512664180811203, 3.9707774337908326], [3.8968673321105864, 3.9191641300271076, 3.940970770378215, 3.9711321935484345, 4.007484907044846, 4.026248850217892], [4.0230456635887055, 4.055791049544927, 4.073707719698909, 4.103342889265758, 4.1331760058847715, 4.155574736928515]]
FCE:[[0.0394528378503944, 0.025108486452868492, 0.016801499549192057, 0.01324009606878022, 0.010976638768656788, 0.009642770303441382], [0.03076213168655252, 0.018908313527671756, 0.01254590818345368, 0.00996415688768879, 0.008497728134138748, 0.007483535486098395], [0.025829944790085775, 0.016188804055494232, 0.010668228190006864, 0.00848914499079533, 0.007066145771688216, 0.006252022990778029]]
