Ri:[50, 100, 150, 200]
Zi:[100, 200, 300, 400, 510]
FC:[[3.9807294301559972, 3.9949475935184457, 4.024302184705324, 4.03226891569734, 4.0471521677365425], [4.01466887622513, 4.023661753405177, 4.051334598132256, 4.061083123162511, 4.084228538327304], [4.154391041011185, 4.178337023750553, 4.202412020767364, 4.22299429842644, 4.2464340594957894], [4.817316921374964, 4.8510229479967935, 4.881505058978562, 4.9009017203176795, 4.917220659279438]]
FCE:[[0.03862710830058671, 0.026210102124031395, 0.021445583434413506, 0.018423764639182064, 0.016254474622181624], [0.019612432310859608, 0.013231648705881149, 0.010753779322527154, 0.009237262991350284, 0.00817644745691685], [0.01332504953900535, 0.009037851558106628, 0.007297045610651937, 0.0062991003286715745, 0.00557193142582249], [0.012334042615790287, 0.008381819179614645, 0.006781305597838821, 0.005849696108812949, 0.0051692145437617874]]
fps.ts:[1615717756.58046, 1615721210.90738, 1615724665.2343001, 1615728119.5612202, 1615731573.8881402, 1615735028.2150602, 1615738482.5419803, 1615741936.8689, 1615745391.19582, 1615748845.5227401, 1615752299.8496602, 1615755754.1765802, 1615759208.5035002, 1615762662.8304203, 1615766117.1573403, 1615769571.4842603, 1615773025.8111804, 1615776480.1381004, 1615779934.4650202, 1615783388.7919402, 1615786843.1188602, 1615790297.4457803, 1615793751.7727003, 1615797206.0996203, 1615800660.4265404]
fps.e0:[10676.86030869046, 10702.111324794145, 10714.03962790036, 10679.092165526243, 10683.868111739612, 10679.641671610405, 10665.566431273657, 10658.397302785033, 10682.7665944566, 10654.902012021787, 10674.499398924912, 10684.497226523983, 10645.6437833684, 10701.839253363023, 10685.105597829011, 10664.516111884364, 10681.423816911916, 10680.909143159139, 10696.61474041806, 10696.81982157237, 10700.457462522487, 10671.9936879465, 10685.764074530844, 10681.181025720129, 10696.770185333586]
fps.e0u:[17.918651238575247, 17.815227759958326, 17.897657820757903, 17.566644495445395, 18.01543524926716, 18.183679142047048, 18.09610770098675, 18.1280218864191, 18.044352189151077, 18.237324381586046, 18.08098468235836, 18.19615732212382, 18.0414419560932, 17.90960614356869, 18.16612831844747, 17.885800279522567, 18.108175680842923, 17.765518975296093, 18.066124145002473, 17.853054840837192, 17.87500753930769, 18.21248090623781, 18.11404986178489, 18.063030260822806, 18.52038264965297]
fps.lt:[21530.595221866795, 16559.543986849654, 16894.89800851248, 20229.929790119182, 20824.27661342126, 17144.492201864643, 22415.765323649775, 20977.537826947046, 17592.543731998827, 23487.588763888674, 18522.13457745536, 20421.110288034968, 24300.672572295898, 18122.136504414128, 19583.58889218196, 21350.126066809837, 18607.806231146544, 19691.39075842822, 17732.50630421654, 18780.603166456614, 18466.907974425198, 19405.46370554959, 19151.904068606676, 19188.154432425927, 19251.1943966848]
fps.ltu:[2338.5386758704, 1390.3191151108888, 1446.646206519735, 2051.5962717875973, 2199.985784077409, 1515.7580442823153, 2564.9787284384033, 2252.202049474053, 1589.1056819484138, 2846.0692523190346, 1769.4908499347223, 2134.940500476527, 3026.9849941460247, 1660.9111325429117, 1946.8307323482875, 2305.362974920379, 1769.5387588273247, 1956.9259352650388, 1604.9130059857578, 1779.4834316155095, 1721.73785114726, 1935.804409032422, 1867.6404724954696, 1865.343624897369, 1921.8232308542188]
fps.c2:[1.2799432469966485, 1.2129204800975915, 1.1929574348464542, 0.9764627508685643, 1.2563481243084504, 1.6023454256611787, 0.8192306652087467, 2.4513655991673655, 1.4833625168448896, 1.3181433370307363, 1.331584035390643, 1.9328868965861075, 1.2762099297538008, 2.672286630464747, 1.0750341588472034, 2.236132668274927, 1.0533148697032193, 0.9601200933387302, 2.1522987890520984, 3.2904715650747343, 2.001865913984172, 1.5948643525486372, 1.1231698718825605, 0.9355111640425751, 1.1563396761078555]
