Ri:[50, 100, 150, 200]
Zi:[100, 200, 300, 400, 510]
FC:[[3.9704098905537104, 4.021827781017318, 4.022934376840371, 4.027702779274633, 4.045391291328046], [4.045018191194352, 4.03026045476292, 4.047953346160296, 4.06449308774296, 4.087558335823466], [4.160976594264174, 4.153820032299009, 4.1751768768754, 4.205288816754274, 4.2311009864839075], [4.73811794399536, 4.765241767087308, 4.801453405101907, 4.831993605201811, 4.852331338711951]]
FCE:[[0.048767520459360794, 0.032835789307707045, 0.026213008558155317, 0.022184447675359313, 0.01958087668718907], [0.02437516501989984, 0.01632842707011373, 0.013166182647742018, 0.011348805467648946, 0.009984980104357251], [0.016962206084388864, 0.011308137507445562, 0.009099715663203618, 0.007853630437863253, 0.006918610778147504], [0.015842843689534505, 0.010683173935158339, 0.008628401262186312, 0.0074432661257481875, 0.0065649826087189845]]
fps.ts:[1609678286.2877402, 1609681770.63522, 1609685254.9827, 1609688739.3301802, 1609692223.67766, 1609695708.0251403, 1609699192.37262, 1609702676.7201002, 1609706161.0675802, 1609709645.41506, 1609713129.7625403, 1609716614.1100202, 1609720098.4575002, 1609723582.8049803, 1609727067.15246, 1609730551.4999404, 1609734035.8474202, 1609737520.1949003, 1609741004.5423803, 1609744488.8898602, 1609747973.2373405, 1609751457.5848203, 1609754941.9323003, 1609758426.2797804, 1609761910.6272602]
fps.e0:[10059.596215346259, 10029.170438299978, 10117.313409999773, 10064.497026490662, 10079.440440740966, 10068.367329096844, 10032.036613976978, 10042.71661723423, 10041.312935772801, 10042.782324047761, 10060.886865076178, 10089.512901167122, 10062.41598650667, 10046.850803674466, 10070.76126823035, 10047.066876439943, 10065.75017451304, 10095.391475880127, 10023.509438991354, 10064.673402203109, 10046.759168208413, 10073.5672074511, 10080.202844286492, 10041.431821489357, 10113.525631744908]
fps.e0u:[21.74245223938646, 22.04580423827747, 21.703417497287017, 21.601400962955854, 22.313101638187057, 21.860349744847298, 21.922982638811018, 22.10617441597823, 21.92281604435461, 22.025501785348215, 22.03957946351449, 21.728449750039722, 22.04663458484142, 21.872538773719064, 21.928422084436814, 21.83950850871579, 21.50827460155921, 21.481272685271815, 21.788509349120133, 22.02913514767515, 21.706116788194056, 22.0212557190745, 21.928924587649185, 21.942555258560095, 22.063467103575405]
fps.lt:[17640.166838118854, 20340.410911357398, 15127.707123639144, 18489.55200161312, 15754.003513219004, 16971.9318739815, 19738.805593982783, 20107.839610222883, 18654.26051702161, 20411.520855649876, 18641.810987222478, 16423.71380142834, 18036.090345394066, 20193.29026615375, 14849.793340698987, 18988.31066367511, 17525.41164864143, 16109.988019283279, 23169.806562801034, 16781.651393755823, 19313.29298136845, 16357.997454906465, 15410.490983131254, 19958.0889435995, 13931.17868838166]
fps.ltu:[1998.587114340018, 2736.90720464715, 1482.7010840456335, 2185.326314306008, 1641.7993085439768, 1890.1999166945225, 2564.2839982248192, 2645.4625502470903, 2268.958152139602, 2720.7507187724455, 2282.4467935812836, 1748.9679962468915, 2133.0141785669844, 2662.636631350717, 1452.6557014298485, 2340.5550293963784, 1986.5247262784148, 1663.6987201955985, 3491.578873560263, 1861.2800869693756, 2417.5617377461544, 1759.990568852882, 1549.3835542139461, 2604.3361711483185, 1268.9685474314924]
fps.c2:[1.3890770927985339, 1.0650703320852453, 1.6065239386590286, 0.9258321483338009, 1.1223086137259495, 1.126323586404706, 1.0249865445185153, 1.1257263114738825, 1.0830168001259048, 1.3105531781770188, 1.6621546294850265, 1.037488203196402, 0.9667358679627877, 2.5151409179915927, 1.8192253264782396, 1.2591200980348962, 1.1686195833220803, 1.12233458814943, 2.310601764415224, 1.265686867088415, 1.5367055714924631, 0.46013758372463376, 1.0238622059529583, 1.063937615600047, 0.7853493312020734]
