Ri:[100, 130, 160]
Zi:[50, 100, 200, 300, 400, 500]
fps.ts:[1532.8995599985124, 4598.6986799955375, 7664.497799992562, 10730.296919989587, 13796.09603998661, 16861.895159983636, 19927.694279980664, 22993.493399977684, 26059.29251997471, 29125.09163997173, 32190.89075996876, 35256.68987996579, 38322.48899996281, 41388.288119959834, 44454.08723995686, 47519.88635995388, 50585.68547995091, 53651.48459994793, 56717.28371994496, 59783.082839941984, 62848.881959939004, 65914.68107993604, 68980.48019993305, 72046.2793199301, 75112.0784399271]
fps.e0:[10280.722110046605, 10277.59091096285, 10340.635026980695, 10355.248016834486, 10352.74302460322, 10383.422827193135, 10371.01366809622, 10446.45311513341, 10431.87894588264, 10420.313881953802, 10439.147008943519, 10485.062757984051, 10493.804215321803, 10478.124014940573, 10534.931278384822, 10533.370314931843, 10559.205696601632, 10529.092271687265, 10560.989003363467, 10562.318622311906, 10580.893979701152, 10602.411617504655, 10602.895790816505, 10635.448625827215, 10607.87653929761]
fps.e0u:[18.0429940136985, 18.401867592301812, 18.369195225662306, 18.186933143564975, 18.380685096578805, 18.522487957303973, 18.54116050710036, 18.49715946750415, 18.58733753964651, 18.23020182417568, 18.52465015748617, 18.483937725988522, 18.746364495506132, 18.35128270233683, 18.313466735115597, 18.57376795785811, 18.29256448725583, 18.328058910197985, 18.311766749214062, 18.546432102347946, 18.73665807341362, 18.5792211394544, 18.18438704444332, 18.411625288546063, 18.827678629368943]
fps.lt:[9093.417447926655, 9822.802762128043, 8755.996934692273, 9252.266180937098, 9424.547865888342, 9502.686443012157, 10222.965295150923, 8935.57892440681, 9681.848217848554, 10510.837458238304, 9947.13929431405, 9679.303528040044, 9749.19146167618, 10653.124571302182, 9430.349635241546, 9390.590816654276, 9301.576598058908, 9702.265196680537, 9539.39371419341, 10028.118373649944, 10199.210026279423, 9498.939386681817, 9791.102287703281, 9086.61975858911, 10361.701428889102]
fps.ltu:[431.9006923036894, 510.91603636285674, 407.8570640393015, 446.7977887234302, 471.41628405494663, 478.03847496040004, 562.2485777966084, 422.45997331987564, 499.92378780931466, 575.9544414507473, 519.5410848720958, 493.69186184159236, 506.29516063362814, 592.8183762517111, 464.3737503969541, 462.9186952922589, 451.24795357036857, 489.38008058247294, 474.3559073814169, 529.6722626137865, 551.1894500897305, 471.7430156518741, 494.16980043059306, 430.0502375646308, 568.8478933965937]
fps.c2:[2.384712149232303, 0.6044565610547404, 0.6995005101714893, 1.112174143133075, 0.8341647172734733, 1.0519588705401652, 0.8084964753137432, 1.6780853909617999, 1.4175566224402325, 1.8109595955214117, 0.4488895687249134, 1.4883136074512224, 0.6676287931108905, 1.0115177869803984, 1.2047593258300784, 0.8443202531164562, 2.5784192189196347, 1.5330206460427307, 1.021202650948901, 1.2343716011290478, 0.9102382381069045, 1.8613371621719597, 0.3872779200624301, 1.2390046923519251, 1.4365540005197492]
FC:[[4.663872360208533, 4.75276628489448, 4.838289535885505, 4.870452617916467, 4.898808395249477, 4.8931429590196265], [4.653669707307154, 4.778822219192043, 4.855921218406306, 4.887863273888947, 4.9142613370410535, 4.920780743041802], [4.765031443962459, 4.85195465501734, 4.947491150300701, 4.985775255242156, 5.010331070469108, 5.019814424101657]]
FCE:[[0.055309253185567175, 0.03315513570067992, 0.021889904567149395, 0.01715945722185608, 0.014407239763595954, 0.012424375458830465], [0.0429000086072863, 0.02566639259466816, 0.016793814319533255, 0.013135410191409519, 0.011051988759863095, 0.009602205628908258], [0.03582124081419649, 0.021214519039824728, 0.013921607197815532, 0.010895046797632696, 0.009203776965178522, 0.008033617019951273]]
