Ri:[50, 100, 150, 200]
Zi:[100, 200, 300, 400, 510]
FC:[[3.9540416749710943, 3.958786687317849, 3.955762959418601, 3.9866170240549224, 4.001828938708279], [3.959310352148929, 3.9824610364445125, 3.9985311997773474, 4.023254266429003, 4.043721538765156], [4.0864979096961935, 4.105121391642731, 4.129729858001832, 4.161755829238912, 4.18800100631761], [4.390978636787301, 4.430047000151538, 4.471414306468876, 4.5073001359453695, 4.538275580264213]]
FCE:[[0.02975221395483809, 0.020404468078283625, 0.016457276959312553, 0.014304351413421184, 0.01261596478136966], [0.01456540059771462, 0.009875831823268899, 0.00795099092575964, 0.006859180900356716, 0.00605887762669265], [0.0100115326242797, 0.006785536888369526, 0.005469091709787104, 0.004724582662051192, 0.00417455623683231], [0.008581354407391039, 0.0058254010709227555, 0.0047097955735332835, 0.004070930574350436, 0.003600164567295913]]
fps.ts:[1622548385.45576, 1622551782.53728, 1622555179.6188, 1622558576.70032, 1622561973.78184, 1622565370.86336, 1622568767.94488, 1622572165.0264, 1622575562.1079202, 1622578959.18944, 1622582356.27096, 1622585753.3524802, 1622589150.434, 1622592547.51552, 1622595944.5970402, 1622599341.6785603, 1622602738.7600803, 1622606135.8416002, 1622609532.9231203, 1622612930.00464, 1622616327.0861602, 1622619724.1676803, 1622623121.2492003, 1622626518.3307204, 1622629915.4122403]
fps.e0:[10715.761522064728, 10713.840164934114, 10715.203150543826, 10696.560011423551, 10726.253244911777, 10719.390838969799, 10731.856465715673, 10733.832357707759, 10749.578309803665, 10736.149073298602, 10743.1289868007, 10705.997312322852, 10715.112539548887, 10744.634038250711, 10729.793824029923, 10738.418276880917, 10758.663023023391, 10726.83003327987, 10710.2814525487, 10736.659613600066, 10729.963604138818, 10729.436540517438, 10736.586260484737, 10691.443610904824, 10730.590098269793]
fps.e0u:[14.011680053545456, 14.063153286054993, 14.147475015080445, 14.134919906215494, 14.088885967241353, 14.12652050073787, 14.044021063913862, 14.161136073531429, 14.003327886514557, 14.09117002298018, 14.048107333635519, 14.164347982687326, 13.966829032316518, 13.972768281996997, 13.983476117311431, 13.937243756359955, 14.021239045902622, 13.982459641155517, 13.962879997397508, 14.073999726031694, 13.987907045257128, 14.102378556892756, 14.078223731156921, 14.133125078357526, 14.214878711079647]
fps.lt:[23183.31543050039, 23288.846721472884, 22636.83690304154, 23730.15083675942, 20838.568694752947, 22406.53142271507, 21648.111184171295, 19263.109804050295, 18069.7451670977, 21309.078026294657, 19807.550789961624, 22109.649108342514, 21867.29110307908, 18858.94219417937, 21958.23207875641, 19818.84635645933, 17549.810961300253, 20428.743936830793, 22560.901512154338, 19232.543690402606, 18149.137580295523, 20517.685497023685, 20451.52500964328, 24574.75849149452, 21638.171735788157]
fps.ltu:[2116.459638702354, 2149.8285056085597, 2023.9232398718432, 2239.4574008983723, 1716.374705491007, 1984.9319588925268, 1851.4441926541442, 1478.6213960762022, 1283.4288691090874, 1788.7488008159323, 1539.9541455003057, 1942.5401935679931, 1875.677204268409, 1399.3221623488892, 1888.3707363735562, 1538.8870185302087, 1208.5954701562341, 1636.8676143257906, 1996.592804299305, 1460.504093106498, 1307.772034511894, 1666.0819147879004, 1656.8888403496694, 2397.994280804858, 1859.2862575747263]
fps.c2:[1.965048458880311, 2.1254863392215197, 1.4357747726549839, 2.209841313665322, 1.3418999435029813, 1.3883211456222726, 1.5836508123575064, 1.8652149446164898, 1.968110621125311, 2.2534380143815187, 1.5537937942458102, 1.574519469688648, 1.8708725983698453, 1.555447885531997, 2.021163354741259, 0.7505393453929147, 1.7532338135734462, 1.8359479012843019, 1.3656227869118718, 2.483890828931417, 1.6930722725576832, 1.2361950449710082, 1.5255387318198292, 1.270336452176473, 1.3196041407773853]
