Ri:[100, 130, 160]
Zi:[50, 100, 200, 300, 400, 500]
fps.ts:[155.34038000106813, 466.0211400032044, 776.7019000053406, 1087.382660007477, 1398.063420009613, 1708.7441800117494, 2019.4249400138856, 2330.1057000160217, 2640.7864600181583, 2951.467220020294, 3262.1479800224306, 3572.828740024567, 3883.509500026703, 4194.1902600288395, 4504.871020030976, 4815.551780033112, 5126.232540035248, 5436.913300037384, 5747.594060039521, 6058.274820041657, 6368.955580043793, 6679.6363400459295, 6990.317100048065, 7300.997860050202, 7611.678620052338]
fps.e0:[10895.034684016135, 10893.74867277959, 10887.774797902133, 10903.772873315998, 10937.827617451392, 10915.359772729438, 10895.534388184973, 10859.815703015383, 10893.010236845414, 10927.782480488428, 10926.804246977741, 10873.456164562773, 10891.357069074817, 10871.3168750997, 10931.670189695787, 10934.923990252088, 10838.767488726528, 10918.909622426107, 10881.550735803075, 10956.586451088922, 10863.793380527775, 10907.390864242056, 10911.7852862898, 10957.13358404818, 10873.318348684752]
fps.e0u:[33.0791245939465, 33.19907671859962, 33.63191675612421, 32.80051391139547, 33.211797330474, 33.07723834845199, 32.42065219717355, 33.426428820398144, 33.72157820410174, 32.69729899540524, 33.20527381119109, 33.250753010424305, 33.798505490780975, 34.150810261521215, 33.10029714065698, 33.21389133090373, 31.940559197455006, 32.991266357506106, 34.01715164175042, 32.99098842092608, 33.75904710874515, 33.43879829858942, 33.817152574396744, 33.26516524824569, 33.301757924827335]
fps.lt:[3136.1832266381916, 3174.536479934829, 3149.245248164272, 3021.1020108009434, 2980.097351195822, 2991.2223108248922, 3140.034238165892, 3142.5780440784024, 3025.489980958904, 2960.7192478754887, 2990.145871829081, 3022.7583471187713, 3057.1382524131627, 3093.1477928941704, 2991.2522087518464, 3018.32411768972, 3209.6344082132878, 2927.580091219434, 3057.960259493034, 2910.758965895538, 3095.7912963740237, 2976.8797708310217, 2966.8081435398885, 2937.11914369924, 3143.9171029555077]
fps.ltu:[94.0749943948889, 96.4600626509451, 96.02072609312307, 87.06159795945334, 84.85351765385965, 86.30232842540147, 92.18130927480375, 96.11974701050713, 88.60375605387988, 83.65866437136894, 86.78451148730379, 88.98431254392312, 92.46760379904156, 93.3716112142921, 85.06334788995387, 87.7371233275195, 96.45134601710582, 82.06237493135298, 91.38840944202926, 80.51725168848475, 94.44715765987135, 86.4887048111901, 87.36195666139612, 83.03504140058583, 96.26941410435607]
fps.c2:[0.734236722695983, 1.199365014802745, 0.5598193695105174, 1.2232860423916487, 0.9995173504703676, 1.484594556180757, 0.9198098910522666, 0.5296104191203053, 0.9091798451719056, 1.899213488093251, 0.45363321485374336, 1.5655143158072866, 1.6767761673984156, 1.7394481084561983, 1.5900139365003736, 0.8617632065609802, 0.47352087189352915, 1.7527914563331304, 1.4118547526912977, 0.9469086049086857, 0.520988704350854, 0.8553319841829876, 0.49785974893595336, 1.4791805575429988, 1.5093914432496989]
FC:[[5.323588517474663, 4.781295685779671, 4.566042947669726, 4.666912757026354, 4.600593451387026, 4.493805607494753], [8.185698452664278, 7.540152240059682, 7.154744806678546, 7.018500845686669, 6.933830683172071, 6.882701639106021], [12.103065696754717, 11.384283707555957, 10.671437978525711, 10.301882564395356, 10.152245152437139, 10.01897500535315]]
FCE:[[0.28845812580821434, 0.11377437298188688, 0.06454436532450625, 0.0517248384758584, 0.04338476114559671, 0.037607602118923965], [0.23915610232072612, 0.09532883610623208, 0.05269811367433672, 0.040515435853583734, 0.034353130963793804, 0.030451731656033487], [0.27766459659609066, 0.11379218167433694, 0.061861785846055894, 0.04664901243359744, 0.039194120697255565, 0.034418505553702565]]
