Ri:[100, 130, 160]
Zi:[50, 100, 200, 300, 400, 500]
fps.ts:[1742.558140001297, 5227.674420003891, 8712.790700006484, 12197.90698000908, 15683.023260011672, 19168.139540014265, 22653.255820016864, 26138.372100019456, 29623.48838002205, 33108.60466002464, 36593.72094002724, 40078.83722002983, 43563.953500032425, 47049.06978003502, 50534.18606003762, 54019.30234004021, 57504.4186200428, 60989.53490004539, 64474.651180047986, 67959.76746005059, 71444.88374005318, 74930.00002005577, 78415.11630005838, 81900.23258006095, 85385.34886006356]
fps.e0:[10911.3534196912, 10907.917972687988, 10910.988873510547, 10895.243772556505, 10897.551562653336, 10920.17501668474, 10912.291334064834, 10895.560488461486, 10900.949690839447, 10908.77307908014, 10904.270840656332, 10891.426752647378, 10894.075952341698, 10903.787653716856, 10913.74306309822, 10899.477491878137, 10897.328030029055, 10904.11276530562, 10888.953515938203, 10914.25263855032, 10896.362452161275, 10909.279700063169, 10898.617908792876, 10904.89648948062, 10918.488179377373]
fps.e0u:[10.622453287277832, 10.571460714734899, 10.595594473431651, 10.553619742121443, 10.633080611690474, 10.524944012513583, 10.539213955961644, 10.649984406032816, 10.657554403811929, 10.57804077045943, 10.611052449605236, 10.632497953802533, 10.515573911267756, 10.611126508870514, 10.630836039553234, 10.632892198623823, 10.65072149281404, 10.681418945678946, 10.686251456896848, 10.542715712473074, 10.601527025829462, 10.58140555558588, 10.614555283211581, 10.702196101440443, 10.66359442253594]
fps.lt:[5584.179904781614, 5662.309724290933, 5670.5042550790085, 5695.425726349266, 5698.979738409273, 5565.698918895002, 5570.8746948657945, 5667.668421096869, 5602.277300947469, 5674.477970706526, 5588.092370244426, 5787.804195771337, 5704.299971860137, 5655.353877222852, 5561.657469130413, 5612.094650822607, 5689.594963951274, 5614.614499324353, 5731.882818645725, 5591.313392025317, 5770.145538597788, 5673.925747733061, 5652.462472619564, 5606.5731775898275, 5553.165372897265]
fps.ltu:[90.15610543799295, 93.02264455770428, 93.03140221116459, 93.43467690645521, 94.33633161592914, 89.21917284717614, 89.50210653256528, 93.37316543504043, 91.06463677481327, 92.45602495961992, 90.37876287952004, 97.3269410822633, 93.57788315374393, 92.35703534367117, 89.84919201996644, 91.35571638906447, 94.16797577332612, 91.34414535198808, 95.96130642236179, 90.20936193434132, 96.1475098714659, 92.69426272887341, 92.5680914794551, 91.48705203011708, 89.50716421810891]
fps.c2:[3.675850327220257, 2.4258626364564786, 1.731827582125741, 2.316469797173996, 3.392069745945127, 2.4328694702619313, 2.1191402296228117, 2.7906417981860523, 3.241989519562183, 1.7181047787640567, 3.006681991414794, 1.0442395709419743, 2.5461179265396825, 2.6618139306009962, 2.2616505857946074, 2.1576298477002043, 1.6346072689413782, 2.369357597843152, 2.6755918997842767, 2.1897323717504924, 2.2532122560570538, 1.5744022000561626, 2.1122178237139724, 1.9708474870426462, 1.9722012122113537]
FC:[[3.791078154241436, 3.8157382440331213, 3.8620211274320875, 3.9050417775238335, 3.961999873786827, 4.013080556081479], [3.8496248752289963, 3.8690637596091966, 3.9082907721070814, 3.959129407502104, 4.015987877588727, 4.068532805334647], [4.003811221346055, 4.004734086546824, 4.041094585615365, 4.0932545158608695, 4.148204193268364, 4.199936183338198]]
FCE:[[0.02895510294289002, 0.01533384431971216, 0.009188970334144049, 0.007144733557466133, 0.0060664851112280475, 0.005365356203913306], [0.022743717867322447, 0.011620576577036452, 0.007110327119765447, 0.005536698065480222, 0.004708066071624916, 0.004179141157979911], [0.019324980653899225, 0.009883889180227734, 0.0060186917333284445, 0.0047033109976934865, 0.004004091564492833, 0.0035613283978704695]]
