Ri:[50, 100, 150, 200]
Zi:[100, 200, 300, 400, 510]
FC:[[4.091093450574963, 4.0530449132713136, 4.035448143402504, 4.033500975598753, 4.052901718527734], [4.044848762433553, 4.025063146104493, 4.037656808454704, 4.0562265344495065, 4.079424809597748], [4.143576758373738, 4.151824659527249, 4.184744394610417, 4.20514625256438, 4.2345136686766764], [4.774460435046637, 4.811349865949262, 4.843776770047917, 4.866742709025005, 4.888216689007882]]
FCE:[[0.051746361067463546, 0.03438717865338711, 0.027264493901296778, 0.023152024459293045, 0.02012155866205361], [0.024473756857986542, 0.016833957521650136, 0.01348217227271261, 0.01123245621683087, 0.009826900381484779], [0.016902368198351277, 0.01141048008470048, 0.00919153006552579, 0.007870835579632588, 0.006935241764316112], [0.015773176155830782, 0.01063439386773955, 0.008543742254771634, 0.007331548147571498, 0.006457673230459713]]
fps.ts:[1608812753.54706, 1608816139.56718, 1608819525.5872998, 1608822911.60742, 1608826297.62754, 1608829683.64766, 1608833069.66778, 1608836455.6879, 1608839841.7080202, 1608843227.7281399, 1608846613.74826, 1608849999.7683802, 1608853385.7885, 1608856771.80862, 1608860157.8287401, 1608863543.8488603, 1608866929.86898, 1608870315.8891, 1608873701.9092202, 1608877087.9293401, 1608880473.94946, 1608883859.9695802, 1608887245.9897003, 1608890632.0098202, 1608894018.0299401]
fps.e0:[10042.60511030583, 10008.418915354603, 10037.66454010686, 10031.587550986034, 10029.756139820762, 10047.774926843313, 10043.7262234364, 10040.474129275748, 10073.624576475728, 10041.114243774475, 10029.198371398523, 10021.016847732872, 10048.455587982968, 10049.17996220764, 10033.287087498877, 10053.091361775758, 10003.229813201164, 9996.681238624762, 10038.774462555011, 10038.9281216202, 10021.274882915894, 9997.473654546786, 10026.363778770821, 10018.509100895657, 10013.155158645159]
fps.e0u:[21.549044769581766, 21.698728124073902, 21.331586205261527, 22.64060200688275, 24.243616895002916, 21.46742710643568, 21.322727323068694, 21.067778308413814, 20.807230044694155, 21.14999922573802, 21.502594576852143, 21.39369881658676, 21.56892650472861, 21.25174731388492, 21.343262695256914, 21.229085218368613, 21.59801405322872, 21.260153673566812, 21.181052323196855, 21.643288363712138, 21.120534584581886, 21.346678765938695, 21.805848505705935, 21.086665361091118, 21.52859769995661]
fps.lt:[19600.50878234197, 22865.504955501397, 19363.593665518936, 20847.702388918213, 19598.402091870397, 18892.341114710158, 20721.99922692533, 19970.15713959631, 18199.57048831448, 22021.99494499874, 20883.927408300344, 21887.635014500294, 19298.35454325002, 20509.772116593747, 20174.714968036566, 18353.288108800727, 27891.171264230834, 26817.636704744204, 19737.782155716664, 18426.116492033543, 21654.35900523424, 24802.499213232866, 19994.346234907214, 22558.64927212107, 24458.679377617354]
fps.ltu:[2474.780303554957, 3366.336444395737, 2374.5364189396455, 2929.43872023415, 2772.4894664153917, 2269.738201493126, 2714.8259129545017, 2504.834116501451, 2044.7092490655168, 3037.7496616622097, 2807.85141218048, 3061.73848027855, 2385.2866851164695, 2647.0046136023493, 2571.6403931469777, 2133.851737321409, 4981.690958284964, 4516.670423004572, 2470.922737669064, 2187.8189792507173, 2967.1488474435914, 3898.1067273832864, 2589.234167176319, 3210.9941927278555, 3842.028062443813]
fps.c2:[2.5724912627399665, 1.1937510343817386, 0.8017176245770591, 2.0509151902310605, 0.7288530195065868, 1.535564085445325, 1.2143252555183428, 1.8530445688445534, 1.9387500453124138, 0.9106079207977371, 1.3901096612702868, 2.103423646672659, 0.932684175063512, 1.4556606672227508, 1.9608196368245336, 1.1307363880805488, 0.8892322183026367, 1.0524565580318073, 0.7941400776156441, 2.1363698686667942, 3.4171093285712257, 1.213891018780579, 0.5951178149186546, 1.4926813614419905, 1.0370284127663185]
