Ri:[100, 130, 160]
Zi:[50, 100, 200, 300, 400, 500]
fps.ts:[1751.2095200014114, 5253.628560004234, 8756.047600007056, 12258.46664000988, 15760.885680012703, 19263.304720015527, 22765.723760018347, 26268.14280002117, 29770.561840023995, 33272.98088002682, 36775.39992002964, 40277.81896003246, 43780.238000035286, 47282.6570400381, 50785.07608004093, 54287.49512004375, 57789.91416004658, 61292.3332000494, 64794.75224005222, 68297.17128005504, 71799.59032005788, 75302.00936006069, 78804.42840006351, 82306.84744006634, 85809.26648006916]
fps.e0:[10814.667411187484, 10809.827642442755, 10802.513465923877, 10810.201872230602, 10801.109940730124, 10809.97219492643, 10812.49469835017, 10821.669441849948, 10807.517901914702, 10805.230861623455, 10821.41283607615, 10822.482307259239, 10818.965652318699, 10819.826305420707, 10818.996978976094, 10809.568767435154, 10814.698491510188, 10825.18608716502, 10818.106326361916, 10818.240321408357, 10811.098237064718, 10820.981311029107, 10820.478610214013, 10818.360534872398, 10811.11543832294]
fps.e0u:[6.391362902814954, 6.43099063549866, 6.4318870946749005, 6.44913179191276, 6.435356748709313, 6.366451132402543, 6.404575888484196, 6.393640089115477, 6.393455218929966, 6.400827986286444, 6.406633466312787, 6.373401147523936, 6.398996617964959, 6.404412921764854, 6.425689731275295, 6.394935496922827, 6.41708333871605, 6.393793559464224, 6.411673396778582, 6.410975577810309, 6.4268373677469075, 6.412536903028368, 6.397864341653414, 6.42266647918764, 6.397291931943487]
fps.lt:[7607.601040414267, 7590.413640263132, 7767.322139456215, 7553.377582958945, 7792.431947614379, 7553.962679724062, 7524.4362786729, 7453.865497482608, 7666.490683077998, 7677.679189741722, 7394.629464224718, 7408.0089755728, 7410.95179184639, 7521.402982203128, 7487.450874667417, 7543.7771481930295, 7434.853878995228, 7283.3014687136, 7438.126273966485, 7524.841774147199, 7616.40099755078, 7436.230726154062, 7383.893383634525, 7445.34007501981, 7518.003649362648]
fps.ltu:[102.54614868802555, 102.5046082430798, 107.37537278337558, 101.9364766184667, 108.3735397390683, 100.79605832101716, 100.37820574767007, 98.34605088840908, 104.12875406350987, 104.56883025333373, 97.00646273117886, 97.18625191331374, 97.52027802094804, 100.73633169997076, 99.77651915430852, 101.24985161457136, 98.4443596312961, 94.14433428586143, 98.30357883518954, 100.58884298043183, 103.38793243147137, 98.65904482587976, 97.20110369185471, 98.62789958596274, 100.53898785359415]
fps.c2:[2.357428522564766, 5.28549270614083, 4.4376581530921095, 4.241377304722134, 4.806952150818197, 3.227597508127183, 4.8561795032151265, 2.0002090959338736, 4.619584590897355, 2.7600944099614493, 3.2325907629557338, 2.420412296123975, 3.803824725388969, 3.853342899792198, 3.096880798530045, 2.339007969405802, 3.484084442506116, 2.917332853249483, 1.9249197631672716, 3.050828909669995, 2.6804761929504335, 1.5950190224461107, 1.6382692754021955, 2.3022951425235343, 3.7883765109462746]
FC:[[3.8392848803250326, 3.8596216865158306, 3.8845376951933814, 3.917235932541473, 3.9534594351961023, 3.991511443620557], [3.8875890425805593, 3.9041880387198717, 3.9323043552531356, 3.9670583297140496, 4.005405273783278, 4.050044916442147], [4.0257599510140825, 4.037915977428664, 4.077050070682856, 4.112090799007409, 4.15165852169881, 4.1935515928060205]]
FCE:[[0.015918373574735706, 0.009141794259810597, 0.00584837598964514, 0.004576860673645516, 0.0038811318792495615, 0.0034379086937822447], [0.012482100193471209, 0.007099994603737587, 0.004536243587824098, 0.003553977551160896, 0.003021316090989494, 0.0026297908298891087], [0.010510403210295532, 0.005919614139867255, 0.003704797626220896, 0.002905443788916167, 0.002471420378186527, 0.0021969193811197905]]
