Ri:[50, 100, 150, 200]
Zi:[100, 200, 300, 400, 510]
FC:[[4.043516933605092, 4.050818589869497, 4.06338837328537, 4.069912377109874, 4.099118381843159], [3.99075685129368, 4.021089657249492, 4.051350118677987, 4.075770246644726, 4.103121552285483], [4.135219751760438, 4.16272431972451, 4.18571268122375, 4.2127715825942635, 4.250003936252942], [4.775674563849057, 4.819613024943821, 4.865710659707118, 4.904854006342097, 4.935810400249527]]
FCE:[[0.04472846764920788, 0.02994659493789563, 0.024691309036815202, 0.021251866537433505, 0.0187884762932752], [0.022145069855924297, 0.015140806908089286, 0.012382482104554835, 0.010775756586781773, 0.00939775678020425], [0.015380093791927804, 0.010470818711807916, 0.008494809981008152, 0.0072243989229336045, 0.006435020013309945], [0.014274267965197596, 0.00975029675572822, 0.007845888222604718, 0.006819195770323388, 0.006068399660965008]]
fps.ts:[1608548438.5659, 1608552042.2917001, 1608555646.0175002, 1608559249.7433002, 1608562853.4691, 1608566457.1949, 1608570060.9207, 1608573664.6465, 1608577268.3723001, 1608580872.0981002, 1608584475.8239002, 1608588079.5497003, 1608591683.2755003, 1608595287.0013, 1608598890.7271001, 1608602494.4529002, 1608606098.1787002, 1608609701.9045002, 1608613305.6303003, 1608616909.3561003, 1608620513.0819001, 1608624116.8077002, 1608627720.5335002, 1608631324.2593002, 1608634927.9851003]
fps.e0:[10080.449775083587, 10104.239501840748, 10066.728931419408, 10063.912265118393, 10093.737547392791, 10077.192895863749, 10077.123761808209, 10046.012167607569, 10095.462905598713, 10083.740064151485, 10030.505887351565, 10045.207174330717, 10053.767766171646, 10039.302860401907, 10033.469964979178, 10066.599585421885, 10001.249087298958, 9994.535152747581, 9995.72139094358, 10015.460964677806, 10010.25000748589, 10023.230584418518, 9984.772707573946, 10050.518848134716, 10032.541025069295]
fps.e0u:[19.444761042276074, 19.50873678165271, 19.615162923711182, 19.719415386160403, 19.50603016755367, 19.95128030101233, 19.569683465911382, 19.66847966658293, 19.472243282166318, 19.67848482712758, 19.916916953345062, 20.165333220567067, 19.600865230622652, 19.64540979621496, 19.6279829358819, 19.773407141527624, 19.926458958553823, 19.6646811103164, 19.89184900135577, 20.073601125334395, 20.061369043712055, 19.702524994794178, 19.652551865801023, 19.8317471013441, 19.789627866840597]
fps.lt:[12492.942350494273, 11807.863958416174, 12389.434194303949, 12727.38413856989, 11668.169987181276, 11819.753212344598, 11639.349677243223, 13209.341824946707, 11467.224008446374, 11679.956390237088, 14910.330466480375, 13418.457801165981, 13867.282389308923, 13301.672858932427, 15423.357050255678, 13543.886917771793, 17664.84673024788, 19518.83513451545, 18836.17526756676, 17556.516397999305, 18990.253550537163, 18045.019647436915, 20869.703969689297, 16423.339420880842, 16441.585071487516]
fps.ltu:[921.4991665436008, 829.8066441951072, 917.6130876324061, 972.458617572127, 817.6809489713766, 841.7676437835587, 812.4712769168036, 1043.3878852433186, 784.9002860073203, 824.3434918060461, 1344.1067264901544, 1102.8178133521894, 1145.3094671792742, 1060.0630017780552, 1412.1432169787583, 1098.4490869386018, 1869.0439944381, 2254.2676783304396, 2134.1546624790103, 1857.8014484974367, 2164.1415056763635, 1921.6807139100363, 2583.8387596653274, 1619.996174091388, 1617.3195522143935]
fps.c2:[1.423497840473691, 0.9393208974600669, 1.4227655853471721, 1.176917904701564, 1.27226056669205, 1.1899411555187558, 2.2102202639255855, 2.262918036884797, 2.014733307861926, 0.43933925508949156, 2.030189907297741, 1.1672425528664987, 1.8129398444159825, 2.835506277079686, 1.3104654995927791, 1.0061631749465811, 2.1900701104674805, 1.556387698151499, 1.1154206000275446, 0.8843884935519415, 1.7486866921116058, 1.703795762605942, 1.2349893646959536, 2.635994315448161, 2.187755561504946]
