Ri:[50, 100, 150, 200]
Zi:[100, 200, 300, 400, 510]
FC:[[3.9136055700330763, 3.9943848404607567, 4.046335010647597, 4.038578993243188, 4.061783466025744], [3.9562743386681403, 4.01538495398127, 4.043630085414605, 4.066936690989291, 4.099007180290807], [4.092443150574416, 4.152996718612613, 4.186026183997941, 4.207758164367054, 4.239032548288638], [4.721955299595851, 4.769130149629292, 4.828841372276279, 4.859045876230354, 4.88148035513374]]
FCE:[[0.04380992097020285, 0.030789212334783315, 0.02428055688545617, 0.0208301171297359, 0.01853181253735171], [0.02257815831349281, 0.015606599623768024, 0.012238963513859018, 0.010576497958608046, 0.009389397799355206], [0.015421041682094924, 0.010295297550671252, 0.008328760552668353, 0.007189388556331877, 0.00636295533951572], [0.014251673371470604, 0.00970492887651863, 0.007786444834686303, 0.006732227725686174, 0.005948421960730433]]
fps.ts:[1603816211.8808799, 1603818773.33864, 1603821334.7964, 1603823896.25416, 1603826457.71192, 1603829019.16968, 1603831580.62744, 1603834142.0851998, 1603836703.5429602, 1603839265.00072, 1603841826.45848, 1603844387.9162402, 1603846949.374, 1603849510.83176, 1603852072.2895203, 1603854633.7472801, 1603857195.20504, 1603859756.6628003, 1603862318.1205602, 1603864879.57832, 1603867441.0360801, 1603870002.4938402, 1603872563.9516, 1603875125.4093602, 1603877686.8671203]
fps.e0:[9918.538372413244, 9955.516241662255, 9958.130685540866, 9942.156332854178, 9980.798304507263, 9959.993230355656, 9925.6333237418, 9961.5966410298, 9969.929382524704, 9965.526115940744, 9974.448357124716, 9937.395489680895, 9985.665360657096, 9944.69240141866, 9951.532780134097, 9967.639080077228, 9945.30143772424, 9995.266997104707, 9991.566518724678, 9957.0755946058, 9936.141309178953, 9979.546590410371, 9922.570012898002, 9955.51255175109, 10004.570212742947]
fps.e0u:[19.827984364403697, 19.590264856224476, 19.508433705126315, 19.861353541448103, 19.670665659915358, 19.463519495148297, 19.681794200384974, 19.916837191851734, 19.673192873484027, 19.87720215759702, 19.749458657269944, 19.578403926617288, 19.630262832976797, 19.96984442346939, 19.691839172061464, 19.589487855758488, 19.943537563068993, 19.722202331314254, 19.815150227690516, 19.746738586765442, 19.759067372765166, 19.68464505216538, 20.01800900122196, 19.551371587049683, 20.02582069335439]
fps.lt:[18812.561342347013, 14594.805391945745, 16122.462684736685, 17019.543168019696, 13607.833367169325, 15695.451135974807, 19384.226787047537, 15412.802484886695, 15372.150888827713, 14286.23364827649, 14771.011218371112, 17779.076833424115, 13433.657612444596, 16176.214798101793, 17305.525966068457, 15112.925194683474, 16194.336970568875, 13384.139494757605, 13218.52999296261, 15986.899318474418, 17690.396447495765, 15121.498083976308, 17751.977872836815, 14846.848642672145, 12480.33931634004]
fps.ltu:[2093.5859581887466, 1269.4324272419974, 1542.499655335877, 1735.5223691492438, 1105.6337779849127, 1442.2012254137321, 2234.87243764006, 1415.6858384668674, 1402.7523546860364, 1230.90713186322, 1291.913685743449, 1870.9615545004654, 1074.8882349076982, 1573.1596978205166, 1790.4546468363671, 1343.6356699866471, 1572.409669360418, 1054.6060020977693, 1044.8599458902518, 1518.96202498373, 1865.866187115458, 1346.9278023696602, 1908.4042086394047, 1316.991066389189, 938.3209733320656]
fps.c2:[1.025468065196421, 1.869575799158961, 1.1404329980567076, 1.9789571721290442, 1.1251865732667712, 0.7529642653005229, 1.1480313847041197, 0.6301043380869153, 2.6159399923646665, 1.012856938493516, 0.8867617769815028, 1.0656952612958088, 1.603493011616237, 1.4353203118852216, 0.5894498353811023, 0.743850241687698, 0.6251421056869749, 1.2573327227304494, 0.6040931168019784, 0.7238459942487565, 1.0617607567038718, 0.8070923519592161, 1.4155674532123188, 0.8349931143516311, 1.1448049158048723]
