Ri:[100, 130, 160]
Zi:[50, 100, 200, 300, 400, 500]
fps.ts:[3057.661659998894, 9172.984979996681, 15288.308299994469, 21403.63161999226, 27518.954939990042, 33634.278259987834, 39749.601579985625, 45864.92489998341, 51980.24821998119, 58095.57153997898, 64210.894859976775, 70326.21817997456, 76441.54149997234, 82556.86481997013, 88672.18813996793, 94787.51145996571, 100902.8347799635, 107018.15809996128, 113133.48141995908, 119248.80473995686, 125364.12805995464, 131479.45137995243, 137594.77469995024, 143710.098019948, 149825.4213399458]
fps.e0:[10859.717528786463, 10863.944634287951, 10879.68025771766, 10865.5178075269, 10874.976582002779, 10872.74732207693, 10856.261028915957, 10869.854603767277, 10871.778691901083, 10874.87974648688, 10873.261336020083, 10863.227815704202, 10855.42759248117, 10849.207230196696, 10850.231969697988, 10870.560713806659, 10881.00042031128, 10914.648865364567, 10872.033286914942, 10881.034147538374, 10889.10841763405, 10873.705863565321, 10876.95580979431, 10898.340353333817, 10893.026843232554]
fps.e0u:[9.911493853816756, 9.800950911409263, 9.89723567512633, 9.773938923072304, 9.897737463236222, 9.81299687047407, 9.874814486912287, 9.796417791204936, 9.875532995681166, 9.819436657553492, 9.917391705659709, 9.786812861910665, 9.928342858146024, 10.005592936319305, 10.022449025863695, 10.028091061886482, 9.983699925546647, 9.96128859836649, 9.980472469924354, 10.077066957492951, 10.003409051691696, 10.01000785597294, 10.045211756728126, 9.89109746365159, 9.938622461705553]
fps.lt:[6834.661309558392, 6759.482416356427, 6623.592649192995, 6780.913634728639, 6657.794539529328, 6699.585022108622, 6954.834069796005, 6744.115592965825, 6658.80906044093, 6666.545198703434, 6777.9474113969945, 6876.162113550276, 6822.170892437928, 6768.260261498486, 6880.476354744827, 6578.9615132530325, 6372.41780417881, 6083.8313473967455, 6537.664330072691, 6401.076193000359, 6503.918272576738, 6474.214803830382, 6563.420117418285, 6436.082132704313, 6308.231676771756]
fps.ltu:[125.33944259612183, 122.3062036651745, 117.87772997274058, 122.43778778228979, 119.16153983056186, 119.52990049801274, 130.64649951552644, 121.37088872171618, 119.62678402330188, 119.49524699218574, 124.17542550090134, 126.65654179436197, 125.70788249936675, 124.63458849663122, 129.19742582836082, 117.47440706232518, 110.58491809555359, 100.52981147663135, 116.07742454565373, 112.68754727208295, 114.99691762278196, 114.4520930369404, 117.93080865059943, 111.5294103199179, 107.91090647530541]
fps.c2:[1.7527024627243604, 2.5862940332354865, 3.876670144415817, 2.954964719900189, 2.8632834938543685, 2.5074322593028175, 5.111331967743935, 2.012413035679528, 1.6587210592775627, 2.916909018076322, 2.906431788552063, 2.5011027889979283, 3.5108272467251984, 5.28849428991534, 2.447080605363358, 3.1983220740832796, 4.338392511557007, 1.5120504654576115, 2.399778217255759, 1.2354102184854365, 2.9791374903706584, 2.27351771489305, 2.0256288895853536, 1.9261921188201419, 1.6651297945191876]
FC:[[3.7380699728111475, 3.7369850298062612, 3.8027418795992434, 3.890154360589813, 4.007676873957167, 4.125081946943647], [3.7756291516681886, 3.7718506457296446, 3.839129988417995, 3.9230102574325345, 4.03785351215325, 4.1538805583306475], [3.8074689360590934, 3.8256803640840786, 3.90495220086822, 3.9910184055979645, 4.098337504814126, 4.208855881108708]]
FCE:[[0.0268931947323111, 0.014095366481310464, 0.008751642856913978, 0.006938647407544578, 0.005839569051173088, 0.005283205273517223], [0.021098161545470128, 0.010865645603892023, 0.006728899609728601, 0.0051759644247659775, 0.004478319529704263, 0.0040656950532008945], [0.017428611848423994, 0.0089649093558917, 0.005538716493367322, 0.004260141354971096, 0.0036900974301145775, 0.0033536424487723092]]
