Ri:[100, 130, 160]
Zi:[50, 100, 200, 300, 400, 500]
fps.ts:[1726.1055000019073, 5178.3165000057215, 8630.527500009535, 12082.73850001335, 15534.949500017166, 18987.160500020982, 22439.371500024794, 25891.58250002861, 29343.793500032425, 32796.004500036244, 36248.21550004005, 39700.42650004387, 43152.637500047684, 46604.84850005149, 50057.059500055315, 53509.27050005912, 56961.481500062946, 60413.692500066754, 63865.90350007057, 67318.11450007439, 70770.32550007821, 74222.53650008202, 77674.74750008582, 81126.95850008965, 84579.16950009346]
fps.e0:[10849.8497218584, 10924.858678233795, 10856.867315124851, 10878.927958957343, 10906.000741561802, 10844.5634071997, 10901.817484896672, 10882.19394747147, 10887.507498172803, 10861.92742351236, 10835.045921129911, 10855.543032858597, 10894.889027039699, 10874.172840824414, 10895.031183255607, 10864.184924962126, 10885.725203324573, 10888.277282869485, 10870.001375100002, 10895.011467749255, 10862.938482616039, 10878.103054373847, 10872.817441833255, 10897.286220302696, 10909.981060450345]
fps.e0u:[15.963298447145625, 15.79562494127861, 15.880210596310144, 15.861743433308483, 15.856815865279348, 16.229318072292745, 15.697831039234234, 15.7858121651729, 15.872070378096975, 15.890135768991025, 15.933608893482972, 15.776888876394157, 15.921198976897845, 15.821252921564188, 16.02947755480515, 15.918977797706818, 15.788396469656012, 15.69085692785144, 15.964383154796419, 15.736756201113995, 15.852226692178125, 16.058094776169007, 15.874466371220333, 16.05183826297127, 16.03008310401316]
fps.lt:[12796.609494865079, 10584.364704049462, 12914.031293288817, 12185.041297898031, 11081.715212935276, 13204.223301500655, 11644.724769125292, 11779.069225579338, 11552.983442695768, 13008.571138588213, 13578.88434186991, 12969.309463522668, 11883.43190426958, 12369.178557486073, 11521.43108031185, 12358.488784702597, 11773.636276474661, 11796.059019132379, 12441.420676689231, 11498.234788926371, 12339.07273397268, 11629.561346026456, 12170.12238637399, 11730.036370825406, 10867.894381315999]
fps.ltu:[723.1844949245437, 488.09344046765744, 738.9182667121863, 651.9150240251407, 537.6934917818095, 780.6009876388923, 587.2588351442845, 607.4232318305234, 586.648572473393, 745.6089311415183, 818.3949657714172, 737.2354837627696, 623.1596955197577, 671.150116056574, 589.7790757743754, 676.8698882935773, 605.2748945629207, 602.7287023896957, 684.2030845463933, 574.9134050350282, 663.0600962880476, 598.174403847999, 651.8684968626931, 607.5391440852615, 525.2089292690579]
fps.c2:[1.1840311174322482, 0.7993136549686258, 0.7583311928727693, 1.5653590622301863, 1.1713625350419665, 1.2069574046641582, 0.8731444328235333, 1.1104712887759287, 1.4950727398368426, 2.1794218594338104, 2.2655451831998263, 1.1882051815250496, 1.1105425061003245, 3.0617612279995607, 1.3004843690665666, 1.146982464912397, 1.2773665439396342, 1.8392969257262817, 1.1884055881251798, 1.6171183884534832, 0.9847887929308589, 1.4894365209525058, 1.1610326052226916, 1.5388681130728559, 0.6872188732484388]
FC:[[3.783120436620529, 3.8583789470138052, 3.8748424733863565, 3.899588063968529, 3.9306171568109884, 3.9570068236631983], [3.8301343052230483, 3.88181202152656, 3.9134501753740496, 3.9495582697876874, 3.9803467618497166, 4.008879824576515], [3.974659384392466, 3.998692913549953, 4.033894318353804, 4.076028489706982, 4.110159409743327, 4.139072916260855]]
FCE:[[0.03515759627478267, 0.02185353140789532, 0.014481401473225176, 0.011467471221576563, 0.009738153608601823, 0.008575013796782606], [0.026961126084970748, 0.016843532954769785, 0.01116497907908762, 0.008874945897801429, 0.0075625072426529, 0.006521522766454223], [0.022668321553857815, 0.01394098789985417, 0.009229914941441368, 0.007357754697176383, 0.0062819854615716484, 0.005571941723452658]]
