Ri:[50, 100, 150, 200]
Zi:[100, 200, 300, 400, 510]
FC:[[4.078918263237496, 4.054271755599758, 4.069621288867921, 4.075183194124858, 4.081996910300829], [4.046092922585528, 4.05281544427072, 4.066318321390962, 4.084831263428727, 4.106786880615269], [4.171189862688006, 4.1910578722467475, 4.210734349116438, 4.230301166269593, 4.255082642690759], [4.811775392490108, 4.844902978452627, 4.877687415017095, 4.900149158312879, 4.919581149039861]]
FCE:[[0.04244140371519029, 0.027957586677413427, 0.022744235038601218, 0.019611111371813154, 0.017211659941582014], [0.020679888602266324, 0.014038792425220614, 0.011339407912999323, 0.009769263171678996, 0.00863843334178689], [0.014470094104552324, 0.009855921665274076, 0.00795323145568268, 0.006650290676555093, 0.005882918522972294], [0.013059570072815368, 0.008845468661034118, 0.007165393179389325, 0.006179847916495861, 0.005462508433193919]]
fps.ts:[1616924395.8992, 1616927996.6016002, 1616931597.304, 1616935198.0064, 1616938798.7088003, 1616942399.4112, 1616946000.1136003, 1616949600.816, 1616953201.5184002, 1616956802.2208002, 1616960402.9232001, 1616964003.6256003, 1616967604.328, 1616971205.0304003, 1616974805.7328, 1616978406.4352002, 1616982007.1376004, 1616985607.8400002, 1616989208.5424004, 1616992809.2448, 1616996409.9472003, 1617000010.6496003, 1617003611.3520002, 1617007212.0544004, 1617010812.7568002]
fps.e0:[10690.560536880836, 10659.716123908991, 10679.231602095742, 10671.386218583277, 10662.182795330704, 10674.733934013835, 10686.828697189758, 10707.967732212082, 10675.702076000607, 10695.677871120184, 10658.797565793766, 10701.629103903908, 10683.881667753027, 10658.809772900024, 10668.782865956817, 10676.553668934102, 10685.021522476096, 10661.971701218858, 10680.649592805516, 10675.808796427813, 10679.491139362328, 10695.244582202165, 10712.694504144061, 10679.187488878499, 10680.576425089972]
fps.e0u:[19.02367857093355, 18.990863853004555, 18.973098120157, 18.966236978668913, 19.036172538683825, 19.382380588049376, 18.890693874654133, 19.00051033926429, 19.160686245529433, 19.2300648073593, 19.25186975122667, 18.996813132120412, 19.211471476297238, 18.920994215284985, 19.112182098596737, 18.9599417707981, 19.315125199042434, 19.008586435845768, 18.61122318534917, 19.027345265671464, 19.04054460178906, 19.10321616284988, 19.04926391345983, 19.063877709477463, 19.12077566377776]
fps.lt:[19315.846141052974, 21873.31020614067, 18872.2303159473, 21843.08325661708, 19648.4911868594, 17693.393223659274, 17520.478369258588, 15392.949300187076, 18512.54131447204, 16033.441041748494, 19921.93956342335, 18008.177808656586, 19038.504639838648, 21292.663454585472, 19653.589254325787, 19636.983616447265, 17044.62840667247, 20573.79481521839, 18112.740510383523, 20596.093476505623, 19344.31027774288, 17849.439989885537, 16360.606408279235, 18464.235321358115, 19960.243010798968]
fps.ltu:[2004.2454259510175, 2559.5933523633444, 1917.3633329820057, 2537.931961506145, 2071.247605227358, 1704.1318244123227, 1646.8628809278628, 1273.4676245405615, 1848.7950094144257, 1400.0598688263528, 2143.2653179765734, 1740.111115177167, 1958.1934949005654, 2404.174359932247, 2087.416215518421, 2062.1707726379354, 1589.0397911846374, 2276.3492714958725, 1721.2338983216603, 2275.364552904383, 2009.268236328059, 1719.0029250665214, 1444.8107785843958, 1833.712879500234, 2149.5262899454447]
fps.c2:[1.153803134212072, 1.1457938257607003, 1.094652395084546, 0.6335467513220584, 0.801426894783586, 1.6199267931193129, 0.9486232535636427, 0.7831331008661171, 0.5505489657023065, 0.8099847320615309, 1.0401357760884713, 2.349622865353054, 1.4682341114361779, 1.9206641677453864, 1.2272510113301633, 0.8466825864944897, 1.1071785371790916, 1.6719952467911392, 1.038486503375385, 1.8975656276913497, 0.9435402494733872, 1.0888836025255628, 1.1509926508081756, 1.763860207840031, 1.1655516409522713]
