Ri:[100, 130, 160]
Zi:[50, 100, 200, 300, 400, 500]
fps.ts:[1799.5558999967575, 5398.667699990272, 8997.779499983786, 12596.891299977302, 16196.003099970818, 19795.114899964334, 23394.226699957846, 26993.338499951362, 30592.450299944878, 34191.5620999384, 37790.673899931906, 41389.78569992542, 44988.89749991894, 48588.009299912446, 52187.12109990597, 55786.23289989948, 59385.344699893, 62984.45649988651, 66583.56829988002, 70182.68009987354, 73781.79189986706, 77380.90369986057, 80980.01549985408, 84579.1272998476, 88178.23909984111]
fps.e0:[10933.462336837732, 10917.211295578714, 10924.016824964032, 10950.324936034353, 10936.013397404415, 10943.23082209102, 10942.421709128559, 10939.50153509962, 10947.679640286984, 10929.105867096194, 10924.886345284309, 10949.534342578801, 10919.404241366383, 10948.920468265187, 10928.687604768598, 10952.346334143493, 10936.196257015163, 10939.607291318127, 10983.119095485474, 10961.427179806802, 10941.239962645606, 10931.025808606975, 10962.244609531539, 10945.081748435548, 10946.673533438408]
fps.e0u:[15.428884759686241, 15.412494406384981, 15.325902421132357, 15.471344994012513, 15.584070600584997, 15.356225325462665, 15.140405556827295, 15.339208628002664, 15.259123114887156, 15.310628894428895, 15.148366908119682, 15.587191073869427, 15.466738642598779, 15.28312940775234, 15.165314838052337, 15.19762778109879, 15.529325310450679, 15.214667678264252, 15.53343467746109, 15.362532752282522, 15.537297388188609, 15.194072209523222, 15.270767818047565, 15.137999943380196, 15.330656429706838]
fps.lt:[13153.668457416035, 13965.381330134609, 13511.740039779435, 11806.147331831247, 12780.90888865645, 12518.820532713964, 12667.220868235656, 12597.362831261735, 13453.866513011804, 14105.456279842874, 13684.443108639089, 13079.420852971376, 14121.686292719414, 12668.172367682002, 14268.964781245828, 13152.236114796222, 13384.270273616148, 13731.975962622904, 11940.854124062851, 12322.621844845367, 13621.00914429937, 13684.971994588723, 12575.19236518987, 14200.425489410498, 13591.679562576292]
fps.ltu:[732.521243666267, 827.1522160711665, 771.8337682732198, 594.6918973086221, 698.5583882038402, 668.4496007602827, 671.0162382159934, 671.2141588037266, 762.3128102229842, 831.8544771247144, 786.6477628130416, 729.0487540619267, 847.011660336212, 679.3698866261503, 848.6106085204132, 726.9900321953874, 767.6559234375412, 789.899610161572, 610.4727577187674, 642.7370799261763, 793.338099114536, 792.1106232705533, 665.5092961764151, 841.4783453335333, 783.911815513334]
fps.c2:[1.7168030628698736, 1.3592192584324203, 1.7109518576069116, 0.9744519796506863, 1.2382081743228393, 2.3557179942770654, 0.9092672335562288, 1.0554218725060518, 1.8600089460458364, 1.248789701584656, 1.4631144542277954, 1.4061081084215914, 2.168740598889265, 0.640796716471875, 1.429026096821553, 2.326799478564649, 0.634075823547842, 2.871648161067493, 1.8859306375679306, 1.2207014634239997, 1.392008272562527, 1.9504901911624566, 1.049761699315288, 1.869824777473943, 2.033208405803892]
FC:[[3.883692497136805, 3.8808109196033556, 3.8722879527532967, 3.893802253103453, 3.9263578183509997, 3.957663433160121], [3.8879679277855077, 3.911254034769562, 3.924954628550936, 3.9584080178597176, 3.9853289816894217, 4.012318255922944], [3.984092653442983, 4.024847338799666, 4.05870208633666, 4.0840354408915, 4.109474441649286, 4.141861874312197]]
FCE:[[0.034004731364188315, 0.021313761230671323, 0.013921539149240672, 0.010976051803386299, 0.009368228907586361, 0.008077321532147201], [0.02602822410410448, 0.01638575563165564, 0.01079241286117062, 0.008340777403559792, 0.007118418821969022, 0.006294444158957199], [0.022069394106445324, 0.013560687599206362, 0.008973459684168704, 0.0070904110417896815, 0.006054276621375421, 0.005253744669668093]]
