Ri:[100, 130, 160]
Zi:[50, 100, 200, 300, 400, 500]
fps.ts:[1735.8611199998857, 5207.583359999657, 8679.305599999429, 12151.027839999198, 15622.750079998972, 19094.472319998742, 22566.194559998512, 26037.916799998286, 29509.639039998056, 32981.36127999783, 36453.0835199976, 39924.80575999737, 43396.52799999714, 46868.25023999691, 50339.972479996686, 53811.694719996456, 57283.416959996226, 60755.139199995996, 64226.86143999577, 67698.58367999554, 71170.30591999531, 74642.02815999508, 78113.75039999485, 81585.47263999462, 85057.1948799944]
fps.e0:[10853.494431087549, 10875.218335683376, 10880.836052034634, 10875.925528889786, 10883.324786405217, 10877.812154039913, 10868.443539539732, 10872.591842949088, 10886.742106560057, 10865.899081455898, 10857.06444926486, 10878.339162742734, 10862.143364121866, 10846.49033102224, 10847.928953467323, 10848.387239313666, 10873.383303507437, 10884.548555780864, 10869.518587295775, 10875.30558919273, 10838.248542313228, 10878.50302352435, 10880.065120352117, 10859.32571863899, 10862.306757866141]
fps.e0u:[11.630001865720384, 11.809421865467158, 11.799273406419823, 11.750425200485948, 11.713197031989406, 11.77835127038533, 11.740260286211496, 11.672134158808534, 11.698460338973206, 11.749790115537593, 11.826369847257235, 11.675728443721752, 11.854518232867658, 11.781852109620019, 11.746744588617684, 11.890635875342362, 11.870449032082917, 11.785428479429044, 11.877032077150089, 11.770925842490815, 11.869470042106617, 11.750474661646061, 11.777761900714168, 11.788176475896062, 11.94542750012673]
fps.lt:[9404.188741420598, 8897.474143968522, 8735.145386555725, 8911.488972372887, 8857.906261533863, 8917.340773267542, 9107.311207067343, 8946.791656765148, 8664.976236343879, 9119.624700457636, 9243.373394023683, 8786.694359387886, 8931.65262792374, 9445.189694714703, 9566.838796476351, 9464.511757929162, 8943.003331645565, 8685.609442918389, 9001.139596291308, 9009.05143945488, 9764.088895305262, 8965.521285349438, 8720.485170327182, 9365.440421907188, 9138.418964375333]
fps.ltu:[282.86464872732495, 256.1130754141793, 245.75614400137854, 255.16901348969884, 251.30241029852104, 255.72937021393636, 267.20128021342026, 255.89379960163967, 239.44643195894122, 268.30102755476935, 277.9834581663213, 247.89102345131482, 258.7272365017905, 287.95969956980053, 294.9403828414171, 293.128923479939, 258.43302727874885, 243.93074042431053, 264.02361527069087, 260.6798288764137, 308.4747883882718, 259.16073292260467, 244.51779088413144, 282.12615081844893, 273.49142562638326]
fps.c2:[2.0455996128066665, 2.2194145629088857, 2.103119053244929, 1.7337336588904697, 2.1515579621555814, 3.292701206854929, 2.0944471595438006, 1.9480288665831855, 1.7545661238810797, 0.7532025479990749, 2.825374332600608, 2.0582040652451012, 1.4902988433112003, 2.903115222323362, 1.9586000336330285, 1.5595372319600453, 1.8355459501450055, 0.9573285986329206, 1.7304949225838206, 1.1256358733605047, 0.9317372279301537, 1.2197328932291258, 1.6522232623400512, 1.9067000877183196, 1.4931774820542192]
FC:[[3.7831042208125187, 3.788616791490574, 3.832628497132227, 3.8632181634403935, 3.899555043596934, 3.9364842300662852], [3.824006745559103, 3.8502071252421626, 3.893802685345165, 3.9246274336542086, 3.9613618534911774, 3.9979084734394377], [3.979429607197718, 3.984710954987106, 4.032152729006609, 4.068834796654136, 4.10735111548904, 4.14444247461463]]
FCE:[[0.02985147560012401, 0.01651798398043104, 0.010623305201140779, 0.008270075208352492, 0.007001486705618016, 0.0060154478274392995], [0.023390228608498122, 0.012882785883363265, 0.008231242286881827, 0.006426365634293663, 0.005309611234781873, 0.004690243100405963], [0.0192259237728532, 0.010668991658602406, 0.006779568486336811, 0.005327089687472014, 0.004529890223457489, 0.004011318019076666]]
