Ri:[100, 130, 160]
Zi:[50, 100, 200, 300, 400, 500]
fps.ts:[1726.6751999998094, 5180.025599999428, 8633.375999999047, 12086.726399998664, 15540.076799998285, 18993.427199997903, 22446.77759999752, 25900.12799999714, 29353.47839999676, 32806.82879999638, 36260.179199996, 39713.529599995614, 43166.87999999523, 46620.23039999485, 50073.58079999447, 53526.93119999409, 56980.28159999371, 60433.631999993326, 63886.98239999295, 67340.33279999257, 70793.68319999219, 74247.0335999918, 77700.38399999142, 81153.73439999104, 84607.08479999065]
fps.e0:[10895.936423364254, 10900.232967226093, 10888.258523543298, 10927.302981879639, 10906.262031129958, 10885.003824652034, 10899.18921745503, 10882.60260163541, 10900.636212496205, 10903.027418114032, 10906.766009036672, 10900.217001057339, 10906.905159195954, 10916.215950253463, 10920.15584264348, 10873.851748637737, 10907.63079769959, 10888.055592458828, 10901.568482801387, 10888.048196916254, 10895.540336138336, 10902.792451281624, 10927.864151592443, 10927.320233630895, 10919.60771443776]
fps.e0u:[13.168140796479959, 13.24820617987331, 13.410245736899387, 13.216779554637023, 13.366066724795775, 13.267609533011745, 13.1912155715931, 13.313773316637736, 13.256586078281572, 13.204784261347545, 13.370940019999617, 13.367366318242583, 13.401766478790114, 13.372841076801224, 13.513609118381371, 13.514914876640745, 13.186923916015171, 13.443288986113284, 13.383967134361603, 13.296984097150132, 13.201184620564598, 13.286880528835244, 13.231135110794837, 13.409594254903228, 13.269941215147002]
fps.lt:[9144.628604511072, 8926.7060958668, 9142.70458242681, 8600.250118638623, 8964.294535265471, 8957.310986889317, 8923.433668548601, 9298.288883859983, 8956.548749951107, 8807.300725442074, 8752.438696171748, 8843.36221552879, 8596.449779620874, 8591.594644745051, 8652.803710407476, 9370.336064563106, 8776.526559245047, 9077.934376333234, 9006.76388315988, 9202.094968713931, 9108.351986187137, 8775.600794492153, 8272.129470632584, 8573.353670533896, 8521.439249845398]
fps.ltu:[304.9300521110408, 292.1273741079072, 308.67015017929623, 269.2883717855281, 294.1414247353607, 294.0512197583777, 290.6571019933834, 318.1506807442114, 292.8823402562643, 283.2649646693515, 281.0656223992356, 287.445995369201, 273.22030543728374, 272.19479175480535, 277.1963033896268, 328.153149083439, 281.50627378747845, 305.5078893813004, 298.5007174873842, 309.9915183318076, 302.48114944108863, 281.8243726891756, 249.11455041053887, 270.2867391417586, 265.7552981109733]
fps.c2:[1.8013359048034283, 1.4073802022563733, 2.3219403617223087, 1.0271439674116618, 1.3736389677481868, 1.02735698527367, 2.9846463020993053, 1.2315055302675688, 2.0916197012156137, 1.4090046415690538, 1.626479823580121, 2.937647187344064, 1.2672995264612015, 2.5494160527987053, 1.4967477377346898, 1.2183763402497645, 0.8164314807261677, 1.1623915732951995, 1.7445627288300734, 1.3843326123498667, 1.4866058245192113, 0.8028763332948058, 1.5034039436260105, 1.7843781727169805, 1.9320968540971524]
FC:[[3.7621776267641476, 3.8246206863642302, 3.8435592276013626, 3.8866431225137177, 3.918964525174724, 3.9480151232171385], [3.7982132575283702, 3.8494353165964283, 3.88323981178387, 3.92282787736451, 3.9549646343102913, 3.9887276806386343], [3.966611999961567, 3.9787053097897607, 4.018026139055481, 4.05610638646718, 4.086498622264024, 4.122645866541668]]
FCE:[[0.03252781389199551, 0.018648578803618775, 0.011897290823140358, 0.009378767006214114, 0.007953641953078567, 0.006851715809428196], [0.02448663872787686, 0.01427915866478257, 0.009185437132926424, 0.007243504351934412, 0.00599419506472415, 0.005314756641992486], [0.020862279026526282, 0.011802183560352694, 0.007599078029101826, 0.0059900636104968374, 0.005090167959970885, 0.004525712404974038]]
