Ri:[100, 130, 160]
Zi:[50, 100, 200, 300, 400, 500]
fps.ts:[1461.1501599979401, 4383.45047999382, 7305.750799989701, 10228.051119985581, 13150.351439981461, 16072.651759977341, 18994.95207997322, 21917.252399969104, 24839.55271996498, 27761.853039960864, 30684.15335995674, 33606.453679952625, 36528.7539999485, 39451.05431994438, 42373.35463994027, 45295.654959936146, 48217.95527993202, 51140.2555999279, 54062.55591992379, 56984.85623991967, 59907.156559915544, 62829.45687991142, 65751.75719990731, 68674.05751990319, 71596.35783989906]
fps.e0:[10900.001958828543, 10908.628442635707, 10874.35568314986, 10886.89538254886, 10871.844354782192, 10908.922461926757, 10898.167290356876, 10923.512259116833, 10869.893744084891, 10909.280732226887, 10888.48447325576, 10867.350837211927, 10903.421462509434, 10913.334708738525, 10906.773677107598, 10942.488827387719, 10890.83391607189, 10892.782080809402, 10899.160068803943, 10878.423802464611, 10930.279618831702, 10920.605167910368, 10907.06080185658, 10876.576608061056, 10885.6479959899]
fps.e0u:[16.908842762925307, 16.541772825099947, 17.091825454005754, 16.926583106171257, 16.867216779792937, 16.13257957965392, 16.062177924280466, 16.54076996235415, 16.51625745038564, 16.466519747396102, 16.44574347574492, 16.715287715146744, 16.850906690606394, 16.499626366181857, 16.525864679340728, 16.39430998277488, 16.30590240686382, 16.498197110117005, 16.33621893840409, 16.864705447797657, 16.395154311039505, 16.45978655296598, 16.396587125007628, 16.349328256715893, 16.553590143724268]
fps.lt:[6582.974241191364, 6188.292874355023, 6767.894826989135, 6349.8748853628485, 6681.928991401799, 6386.021872337164, 6627.094217733254, 6131.74059351882, 6682.391664569132, 6254.666029122368, 6731.664734319179, 6640.824749649942, 6474.486533339058, 6292.324838193968, 6186.5818419401485, 6099.175474897349, 6541.179693394375, 6632.9831753345015, 6421.439350667539, 6797.110872675808, 6335.150777563604, 6294.83932845185, 6394.89560679528, 6679.961493023273, 6768.99984880311]
fps.ltu:[199.83748743789064, 174.83260654346898, 213.2159443500364, 187.23375668499708, 207.28837675544384, 180.94909491866198, 195.47405254264513, 170.6529446795437, 203.98029492893454, 177.90005830277002, 204.5858394790915, 201.42554977681112, 193.428305722634, 179.849918772863, 174.2941307092511, 169.14165805379562, 192.74922332350175, 200.58392859015146, 184.9069043712339, 213.55732047807882, 182.42927046245217, 180.68954030570683, 185.75045601574038, 201.01563369982637, 209.46217274336374]
fps.c2:[2.2462787843392147, 1.56358517874789, 2.7807390419404308, 2.7551249264030813, 1.3251044287802844, 4.080278576804016, 1.5528049983038228, 2.0983046473920206, 1.6533732367412932, 3.5127286789150114, 2.6593230210798158, 3.4376195796568108, 2.287304274526789, 3.0287999645862818, 5.455577768344062, 2.302231370096729, 1.626549578482466, 3.0566971893346127, 4.257549820274411, 1.8439062466163172, 1.8243425107054967, 2.4906289275956004, 1.9805745727703143, 3.7210476166063575, 2.042173727211032]
FC:[[3.8816449675547693, 3.9017070861792535, 3.9640920713574883, 4.034479127649046, 4.114588467085356, 4.177635566152656], [3.8759333299499623, 3.9466643015867064, 4.028229287750777, 4.116013648406337, 4.17761836956228, 4.253325522594697], [3.964437257820013, 4.087403092300751, 4.195061199157442, 4.267903171238252, 4.3289440786278455, 4.397756501043892]]
FCE:[[0.041912716687843646, 0.02314794235945389, 0.014995017005133785, 0.011890014565295131, 0.010056507943082077, 0.008954147334782654], [0.031861899620834945, 0.017970839331031923, 0.011726910306404097, 0.009194285279081138, 0.00784993625457415, 0.006928326141184337], [0.02734987168668235, 0.015465871860683326, 0.009802778178294915, 0.0077434138985967476, 0.006608284140876954, 0.005902081854341554]]
