Ri:[50, 100, 150, 200]
Zi:[100, 200, 300, 400, 510]
FC:[[4.063705823899821, 4.155179206555849, 4.175304889972163, 4.16792676637985, 4.152286657112585], [4.087091984669865, 4.161329331392095, 4.178546182583651, 4.1831415164742065, 4.198659285792112], [4.247287767465709, 4.283640607611576, 4.309464583045822, 4.3241924444443685, 4.342187489758017], [4.8783979883821456, 4.995870675060015, 5.037387585913077, 5.0517537061930256, 5.06421333954832]]
FCE:[[0.04158976305970371, 0.029031875909314917, 0.022905999225233894, 0.01957383167359736, 0.017445417245632894], [0.020942397756403493, 0.014262967958478765, 0.011435579451194847, 0.009788302635830477, 0.008623839737419153], [0.014474695633754076, 0.009881539406983159, 0.007933937117163658, 0.006811744031368791, 0.006003782570766155], [0.013495558096118696, 0.009227742162646841, 0.007477340397950451, 0.006429594076157333, 0.005674795549610535]]
fps.ts:[1602605217.8519201, 1602608614.40176, 1602612010.9516, 1602615407.50144, 1602618804.05128, 1602622200.6011202, 1602625597.1509602, 1602628993.7008002, 1602632390.2506402, 1602635786.8004801, 1602639183.35032, 1602642579.90016, 1602645976.4500003, 1602649372.9998403, 1602652769.5496802, 1602656166.0995202, 1602659562.6493602, 1602662959.1992002, 1602666355.7490401, 1602669752.29888, 1602673148.84872, 1602676545.3985603, 1602679941.9484003, 1602683338.4982402, 1602686735.0480802]
fps.e0:[10017.089662209844, 9991.31326056719, 10007.963951853313, 9954.530515226777, 9945.353507744427, 9983.196122779973, 9982.171576047655, 9963.97551757456, 9982.888131174968, 9954.418585621932, 9988.535685756751, 9956.327629784926, 9961.012746921355, 9958.519367847503, 9977.565853881622, 9962.26732383554, 9965.546373183897, 9964.950979058794, 9930.448716263934, 9960.474936150216, 9985.691895809357, 9974.6868125067, 9993.245506120853, 9983.841133257043, 9997.223294492713]
fps.e0u:[17.937106225870586, 18.14473383853121, 17.76053128764545, 17.971298665489588, 18.143519368077325, 18.084442994804977, 18.04775779580976, 18.181254608965215, 18.008476252891278, 18.086936817808827, 18.067999826248087, 18.26880756421443, 18.041237009959065, 18.224610262810224, 17.866334475372188, 17.869240638537985, 18.07623540202125, 18.122770993206707, 18.1660092873764, 18.088734550308367, 17.993718229847314, 18.31364602762422, 18.175107676033754, 18.12005316140509, 18.144892190341476]
fps.lt:[11801.607175806043, 12194.879833255309, 12217.888673151034, 15947.742534605224, 16261.94327549889, 12484.458718677353, 14262.608476095967, 14454.944610115437, 12979.50520139129, 14930.82448201953, 12548.613977317915, 15046.29731166514, 15135.586789378658, 15019.080484205188, 14224.295397253918, 13874.370617450068, 14663.445042362619, 14614.984419727782, 16460.441038331413, 13706.316109930147, 12698.186909110984, 13826.691664452876, 12186.456314269377, 13577.891851909651, 12881.234771759804]
fps.ltu:[753.8110037546809, 824.601268934985, 815.1999794042199, 1399.929059687015, 1453.0785302534725, 857.9057030608981, 1115.4418120154837, 1149.501067472081, 918.0298617738006, 1215.8428916312364, 863.9971297999521, 1246.61286101553, 1250.274320683154, 1242.7700196222106, 1095.6180138721481, 1044.586970729042, 1180.72649566274, 1171.3828453021947, 1494.9123689587943, 1033.998584422657, 882.7960921164002, 1057.7119685252476, 827.7930843006762, 1010.6815215177023, 918.2173093823174]
fps.c2:[1.6553130858827116, 0.7513709816709196, 1.2899262856356133, 2.4325964512022, 0.6877005058717166, 0.948222839869996, 0.5640522510635949, 3.126408245388729, 1.3818405726725216, 1.2104131855504212, 0.8649276586987876, 0.8943436033829497, 0.9414771294435922, 1.1946370647338929, 0.8840795019194506, 1.4993892144452632, 1.8774478590963424, 1.5738605269039678, 0.7893731908537269, 0.773282221536523, 0.9686941270762888, 1.0844759193297888, 1.0224252877458122, 1.9622862120016695, 1.2724042411192922]
