Ri:[50, 100, 150, 200]
Zi:[100, 200, 300, 400, 510]
FC:[[3.935989409895137, 3.9571505557659106, 3.9571429919291887, 3.978134052087861, 4.007602440328852], [3.948741430924404, 3.9723577329738045, 3.9880411878902446, 4.012347587850571, 4.036088030169256], [4.036199327190649, 4.062801541707183, 4.079738896550114, 4.111062537269234, 4.1380884040983625], [4.370967817595669, 4.423087777948817, 4.453977610833359, 4.482245001654134, 4.506258490162583]]
FCE:[[0.02195914685874074, 0.015131750588501264, 0.01226690395998639, 0.010572081009383507, 0.00939718515154492], [0.011274176291422461, 0.007705777059623576, 0.006227630623682716, 0.0053697155607587465, 0.004754608234295318], [0.00784918887492021, 0.0053552283748316215, 0.004316544995611782, 0.003633631317485101, 0.003216712683247753], [0.006646813688205934, 0.0044750929995641085, 0.003607438935088436, 0.0031052403287586076, 0.002748147092346319]]
fps.ts:[1620985174.80892, 1620988606.3127599, 1620992037.8165998, 1620995469.32044, 1620998900.82428, 1621002332.32812, 1621005763.83196, 1621009195.3358002, 1621012626.8396401, 1621016058.34348, 1621019489.84732, 1621022921.35116, 1621026352.855, 1621029784.3588402, 1621033215.8626802, 1621036647.3665202, 1621040078.8703601, 1621043510.3742003, 1621046941.8780403, 1621050373.3818803, 1621053804.8857203, 1621057236.3895602, 1621060667.8934002, 1621064099.3972404, 1621067530.9010804]
fps.e0:[10735.997566693677, 10749.849762093396, 10757.891840444974, 10769.496725389125, 10768.119656317554, 10738.784718600175, 10758.76160586846, 10762.972358059014, 10776.583608683657, 10748.71655057692, 10767.177125006183, 10766.41785673367, 10757.624826900961, 10765.468161415081, 10760.81296905531, 10792.15346240115, 10779.853679065838, 10771.144420479846, 10785.259270625524, 10794.914226223547, 10786.957994195329, 10772.953222925564, 10767.436757463734, 10778.253148002193, 10772.607988846823]
fps.e0u:[10.992010445258888, 10.933561532752023, 10.95569631038458, 10.976528492268791, 10.923614455155683, 11.030447445216618, 11.009430987780512, 10.989887695612168, 10.926739487736354, 11.085108503639834, 10.934308974445399, 11.004523655073411, 11.000224961128511, 11.276939185426714, 10.988057643696196, 10.92612053667288, 11.05787366325833, 10.969731026339108, 10.998181194973531, 11.006346020954846, 11.018854623604117, 10.980410442828592, 11.022216600152003, 11.009332261001111, 11.09391435013296]
fps.lt:[21305.196844921942, 19043.489052815654, 19589.94993342548, 17926.688393334967, 17349.064862570485, 21780.956563187592, 18863.525092591248, 19180.44094625884, 18247.937485112172, 20266.779012112227, 19499.241553572952, 19434.38338360412, 20462.128559065433, 19758.21799754622, 19713.885362487606, 17240.836132225137, 17609.062279948084, 18346.652446077213, 17811.834576554626, 18067.811258277834, 17902.588420524942, 19300.460238427924, 20063.891073082978, 17967.949670032925, 19303.2435251154]
fps.ltu:[1397.612435345129, 1113.2455621584786, 1176.9562310271845, 989.5212965821394, 920.5868822642494, 1458.4326009800395, 1094.959818327143, 1131.5564981974865, 1019.9067328203347, 1273.0897358884895, 1163.8525743514842, 1162.6637669576069, 1285.2649464259828, 1224.6908329015193, 1193.1183247663246, 909.5964126502311, 958.8822502005285, 1033.422516625467, 976.4518042656275, 1003.6600351855802, 985.6981108053917, 1145.0069430417502, 1241.2881340585736, 995.1699078953316, 1149.3353339024472]
fps.c2:[3.0478051650744513, 1.605070616625376, 2.0718764711753823, 0.982464751240956, 1.5097185390304266, 2.2739105278295835, 1.1341237988530666, 2.460170747875981, 1.8309807861423972, 1.7059617440645292, 4.470620322057069, 1.670474932972213, 1.5158007975456504, 2.088327207662362, 2.769592556058209, 1.354238316228464, 1.5974128830500425, 1.6861102587108254, 1.693705862604182, 1.864822091599902, 2.0419405047374677, 2.6475300595448132, 0.9799600717386474, 3.520503002275171, 2.024903906070637]
