Ri:[50, 100, 150, 200]
Zi:[100, 200, 300, 400, 510]
FC:[[4.060631019809526, 4.032051007223913, 4.012156191185558, 4.030934139694108, 4.032531979013678], [4.027342084647062, 4.029645667834478, 4.045884374104667, 4.066814774506411, 4.0883757905028615], [4.1478027665836, 4.1699073122729775, 4.188841346691539, 4.2096352451903325, 4.238898585697432], [4.735885106960037, 4.787790038145035, 4.820045738318394, 4.8443935280014285, 4.866236126913831]]
FCE:[[0.052044555562302544, 0.034647663992641575, 0.027675532736804308, 0.023863170558844772, 0.0208103149317917], [0.02478308393515825, 0.016788318149550032, 0.01353199538796423, 0.011648812879874666, 0.010244113851908432], [0.01732978265267749, 0.011704333041590284, 0.009398143304987092, 0.008080605639625406, 0.007128299274746664], [0.015909108453286143, 0.01081104382094824, 0.00872075451780297, 0.007508744798856993, 0.006616961074707004]]
fps.ts:[1609421376.53088, 1609424758.10464, 1609428139.6784, 1609431521.25216, 1609434902.82592, 1609438284.3996801, 1609441665.9734402, 1609445047.5472, 1609448429.12096, 1609451810.69472, 1609455192.26848, 1609458573.84224, 1609461955.4160001, 1609465336.9897602, 1609468718.5635202, 1609472100.1372802, 1609475481.7110403, 1609478863.2848003, 1609482244.85856, 1609485626.43232, 1609489008.0060802, 1609492389.5798402, 1609495771.1536002, 1609499152.7273602, 1609502534.3011203]
fps.e0:[10037.625471147072, 10039.311395312303, 10013.792196674569, 10050.339643019823, 10038.684423563704, 10075.44130147927, 10071.31305423804, 10055.51577797067, 10036.337494820918, 9986.071322271742, 10055.525650122134, 10035.231606525529, 10030.340732850022, 10039.077467506968, 10055.649063454855, 10046.885605406911, 10050.630137182648, 10017.669155751333, 10067.970433933508, 10017.200302631456, 10047.92255208375, 10060.503071220855, 10052.151040278946, 10083.748799111283, 10046.487740029648]
fps.e0u:[21.599116661402185, 21.841076163195808, 22.108890577062265, 21.984034114453973, 21.776915256574686, 22.169631296724756, 21.875248274041155, 21.59036779714109, 22.010288116847672, 21.78933029056318, 22.18429717949559, 22.32050230997768, 22.097169932688992, 22.26984822995342, 21.80794780201094, 22.21102735536588, 21.98692895797541, 22.132690877801796, 21.948469621170215, 21.668979710452636, 21.74706231691643, 21.948168768270254, 21.929743567740246, 21.41631365066444, 21.928574501759034]
fps.lt:[18906.94174870621, 18909.066251545304, 20627.64670760622, 18779.5930503819, 17895.634728501376, 17110.274604844442, 14985.433471280308, 18497.174017709185, 18416.689806907103, 26696.619882406972, 16268.620956708448, 18320.562034920924, 18208.94448521664, 18794.184152696434, 17310.155739189915, 17135.22713007328, 17296.978177140696, 20164.433416103242, 16872.767179994982, 22490.066887964196, 17693.4178870702, 18365.28259193431, 18110.917331517143, 15185.481759774852, 18569.76333945241]
fps.ltu:[2312.296735093768, 2330.6396999866474, 2778.6066141694996, 2293.726733179841, 2087.3395632404035, 1929.9740381628255, 1475.2937421910945, 2228.5636369596673, 2239.8154332008803, 4583.481864249012, 1746.152345711055, 2244.262837894886, 2177.4035279193236, 2350.2600758126287, 1947.5221330308827, 1951.9657105554593, 1964.6755363127982, 2677.720812735185, 1854.7728271457897, 3283.0789471576363, 2031.6106299571343, 2206.944718854463, 2158.4454203071914, 1477.5274335133502, 2252.6419096787563]
fps.c2:[1.0900246811193885, 0.8627566352129067, 1.904413158494298, 1.7186070996836191, 1.172028737725889, 0.6832479482155018, 2.040325341541329, 1.4936610342137304, 1.4820688896206649, 1.1089337008008857, 1.4080011365053715, 0.4707647241918316, 2.2174943525310558, 1.042398747933283, 1.5495991056052576, 0.6643104324876856, 0.7450267159274486, 1.2488294587523552, 1.0190060523168671, 1.423010254518186, 1.4391599184698296, 0.837550715322624, 1.74734396468688, 1.389220735946456, 1.5934166443223647]
