Ri:[100, 130, 160]
Zi:[50, 100, 200, 300, 400, 500]
fps.ts:[592.0221999979019, 1776.0665999937057, 2960.1109999895098, 4144.155399985313, 5328.199799981117, 6512.244199976922, 7696.288599972724, 8880.332999968528, 10064.377399964333, 11248.421799960137, 12432.46619995594, 13616.510599951744, 14800.554999947548, 15984.599399943352, 17168.643799939156, 18352.688199934957, 19536.732599930765, 20720.776999926566, 21904.821399922374, 23088.865799918174, 24272.91019991398, 25456.954599909783, 26640.998999905583, 27825.04339990139, 29009.087799897192]
fps.e0:[10440.256611523531, 10424.31826953053, 10433.142935090258, 10438.083420817055, 10447.00837932543, 10448.575743921065, 10444.819632558867, 10468.13688522361, 10495.627588456215, 10486.75645078518, 10462.001265390349, 10443.670025609239, 10467.280315767624, 10498.051141969689, 10468.175022388368, 10486.19093283816, 10479.853489054423, 10495.92327331218, 10475.111327308154, 10510.780638241591, 10488.26648352763, 10461.862144718005, 10510.278225829661, 10498.657543697402, 10496.432681273682]
fps.e0u:[17.388951564916734, 17.32906149225666, 17.152256309165598, 16.976225360747346, 17.040576977491526, 17.116170062683455, 16.864831408268124, 16.95770709084682, 16.580281943089474, 17.255003339797618, 17.308247940817974, 17.398236303925447, 17.80607058520982, 17.993261334976907, 18.267026220521966, 18.710169208528143, 18.57874209091893, 18.712908048808316, 18.954883368242665, 19.351371189488464, 19.469281221928593, 19.764758939100297, 19.89632475042712, 19.74479618746463, 20.3024566055604]
fps.lt:[5102.236865489151, 5191.865608668243, 5267.097697126697, 5208.4079353479565, 5219.719160887105, 5269.713061709836, 5372.437328132566, 5331.801114640221, 5099.801462756396, 5177.04637680219, 5495.521678740303, 5533.2279424255485, 5391.061241009541, 5356.706434069245, 5661.870162180601, 5405.325284755198, 5390.529893819636, 5516.603159006941, 5638.576744438828, 5450.505718398988, 5581.907197928576, 5726.361830062581, 5486.967531809953, 5460.958118639486, 5476.305648610374]
fps.ltu:[127.04274756779411, 131.41197534284044, 134.4420236295839, 129.61576586639953, 130.74329606009363, 132.7152242058574, 137.86435468343728, 134.6459438656094, 122.48466784547811, 130.71136983966642, 146.71466642431017, 150.50696661945742, 145.3790597440009, 144.760955996747, 164.84086253584147, 153.0045815030356, 151.79720277638853, 160.2439127985323, 169.15721305168876, 161.50320200601124, 171.39224737498114, 183.815047263839, 169.0379532151395, 166.84489275878443, 172.36636606034244]
fps.c2:[0.7391001693646349, 2.2510097747917777, 2.6284656013731063, 0.9693353283069287, 0.7475849992213703, 2.072935364387865, 1.151303805759587, 2.1298521389469056, 1.703531543107353, 1.4312417339859533, 0.8990885643260855, 0.5192851020401765, 2.3468061929757797, 2.1071320211349134, 0.7678388612277144, 1.571595150531509, 1.8605074073163606, 1.0934225142292977, 1.3110778874499351, 1.3395576942007343, 1.2142771159673456, 1.4966610138949044, 0.7933430348488772, 1.934477218236343, 1.1112749860306033]
FC:[[3.905401633277222, 3.9061915760262167, 3.9735765562027776, 4.021188808999195, 4.07377897818316, 4.14697384979116], [3.883842647244237, 3.9388438881919914, 4.0024289755996465, 4.064187556059998, 4.1321809158493075, 4.1983830962371735], [4.0162942259621, 4.04931419053534, 4.112876401142957, 4.177096584252596, 4.244062547887795, 4.3106735307017425]]
FCE:[[0.05623976473533361, 0.028924958579434647, 0.017189950064232525, 0.013426270657690654, 0.011350729153537728, 0.009909787682178242], [0.04316839073916001, 0.022064738466370727, 0.013284777289382755, 0.010403374169300959, 0.008633711471143422, 0.007711383431886803], [0.03475511091749181, 0.01856917279249629, 0.010899974313348841, 0.008530039809061972, 0.007262261929453735, 0.006486032276455488]]
