Ri:[100, 130, 160]
Zi:[50, 100, 200, 300, 400, 500]
fps.ts:[1563.0555400037765, 4689.1666200113295, 7815.277700018883, 10941.388780026435, 14067.49986003399, 17193.61094004154, 20319.722020049092, 23445.833100056647, 26571.9441800642, 29698.055260071756, 32824.166340079304, 35950.27742008686, 39076.388500094414, 42202.49958010197, 45328.610660109516, 48454.72174011707, 51580.832820124626, 54706.94390013218, 57833.05498013973, 60959.16606014728, 64085.27714015484, 67211.3882201624, 70337.49930016993, 73463.6103801775, 76589.72146018504]
fps.e0:[10833.89303727907, 10814.545160742868, 10844.242855328652, 10838.32330587239, 10809.859600078245, 10827.223575393626, 10825.835303960219, 10828.245062101909, 10848.875761308776, 10867.110508852513, 10832.33061148582, 10843.870097535444, 10810.272607529725, 10827.39816822862, 10833.34320464614, 10821.414161430519, 10829.218578904543, 10809.103077176092, 10858.311662551174, 10849.742915216148, 10834.54048541334, 10809.054515283344, 10828.944914207092, 10796.052820612462, 10812.141255642196]
fps.e0u:[14.328835882914902, 14.469601340613849, 14.112375221192831, 14.383072971005632, 14.25398484204028, 14.348446255995636, 14.360171017815466, 14.284517692441547, 14.18770890871395, 14.177620480683442, 14.276445489977263, 14.333304648964432, 14.416874311198178, 14.323706397869557, 14.223352051816335, 14.412535934731375, 14.283548672256979, 14.305727573739714, 14.202568922388613, 14.234942285115864, 14.232554708793062, 14.373303548196526, 14.436195708280188, 14.627789933192012, 14.38215492885133]
fps.lt:[10552.690632064958, 11271.150511120093, 10145.587030930988, 10822.519041587895, 11449.70537074899, 11237.201224509174, 10907.644301758308, 11120.008266293424, 10217.372279809751, 10247.694323714715, 10697.05935829759, 10500.063397119335, 11215.96914587659, 10570.133179946242, 10870.161005950229, 11348.445180139075, 11170.10437178392, 11272.015085356426, 10245.265614850472, 10069.180690297853, 10643.57659473629, 11202.701385487971, 10678.773018188254, 12339.291201645327, 11120.855935429845]
fps.ltu:[442.6989636876774, 508.27982432833613, 402.92013102511993, 467.3785738637707, 517.5345049052873, 503.3635262932341, 472.1244013073576, 491.31823264467795, 411.5028977259451, 412.7757360450361, 454.25168499757956, 438.37428406066067, 506.65348795484636, 444.04178223474725, 468.3728831269855, 515.9885526027492, 492.66799595505813, 505.41554062352, 414.5176448409587, 400.5810767096973, 450.98241546938584, 502.7241490776672, 460.4615637152136, 618.191515147167, 493.15680178701814]
fps.c2:[1.9617640859070158, 0.697171869473496, 1.0233413953094501, 0.7338896261352243, 1.012221027436348, 1.1236975042512565, 1.6000169486994422, 2.461561453676227, 1.667458165235093, 2.0712112925408803, 1.9008796053887604, 1.8127426649459402, 1.4879589046175563, 1.327296127234952, 1.024913290153417, 0.9143072267928111, 0.9924611324102435, 2.1806147540739107, 1.9018685345808872, 1.2694044218413039, 1.5382752681605611, 0.4802634264569647, 0.8131619204896446, 2.2755309318554398, 2.751050398489502]
FC:[[3.831887488090678, 3.862598041622683, 3.8798772535736337, 3.8948341702104603, 3.925041531187663, 3.9521736676720307], [3.873753505646663, 3.907038072846057, 3.926762493590187, 3.950844264869531, 3.9834486739957766, 4.011213072524285], [3.991330967673213, 4.023122852740041, 4.051522429780195, 4.078227194039565, 4.108324906925203, 4.1381463689812925]]
FCE:[[0.032193317400710145, 0.019823910092023084, 0.012952786321785004, 0.010255183745336996, 0.008723836521080018, 0.007697247293761499], [0.02527572349929498, 0.015375330055517288, 0.010071045825032028, 0.007985770397126076, 0.0068134723003160785, 0.0060307971682342235], [0.021699703515538918, 0.01309409185574456, 0.008357429179711644, 0.006624627441656874, 0.005658298965976375, 0.00502383750818095]]
