Ri:[100, 130, 160]
Zi:[50, 100, 200, 300, 400, 500]
fps.ts:[1724.8303999996185, 5174.491199998855, 8624.151999998092, 12073.81279999733, 15523.473599996567, 18973.134399995804, 22422.79519999504, 25872.45599999428, 29322.116799993513, 32771.777599992754, 36221.43839999199, 39671.09919999122, 43120.75999999046, 46570.420799989704, 50020.08159998894, 53469.74239998817, 56919.40319998741, 60369.06399998665, 63818.72479998589, 67268.38559998512, 70718.04639998436, 74167.70719998359, 77617.36799998285, 81067.02879998207, 84516.6895999813]
fps.e0:[10969.990855553815, 10962.082811187172, 10987.953097743988, 10969.843467709154, 10984.261441544797, 10958.479042751209, 10977.651898152106, 10967.487040195958, 10966.12831876551, 10981.397629983567, 10986.242002156114, 10983.811371453296, 10991.137989184754, 10977.964810494936, 10979.450997632284, 10960.840353510532, 10993.777275471544, 10988.758096020792, 10991.467538627652, 10969.122994412994, 10983.828416779397, 10997.001846661535, 11006.682667248404, 10965.966525805707, 11005.095847039898]
fps.e0u:[15.724118479511997, 16.0316798123018, 16.069877783914514, 16.20935301873991, 15.920918969648888, 15.84647337523992, 16.005028743460734, 16.015165521467885, 15.889417090827548, 15.955867066744485, 16.1243261188421, 15.989229667079961, 16.102426550055295, 15.990385793355538, 15.938552164791572, 16.119876660451837, 15.819667662514654, 15.929526207969039, 16.02121273132565, 16.002378523908455, 15.870981042058734, 16.041636532448152, 15.923776883732781, 16.2737515728063, 16.216625463550507]
fps.lt:[13162.151856185143, 14296.512206314601, 13132.151853613716, 13950.64801380167, 12529.93344191475, 13706.829984099337, 13314.23707325544, 13300.843016495384, 13668.198986774198, 13163.00772657212, 12267.614939687744, 13475.622915862066, 12388.105807671596, 13293.064555282699, 12875.129138576387, 14380.135270472801, 12503.55989635229, 12688.253016019025, 12866.661101376112, 14166.548678735566, 12954.04538677596, 12947.449776839683, 12097.863531969355, 13694.991579725765, 12050.53343761596]
fps.ltu:[744.386135857001, 888.2519602188063, 756.3219913180296, 851.2140055073033, 676.4293901427022, 808.6326230117497, 770.2689710730407, 766.2009836535315, 807.9031676005611, 753.884936655761, 654.4991800766055, 787.3757218602032, 670.0911129836292, 764.1045011501724, 715.7669018850844, 901.8827466320068, 671.8626407939487, 696.7938486816853, 716.5030016178496, 871.0751403232392, 726.9312428314138, 724.6959142612925, 631.1924206093098, 825.1663401618714, 634.5094174144778]
fps.c2:[1.723458113468341, 1.22650356388309, 0.7234086167296823, 0.7632425579781555, 1.6340246355690295, 2.1535993984952424, 0.8513920171419292, 0.7030579385559578, 0.6055796289893209, 1.60614281324224, 1.5292996900780003, 1.4637774621206672, 2.9446504877349398, 1.3139966319078324, 0.5987188089209796, 0.9921587389996079, 1.877393558957989, 1.1614977438079, 1.5777642549218767, 1.5598834977796705, 1.091172320932655, 1.152999053137435, 1.1150936498719382, 1.40634409072329, 1.8263191283792788]
FC:[[3.799420721570771, 3.864378299047354, 3.8950300282589625, 3.920553370030276, 3.943570390610163, 3.9670126214003836], [3.869133575693539, 3.915027978479861, 3.9396915241158745, 3.9654059132567743, 3.995311496106493, 4.021990637488033], [4.0242010465500915, 4.039776675440663, 4.057005459977682, 4.0909570853905795, 4.122090896159035, 4.145811375654279]]
FCE:[[0.034198139707022054, 0.021835962535888265, 0.01468476850590508, 0.011632424934006019, 0.009840003410341594, 0.008632895797580238], [0.027042227798604164, 0.017124944547392124, 0.011431447456314837, 0.009043372601165493, 0.007664840306205834, 0.006578327361017163], [0.02281205866414709, 0.01422826262751313, 0.00941733853680082, 0.007302238835883457, 0.006202304705163396, 0.005452703348383255]]
