Ri:[50, 100, 150, 200]
Zi:[100, 200, 300, 400, 510]
FC:[[3.981486508226308, 3.962059237648282, 3.9818802116225536, 3.9975958972818786, 4.034129577983807], [4.035899644804976, 4.026920864317564, 4.04978910377199, 4.067087140072327, 4.095791196936708], [4.141935344555891, 4.163263916686741, 4.18021227873365, 4.206115165390091, 4.2391416633094945], [4.7286326577007065, 4.782343756402717, 4.816626683595403, 4.8476713546850885, 4.8716726656118166]]
FCE:[[0.047820308561303926, 0.032766813572337246, 0.026647411640125813, 0.02312559075765234, 0.020528882225585774], [0.024131823085920465, 0.01632661772328815, 0.013198973531961249, 0.011417558243806181, 0.010131537688755854], [0.016906280802437734, 0.011436052927169415, 0.009208484381042216, 0.00795726510738023, 0.007074572998298669], [0.015453644942093406, 0.010566956127999128, 0.008551872472884373, 0.007374350837310312, 0.006527445319568936]]
fps.ts:[1620299536.4076002, 1620303130.6208, 1620306724.834, 1620310319.0472002, 1620313913.2604003, 1620317507.4736001, 1620321101.6868, 1620324695.9, 1620328290.1132002, 1620331884.3264003, 1620335478.5396001, 1620339072.7528002, 1620342666.966, 1620346261.1792002, 1620349855.3924003, 1620353449.6056004, 1620357043.8188002, 1620360638.0320003, 1620364232.2452002, 1620367826.4584002, 1620371420.6716003, 1620375014.8848002, 1620378609.0980003, 1620382203.3112001, 1620385797.5244002]
fps.e0:[10728.288811761486, 10744.202571960339, 10746.249947399245, 10703.96715245172, 10744.407941119767, 10750.334593806176, 10793.572310876507, 10746.295845430737, 10758.43186937725, 10746.964828976388, 10776.063509031079, 10754.782829389507, 10725.858050451381, 10716.496010258003, 10746.839464983295, 10721.783197069377, 10776.450919216664, 10767.289536722834, 10757.982672618129, 10781.68665660765, 10768.357102878224, 10712.069440154082, 10733.191249240643, 10770.31583799225, 10759.781787682838]
fps.e0u:[23.441588761974632, 22.666639616563824, 23.481027439869308, 23.215176136562267, 23.092396010628228, 23.17646411531549, 22.873868478748225, 24.046228989981046, 23.221040169867287, 22.944805227099707, 22.978193114161023, 22.93838452650234, 23.342488748075258, 23.166145601331774, 22.88645465870267, 23.224726849936115, 22.98179014929976, 23.152225334911567, 23.241656970405963, 23.364907850193983, 23.486738775712663, 23.315644901109355, 23.198703273990862, 22.8710704752425, 23.680044101647056]
fps.lt:[22445.03827363466, 19974.663438038777, 20101.208712219013, 23865.214171986954, 21062.355518235054, 19528.867220693344, 16527.66835202098, 20632.163752120145, 18649.441116181133, 20600.29809310507, 16547.955582185972, 17910.695225828178, 20029.143978610915, 21705.215678966262, 19045.55285133669, 20274.015720636708, 17102.094219077197, 21138.24252864328, 19224.4258364408, 17868.758893639726, 16938.98180798865, 25104.42428914802, 21411.510424599244, 16417.279921204925, 19374.99518993888]
fps.ltu:[3293.469213478737, 2544.175674802641, 2641.681712519331, 3705.6022436909375, 2854.759439603279, 2474.89518917189, 1744.8085604739522, 2866.1671436194515, 2271.272981432848, 2719.368245614263, 1763.4521174626555, 2081.411741060328, 2629.91279140262, 3063.6183715566417, 2342.7982238839863, 2688.4339990635062, 1895.1604781757442, 2869.282682020502, 2417.1716456786553, 2074.6254259004277, 1874.7675592859594, 4119.782179082371, 2958.907894444604, 1739.3117119241363, 2473.869706993828]
fps.c2:[1.0733963728514486, 1.447827072984931, 1.4949994848402997, 0.532751813080668, 1.9884493436527362, 1.7605850782773074, 0.7389002155600195, 1.4309530300644182, 1.067470690079187, 0.9683301373923742, 0.9776734020145764, 2.3278480150827368, 0.8887762638279089, 0.7747208840623206, 0.46933606285885676, 1.5783023452695046, 1.8969251316402271, 0.8416493989970948, 0.8570384777927683, 0.5083447121645807, 0.7319360146849654, 0.6479826302964118, 0.7328774368691605, 1.7960373210989038, 1.9096182527115657]
