Ri:[100, 130, 160]
Zi:[50, 100, 200, 300, 400, 500]
fps.ts:[1799.6804200029374, 5399.041260008812, 8998.402100014686, 12597.762940020562, 16197.123780026435, 19796.484620032308, 23395.84546003819, 26995.20630004406, 30594.567140049934, 34193.92798005581, 37793.28882006169, 41392.64966006756, 44992.01050007343, 48591.371340079306, 52190.732180085186, 55790.09302009106, 59389.45386009693, 62988.814700102805, 66588.17554010867, 70187.53638011456, 73786.89722012043, 77386.2580601263, 80985.61890013219, 84584.97974013805, 88184.34058014394]
fps.e0:[10761.483434232594, 10726.518767327343, 10720.717653668413, 10736.619255741629, 10715.544280215525, 10739.653258829632, 10715.483709099959, 10700.50164408534, 10738.835353138436, 10763.543790124733, 10763.780465817683, 10730.638961357432, 10735.78687932744, 10746.061472098168, 10687.52638936332, 10732.359544260702, 10748.632061771794, 10760.548772453738, 10739.213245172059, 10739.9120714026, 10726.741423775475, 10747.874167636483, 10745.560072054815, 10766.56345176498, 10735.034146961252]
fps.e0u:[11.918823309058224, 11.85735202334056, 11.980936873294038, 12.13063197897092, 11.931192375304638, 11.978262698479812, 11.8933042807183, 11.903107625034869, 11.878098369483926, 11.833097512503796, 12.054201262590032, 11.893270247548463, 11.923951406446648, 11.981218164297827, 11.811309322749146, 12.271925298320769, 12.19971276093073, 12.70243776958475, 11.784054792438255, 11.814187014195927, 11.869290890166114, 11.776297700689575, 11.680863829429539, 11.727834398405951, 11.815646531816164]
fps.lt:[3865.983910075108, 4005.9543619981782, 4032.477536433466, 3935.753034706517, 4059.929521740013, 3948.957458284905, 4098.176228971635, 4233.223295512094, 4084.3706415602624, 4021.952773666553, 4125.95193981879, 4211.176846334247, 4198.311507966069, 4152.00731630413, 4458.649813902696, 4235.293536743499, 4133.6139978187275, 4095.9659921158577, 4205.922326752186, 4188.608920161166, 4258.327941103744, 4176.505381977057, 4211.2274131290405, 4070.127258991414, 4255.225641391522]
fps.ltu:[51.968407918637126, 55.6627980164617, 56.54488680584405, 54.7703941262544, 57.85503443923707, 54.46633087693537, 58.45391063902907, 62.04918276679117, 57.7961086423474, 55.762472383814156, 59.34871583913243, 61.60876011432976, 61.2607453554373, 59.808618176338214, 68.56467049883712, 64.13341253983806, 60.7838700371673, 62.16771030802982, 61.0438609382225, 60.377512032099716, 62.50463311061533, 60.152078457329395, 60.77522534848168, 56.939179755443206, 62.46114382944946]
fps.c2:[1.2423256226345254, 2.483684031185578, 2.24495415294703, 1.476845462672839, 1.4015616691392354, 2.3517959436279288, 2.0921867634942033, 0.9191991804967283, 1.5684298271623154, 1.4509404407220041, 1.3487877792014054, 1.0944012567408186, 1.5266690409727697, 2.066392698820697, 0.7915178709457055, 0.7537459214643304, 2.103885538203417, 1.6844552316030055, 3.099085363526121, 1.8274823106341673, 1.0470780425436308, 2.3142121122252877, 0.6924928435913696, 1.0786098705590756, 1.1000709837689522]
FC:[[3.7114830235301857, 3.75602859606233, 3.8338331362549556, 3.9152471022139883, 3.9750138401061164, 4.034062166474341], [3.7544925156827778, 3.8002642568718072, 3.8783762482682156, 3.950277339010631, 4.00903057388014, 4.079930305387685], [3.841921138874657, 3.8865745046043325, 3.964496237323184, 4.039921357585815, 4.114271294155981, 4.178470650198829]]
FCE:[[0.03363871447839328, 0.016372215865386917, 0.010107910915280351, 0.008040327832616764, 0.007019892836439095, 0.006405117366966338], [0.026075543257777417, 0.012697530052548792, 0.007684854138648648, 0.00620611635415244, 0.005424399639500003, 0.004891727018487815], [0.022012120258478898, 0.01042518935236309, 0.006405316957378576, 0.005188956588883085, 0.004493233683622666, 0.0041038670820967]]
