Ri:[50, 100, 150, 200]
Zi:[100, 200, 300, 400, 510]
FC:[[4.122111135010833, 4.038796972471536, 4.075108638294031, 4.066334899847987, 4.057811657952413], [4.0561335473575015, 4.067915516731262, 4.076940170477723, 4.096542800571069, 4.112250055650363], [4.2011621158604875, 4.214540804656655, 4.237002211939053, 4.2651664310909965, 4.286159332482927], [4.7247256690947195, 4.7586128008346105, 4.799753956138742, 4.842027132705801, 4.876408943642408]]
FCE:[[0.05686068782341479, 0.0357531109151981, 0.029436695094032874, 0.025135428910645016, 0.021814902210568362], [0.027211521306318768, 0.018383217343951763, 0.014839296322522033, 0.012707445923683029, 0.01119045979777628], [0.019192512514465507, 0.012949545781869411, 0.010472858344353133, 0.009004083936172845, 0.007959268227540851], [0.01783492580004041, 0.01209761712213034, 0.00980906391195721, 0.008472912067057614, 0.007522567700993055]]
fps.ts:[1610552621.58962, 1610555594.1768599, 1610558566.7641, 1610561539.3513398, 1610564511.93858, 1610567484.5258203, 1610570457.11306, 1610573429.7003002, 1610576402.28754, 1610579374.8747802, 1610582347.46202, 1610585320.0492601, 1610588292.6365001, 1610591265.22374, 1610594237.8109803, 1610597210.39822, 1610600182.9854603, 1610603155.5727, 1610606128.1599402, 1610609100.74718, 1610612073.3344202, 1610615045.9216604, 1610618018.5089002, 1610620991.0961404, 1610623963.6833801]
fps.e0:[10093.180069101694, 10065.316212671984, 10069.053193963255, 10095.710722290347, 10108.239853012232, 10082.030160805485, 10082.10831728825, 10091.542622387322, 10095.829984700806, 10098.98735726784, 10113.859745832313, 10155.68616634213, 10097.284667982345, 10129.160803945435, 10111.18099887026, 10096.016733683266, 10104.503510083227, 10089.74869937883, 10095.42479468678, 10084.9345425834, 10089.17512918112, 10171.229137643002, 10166.297973465389, 10139.203536089948, 10136.590101208143]
fps.e0u:[24.103647506649807, 24.786352370913857, 24.720185018552165, 25.629379486671148, 25.19510212825248, 25.514325392175643, 25.32783033259273, 25.659719353890612, 24.693595446890434, 25.207442794378117, 24.915279312300385, 24.927145627080307, 25.730040573719556, 25.498271097652818, 24.82637723654604, 25.04071566624315, 25.25965548175851, 25.523766894589947, 24.732940507264992, 25.150156555769467, 25.304818420641713, 24.421675109460153, 24.716386246179834, 24.764955396137367, 25.239807742655913]
fps.lt:[13474.62342330284, 15050.060951642205, 16351.883288952487, 12929.867950893828, 14160.55529922239, 16497.365918398606, 14510.492933365198, 15529.689475389006, 14436.123176714596, 14523.50670486594, 15074.255707571772, 12314.14809732057, 13768.128627955022, 13974.952388684836, 13603.125830717687, 14391.469397088602, 14877.17505401211, 15855.494379889838, 15617.408371176813, 16903.872210142472, 15949.758450667212, 12183.985420389317, 12357.369888616395, 13360.625664553743, 12898.258565675038]
fps.ltu:[1320.931050255513, 1675.7958323962048, 1991.2788284064761, 1292.1439695118195, 1527.0718593767276, 2084.863664924471, 1601.8701784613083, 1851.8209695328314, 1560.694431400578, 1593.3968735214114, 1694.1605433410825, 1126.843745423386, 1464.3697844515102, 1492.1986706088064, 1409.6501660503388, 1587.2357875729701, 1661.492887479146, 1925.68262404332, 1812.9795247585612, 2161.54391922701, 1927.2359713407157, 1087.6010033030032, 1126.9891792831334, 1330.9549210923356, 1253.589615247371]
fps.c2:[1.1030716889666194, 0.9322443530698424, 0.8687080660061723, 1.0844904646639493, 1.0086871101206432, 1.4557169671148609, 1.107383976874797, 0.7519049380001567, 0.6099539508511908, 0.881554797677172, 0.6041552564456144, 1.651558872872876, 1.4916157673402706, 1.4509181792221606, 0.44167125366713544, 0.6615014208106367, 1.1714731436909207, 2.1155466392211917, 1.183523169208153, 0.5458113397711671, 1.2085562435955959, 1.5127066904154316, 0.8369953467337159, 1.5120068692805344, 0.9949102640301244]
