Ri:[50, 100, 150, 200]
Zi:[100, 200, 300, 400, 510]
FC:[[3.957118127160758, 3.9920961621746467, 4.020325524527812, 4.024642402480112, 4.056817792705814], [3.9826712893615306, 3.9992268316791892, 4.0258474454276865, 4.0460773715836735, 4.0817492935862125], [4.110876586612161, 4.1353918659416085, 4.164715490608448, 4.189013941688051, 4.221515644383448], [4.7540884904013945, 4.806618744782593, 4.839032894344864, 4.8447354643532154, 4.8678806090543185]]
FCE:[[0.03362239625985785, 0.02335713328265157, 0.01896828907511118, 0.016297114490923643, 0.01458213375057526], [0.017291167176976454, 0.011838635362266117, 0.00958584339718551, 0.00828394071125759, 0.007381272594300417], [0.012228961498010085, 0.008331307122549089, 0.006748780592168491, 0.005830033241795842, 0.005184202219579439], [0.01123912472844883, 0.007607096762114224, 0.006145786307799029, 0.005328843659644956, 0.004718961772848791]]
fps.ts:[1614164983.7847202, 1614168410.2201602, 1614171836.6556, 1614175263.0910401, 1614178689.5264802, 1614182115.9619203, 1614185542.3973603, 1614188968.8328001, 1614192395.2682402, 1614195821.7036803, 1614199248.13912, 1614202674.5745602, 1614206101.0100002, 1614209527.4454403, 1614212953.8808804, 1614216380.3163202, 1614219806.7517602, 1614223233.1872003, 1614226659.6226401, 1614230086.0580802, 1614233512.4935203, 1614236938.9289603, 1614240365.3644004, 1614243791.7998402, 1614247218.2352803]
fps.e0:[10755.157054928177, 10704.015648040346, 10693.210938953764, 10743.197429424023, 10748.381157541264, 10762.197535024105, 10722.063855027895, 10750.21325999952, 10712.095154634704, 10734.295055678385, 10755.099345563633, 10724.761533867328, 10728.085464071848, 10735.313612945612, 10729.782285549061, 10726.797806505474, 10734.204531992922, 10745.722103552433, 10737.314924973742, 10750.844178729722, 10738.124797132281, 10708.164900124708, 10736.907981694862, 10715.596898987793, 10741.238307991274]
fps.e0u:[16.42330758062912, 16.60060843122618, 16.622324287375317, 16.562871484351817, 16.522625767898873, 16.631732005772548, 16.502836713741534, 16.3564470476803, 16.701749188657264, 16.629629295193865, 16.518238031617567, 16.691658362203402, 16.671512809941973, 16.599266566759503, 16.665286023607223, 16.70701201144024, 16.545261917913745, 16.787814756907046, 16.787077154446425, 16.585398602778728, 16.471129757746414, 16.478342354580843, 16.57383157786375, 16.48962354360537, 16.955437807531364]
fps.lt:[15234.367721171368, 19035.356091912396, 20777.736655390225, 15929.49760400383, 15729.518016002494, 15945.381956979492, 19777.49266474322, 16242.121949146785, 19611.13066197967, 17948.556646435074, 16133.977907772067, 17646.533277164344, 17696.25140770888, 16944.923558552196, 17570.069594208366, 17986.846380818035, 17508.196875389982, 16850.774877562148, 16352.621854413363, 15840.362442742275, 17261.588435663736, 19474.29971799657, 16207.99974796497, 19080.25996206487, 16827.891592135024]
fps.ltu:[1070.5263412916674, 1695.6615798812686, 2016.6748479583996, 1176.3438109501164, 1159.1645894472845, 1182.0974030455286, 1808.6506820953919, 1220.561616583672, 1801.484342386276, 1500.6290553354734, 1204.1137684851558, 1455.8702584722714, 1471.632708202287, 1340.5964819774417, 1451.100598881786, 1519.515393402067, 1425.4321658616657, 1331.8372869540121, 1259.7651759260966, 1168.410997323371, 1377.6003373833223, 1752.7652727710818, 1229.9367952772498, 1685.6135571964471, 1342.6417297929124]
fps.c2:[1.8938178120776041, 1.7945853005604997, 1.20809371465454, 0.967695801840847, 1.7899054513057773, 1.3479364719829507, 0.9991795946506316, 1.8799144226537121, 0.8939495219350723, 1.7462316070494097, 1.2185059229402517, 1.070251145360867, 1.4228828181997808, 0.7809802393250472, 1.502765408742281, 0.8145966923256864, 1.3571509973701998, 1.1556652680243633, 0.9140798345648113, 1.3794616407361528, 1.0783915789766279, 2.696799630398164, 0.9502486721928467, 0.6943675878662705, 1.9400720196502768]
