Ri:[100, 130, 160]
Zi:[50, 100, 200, 300, 400, 500]
fps.ts:[1726.6992000007629, 5180.097600002288, 8633.496000003814, 12086.89440000534, 15540.292800006864, 18993.69120000839, 22447.089600009916, 25900.488000011443, 29353.88640001297, 32807.284800014495, 36260.68320001602, 39714.08160001754, 43167.48000001907, 46620.87840002059, 50074.276800022126, 53527.675200023645, 56981.07360002518, 60434.4720000267, 63887.87040002823, 67341.26880002975, 70794.66720003128, 74248.0656000328, 77701.46400003432, 81154.86240003585, 84608.26080003739]
fps.e0:[10899.15813994186, 10900.360382044559, 10932.027016745915, 10903.05148453599, 10891.57969398974, 10905.251121130046, 10900.170982803531, 10908.946260606159, 10899.4576029366, 10918.660724228705, 10907.279966632397, 10911.92943652325, 10911.876776502622, 10922.578710156064, 10895.783485311144, 10916.109158782167, 10898.836294858052, 10917.916315024831, 10923.530201648522, 10918.736996140935, 10919.369132825152, 10915.029622137241, 10893.980307574922, 10888.031569389326, 10908.78748504489]
fps.e0u:[13.311811013966983, 13.275710739286486, 13.196104687963798, 13.25193859257665, 13.40009167177925, 13.385987496675792, 13.370424796741313, 13.237066355356328, 13.44188562227972, 13.188550613085855, 13.262416707537188, 13.335978190580125, 13.452522474354632, 13.35955230064348, 13.503195061674495, 13.428513071332004, 13.455172505952504, 13.293750362947689, 13.391910362154857, 13.291122919490485, 13.383585821651396, 13.227497276496248, 13.357987091649587, 13.475240963779092, 13.459383911127475]
fps.lt:[8999.442496197342, 9065.58488847653, 8567.079883416285, 8930.356506499687, 9277.855652617543, 8853.344184344232, 8904.216479236338, 8788.790201319036, 9142.731745762518, 8736.617285841849, 8939.408491328115, 8502.076508803755, 8883.464467241372, 8750.042516687034, 9263.379282686692, 8635.899231220134, 8921.32502062527, 8834.72558380305, 8603.312060385264, 8667.269388462248, 8686.492655218593, 8877.694937437742, 9225.035383821429, 9439.004066226942, 9262.201217006743]
fps.ltu:[297.8555931860769, 301.428302084312, 266.4296228888314, 291.390518440558, 317.80651146676263, 289.4602940699221, 293.0554122949111, 282.3129683696113, 312.42580966424975, 277.6250660480742, 293.14996185383063, 267.14535998916944, 290.41129506193465, 282.9912024286941, 317.56805192454976, 277.15373179961944, 295.47552261784307, 285.68608304423935, 272.31830053851445, 277.1707687891639, 279.0504157450142, 287.6310502499493, 313.0877374429312, 328.69893834766, 317.1744958192535]
fps.c2:[1.1443522226233462, 0.554424763697578, 1.2375989925426099, 1.7563559717561423, 0.8044899901225495, 1.3044647546564336, 1.1259504300065724, 2.1994188398257037, 1.2068536183776961, 0.6633324508802089, 1.2363423339024597, 1.5636323241769667, 1.3076220357532262, 1.0252993542997153, 1.347824929438268, 1.5587666916052059, 0.980355887892277, 2.0487476209101283, 2.2111084688801363, 1.4242573718542082, 1.9812900610987494, 1.8278776626747892, 1.4040189620347345, 0.7143536268570189, 1.5184823539792764]
FC:[[3.7848285583262564, 3.7942204328986895, 3.836188966693908, 3.856197468111115, 3.8899647787875304, 3.9333756505575765], [3.8289646228429977, 3.835230989480438, 3.8855183416773076, 3.908805390800273, 3.943370866542626, 3.987238468105545], [3.9632638014109585, 3.978691690489972, 4.020357702309969, 4.045665400151538, 4.078028895613104, 4.116830265084213]]
FCE:[[0.03219591417741882, 0.018299319449458076, 0.011852969939565515, 0.009276848937838181, 0.007872340656697403, 0.007003578840033337], [0.024508700057511528, 0.014176082725902456, 0.009210840451785402, 0.00722429001333071, 0.006140226685734352, 0.005343566009353181], [0.020478525767394975, 0.01186115207909035, 0.007630227567247451, 0.005999268832390405, 0.005096832940411945, 0.0045389575223749225]]
