Ri:[100, 130, 160]
Zi:[50, 100, 200, 300, 400, 500]
fps.ts:[1682.0683999967575, 5046.205199990272, 8410.341999983788, 11774.478799977303, 15138.615599970817, 18502.75239996433, 21866.889199957848, 25231.025999951366, 28595.162799944876, 31959.299599938393, 35323.43639993191, 38687.57319992542, 42051.70999991894, 45415.846799912455, 48779.98359990597, 52144.12039989948, 55508.257199893, 58872.39399988651, 62236.53079988003, 65600.66759987354, 68964.80439986706, 72328.94119986058, 75693.07799985408, 79057.2147998476, 82421.35159984112]
fps.e0:[10818.596418552776, 10827.235877964538, 10818.731988681748, 10813.576530992023, 10819.220576283455, 10820.16457189598, 10812.726800941942, 10813.310153929608, 10820.78127150788, 10822.613669098997, 10810.292584930423, 10809.665651739706, 10834.407402187591, 10811.906965592325, 10817.854917081162, 10816.095915202563, 10818.80688601471, 10818.021922797645, 10822.807785537057, 10817.491203880472, 10820.417089546907, 10819.854881421803, 10817.73798971275, 10814.318974307173, 10826.00333994348]
fps.e0u:[6.5487710878594765, 6.55328998062129, 6.52236116395999, 6.586952330127246, 6.501614725689471, 6.575013039431284, 6.562147157261444, 6.533268257714702, 6.576281592562861, 6.549054220029093, 6.503622547904658, 6.555292039397144, 6.551013746829437, 6.550716877654739, 6.527900363959354, 6.528234156719879, 6.562252324134312, 6.571104821721047, 6.556224032748807, 6.549945518163764, 6.5405544577337436, 6.565418029193825, 6.546434352119775, 6.52657643539188, 6.581199380874835]
fps.lt:[7467.0488489099125, 7380.293467409314, 7402.047388490354, 7586.9327321177025, 7477.939741859933, 7532.512996698596, 7610.942509143182, 7495.1359442996145, 7577.18476030692, 7382.768796541791, 7556.3504841649965, 7574.283704755411, 7296.364062857216, 7636.583223133989, 7531.002473607925, 7524.530854637088, 7416.717829576633, 7474.186319703973, 7428.786468181489, 7497.020439785317, 7503.498535409949, 7506.847961232358, 7503.636960907102, 7562.038499284024, 7473.286275951046]
fps.ltu:[101.04843059127917, 98.8433816119008, 99.16197671056588, 105.27546830152592, 101.11483328321937, 103.24670173920302, 105.15791775887436, 102.03781184163499, 104.61382383034537, 99.12424038818641, 102.94610830543719, 104.4573600524186, 96.5981665837021, 105.81423215850418, 102.82817659723413, 102.69646105341047, 100.31601965448556, 101.61241824301409, 100.43129728434066, 101.89151654397675, 102.30215635984018, 102.76267851120231, 102.36031859404792, 103.70769951925134, 101.79352183136288]
fps.c2:[3.4917135762252105, 2.328566062205908, 4.727969338330154, 2.6409867349487404, 3.2410029108100704, 4.763208947030305, 2.9251322029250906, 2.20892237540103, 2.6171541623596295, 1.8675093410185717, 5.45203089483931, 1.4086019443685518, 2.7216961482047135, 4.602015899431713, 2.961136471144052, 2.9433236932915148, 3.438382481213865, 3.161230845893868, 1.9701146356052237, 2.946018726341237, 2.857946992622282, 2.805227377256452, 1.8346540173634385, 4.1165718363817385, 1.6742441316019288]
FC:[[3.834974794309091, 3.858163844578238, 3.882050387469756, 3.920019705896482, 3.952078966019163, 3.9913909573193633], [3.882345827270848, 3.902996011872096, 3.930313490504023, 3.9742518729218603, 4.0086250234595955, 4.0525743656329665], [4.0119561625296996, 4.030953079538197, 4.074295827833868, 4.11627495110221, 4.154087758242493, 4.194701201729225]]
FCE:[[0.01643228234565885, 0.009336635736285155, 0.005967209142897725, 0.0046845508731391565, 0.0039662632708218, 0.003520758795074326], [0.012873655727008942, 0.007269517515974798, 0.004627648309898213, 0.00364537191901801, 0.00309461720638707, 0.0026926158424416913], [0.010727990864850625, 0.006025997853871365, 0.0037788293455548127, 0.0029723455935006192, 0.0025272999255679432, 0.002247345535066107]]
