Ri:[100, 130, 160]
Zi:[50, 100, 200, 300, 400, 500]
fps.ts:[1799.2492199993133, 5397.74765999794, 8996.246099996566, 12594.744539995194, 16193.242979993818, 19791.741419992446, 23390.239859991074, 26988.738299989698, 30587.236739988326, 34185.73517998695, 37784.23361998558, 41382.732059984206, 44981.230499982834, 48579.72893998146, 52178.22737998008, 55776.72581997871, 59375.22425997734, 62973.722699975966, 66572.22113997459, 70170.71957997321, 73769.21801997184, 77367.71645997047, 80966.2148999691, 84564.71333996773, 88163.21177996635]
fps.e0:[10916.67949381476, 10922.721247823656, 10917.18063917847, 10907.421707916212, 10923.442645472958, 10902.171075460737, 10914.902336344418, 10914.106253573354, 10909.249721467922, 10886.42931347506, 10900.730077804992, 10887.589384050201, 10916.864734762607, 10911.808871053878, 10905.79080732328, 10901.874891937066, 10893.654643870463, 10907.42333453879, 10916.261221611023, 10901.76211970684, 10905.659227561015, 10899.92160222487, 10916.411386109865, 10923.887893970335, 10906.927941796781]
fps.e0u:[13.163187463309443, 13.049021133210179, 12.906494422039428, 13.281460410224652, 13.178078754352882, 13.169747096466802, 12.959581369048733, 13.154266624263657, 13.184663017144517, 12.967751503569334, 13.167061964267704, 13.325772406079576, 13.15891444004961, 13.204606232720634, 13.16157927075634, 13.248997643686067, 13.058547787454545, 13.111292079681398, 13.037204944017622, 13.111292512986086, 13.235958623142146, 13.216246639012681, 13.176690636866262, 13.104148240653865, 13.337416883844774]
fps.lt:[8902.713666998823, 8472.880323077256, 8825.831359670687, 8891.064061597403, 8785.100020173963, 9450.774527625414, 8729.33639843955, 8768.363193636354, 9056.907467165523, 9373.82383800949, 9321.410542461988, 9336.878083321097, 9114.756560895385, 8906.782728586688, 9113.068985267628, 9254.94419695255, 9437.783864754574, 9340.281722554073, 8940.631553750902, 9224.361328324736, 9421.413505152128, 9212.284334584818, 8906.299275297706, 8971.535855537642, 9007.994071159837]
fps.ltu:[286.9196574366929, 259.44340585081335, 278.29613803011745, 289.5777886673881, 280.15483030105753, 325.1265444044815, 273.891505890268, 280.28915505194936, 297.7852819613094, 314.83258087264574, 314.9071874452719, 319.86053684545647, 302.05156234966944, 288.5478635478197, 301.1501577272232, 311.57265167200063, 320.4768824456533, 314.1589916461001, 287.19123002840604, 307.53270186413073, 321.77181550891, 308.6163976681209, 288.5312100648969, 290.60982283884243, 299.2833332016617]
fps.c2:[1.9398350864937721, 0.7629768789323733, 1.384159223021757, 1.2710923917812416, 2.5038376719725335, 1.5935173772227633, 1.9078886004208946, 0.8831973741692732, 1.6936887260392886, 1.5907361778552245, 1.2077863067789105, 1.0850648546565476, 1.7944609710589308, 1.4775690814756108, 1.6158440676807033, 2.0754905250316713, 1.5102244490317827, 2.5321479731787124, 1.7562090170485498, 2.101001923803065, 3.48695769239247, 2.597842313303691, 0.8698119955271648, 2.125264323183621, 1.5319888745059365]
FC:[[3.777098918446573, 3.7875936831293298, 3.82110013492873, 3.860847534481596, 3.897258021829961, 3.93123235154511], [3.8060147167871867, 3.841988410204326, 3.872013770748046, 3.909744019051762, 3.946459423040373, 3.979272633408598], [3.934556895923736, 3.967082798616832, 3.997667528731995, 4.037778440293646, 4.076252698499306, 4.110992405040911]]
FCE:[[0.030415059303364023, 0.017991621895340745, 0.011650629087946777, 0.009200107631218143, 0.007816276451852223, 0.006909142570661736], [0.024104883058076943, 0.01405504743325392, 0.009039531988191131, 0.007129957029415687, 0.006060841664924348, 0.0053764486329474165], [0.020076936945272444, 0.011964067370964948, 0.007653058602576116, 0.00589019717092873, 0.005016879196655391, 0.00435454542168951]]
