Ri:[50, 100, 150, 200]
Zi:[100, 200, 300, 400, 510]
FC:[[4.973233330285437, 4.834586840914876, 3.953259483974518, 4.015971067002113, 3.9734824717783033], [13.824787963293032, 13.416327234160576, 13.49123002378571, 13.255619908867608, 13.127534968769433], [16.09550110607481, 16.022307863535367, 16.012747130232093, 16.02482446510576, 16.00155243745977], [19.004879458486396, 18.96889827296216, 18.98058892807587, 19.021839163681026, 18.98833254664145]]
FCE:[[0.12863470091682963, 0.08244624571411399, 0.05241246529511872, 0.04648705255298228, 0.04044243651934661], [0.21794043970987562, 0.14005745686414545, 0.1109779984427221, 0.09421053986046463, 0.08228906663707279], [0.12724730910027499, 0.08535914675783413, 0.06835309940096156, 0.058445078606236316, 0.050955969836152235], [0.16936177299837954, 0.11400482360821611, 0.09163738521204358, 0.07867492799068806, 0.06869313229211402]]
fps.ts:[1611085544.8898602, 1611087376.28158, 1611089207.6733, 1611091039.06502, 1611092870.45674, 1611094701.8484602, 1611096533.24018, 1611098364.6319, 1611100196.0236201, 1611102027.41534, 1611103858.8070602, 1611105690.19878, 1611107521.5905, 1611109352.9822202, 1611111184.37394, 1611113015.7656603, 1611114847.15738, 1611116678.5491002, 1611118509.9408202, 1611120341.33254, 1611122172.7242603, 1611124004.1159801, 1611125835.5077002, 1611127666.8994203, 1611129498.29114]
fps.e0:[10145.91383190076, 10079.782942185382, 10102.4524809781, 10076.64983131241, 9987.23489940373, 10068.538667868825, 10119.947457043956, 10088.125588137433, 10149.097313281569, 10131.1504016019, 10109.18638616558, 10077.80571370747, 10116.783227814078, 10047.193169926768, 10059.749188134201, 10058.570397136262, 10077.790918006815, 10065.822434455777, 10122.772215162773, 10040.563942122273, 10105.563121269517, 10043.557389332283, 10045.508197021232, 10075.640372464328, 10017.280897814526]
fps.e0u:[32.54043034392155, 32.306794349302116, 32.3810752766449, 32.648627908469464, 32.486361598395995, 33.118551280080986, 32.18567420775126, 32.69110441817984, 32.26355768701572, 32.059660973591704, 32.38326842607739, 31.961625113102315, 32.96010487108125, 32.633301996116145, 31.8563719421324, 31.749557052146365, 31.573017754493275, 32.44387993657253, 31.62514853053692, 32.28357737584405, 33.357563148148046, 33.38611074533533, 31.887192641247132, 32.45265636826099, 32.70644224873213]
fps.lt:[12625.68798613936, 16294.902852889358, 15589.90084638298, 14186.742234452946, 30950.36491015711, 19301.175069957902, 13501.525337512416, 16840.96876142611, 11782.393747540189, 13129.057223885726, 15482.324411290574, 15302.765885587969, 14507.086136900158, 20331.70452610734, 17659.10080603465, 16718.48090171496, 17494.294004284224, 19868.069335840217, 14569.844245643064, 19863.180055282235, 14793.738632353507, 18435.607826041127, 20810.977895457723, 17049.2331485939, 23614.187529009578]
fps.ltu:[1529.8216310695627, 2571.8815232781426, 2343.624472472721, 1969.4914408940683, 9180.942252315092, 3637.3791843186546, 1748.281028570936, 2734.062736638832, 1345.881763601897, 1651.7594056088783, 2308.70802860821, 2249.8501936271464, 2067.351353800644, 4025.489841616105, 2988.3331809546935, 2651.7281961841645, 2905.9543022791227, 3803.923393108605, 1989.3169328370977, 3815.2284370544157, 2136.0624615613497, 3361.501993176201, 4135.201084470127, 2811.766353212315, 5389.620588248491]
fps.c2:[1.8530983662562088, 1.6874931128162858, 1.3278955535168437, 1.4495867328120098, 0.5962273524602083, 0.8702286640420929, 1.2775534406110478, 1.3234111355171174, 1.1697810920764558, 0.9128907280220864, 0.842663986288994, 1.4132740249236084, 1.2209536446105729, 1.3051134583406951, 0.7832764591251961, 0.827566726093418, 1.0733405775343976, 1.1333996471576715, 1.3008078576295854, 1.178650635310789, 1.0968627801111108, 0.7637829864930344, 0.4722025649569496, 1.372684286047105, 0.43437201187189955]
