Ri:[100, 130, 160]
Zi:[50, 100, 200, 300, 400, 500]
fps.ts:[1741.7069400024413, 5225.120820007324, 8708.534700012207, 12191.94858001709, 15675.362460021974, 19158.776340026856, 22642.190220031738, 26125.60410003662, 29609.017980041503, 33092.43186004639, 36575.84574005127, 40059.25962005615, 43542.673500061035, 47026.08738006592, 50509.5012600708, 53992.91514007568, 57476.329020080564, 60959.742900085446, 64443.15678009033, 67926.57066009523, 71409.9845401001, 74893.39842010499, 78376.81230010986, 81860.22618011475, 85343.64006011962]
fps.e0:[10787.045337959524, 10715.142818772647, 10765.501538289891, 10732.963046510502, 10733.918272858442, 10778.350893665978, 10791.66117993473, 10746.182945782155, 10740.489010927768, 10812.269885196054, 10775.15129392878, 10790.368509066255, 10789.271615509952, 10762.525026728035, 10776.33968981058, 10741.89321712248, 10782.395963822417, 10786.236162601675, 10790.124094251256, 10751.776842305597, 10773.206068425878, 10749.446798712448, 10760.397475860009, 10773.712792453733, 10791.101103824005]
fps.e0u:[28.415681766571186, 29.22886410097613, 26.65519953140647, 27.100672504534373, 26.897757502380628, 26.577389012746764, 25.812465872024475, 26.92037220522402, 22.555495670306755, 23.39819599011083, 26.62016040161715, 26.237456743812075, 28.85393037549987, 30.15932539201938, 29.48921942183262, 27.614124344448292, 27.914516859108083, 28.416984594516396, 27.509481229320663, 27.951591511309648, 27.334992605457725, 28.121457892317075, 25.735951315641625, 24.97639238970219, 24.1605121166746]
fps.lt:[6704.705933914689, 7501.238055430917, 7194.433375215341, 6950.534089551127, 7402.765242027774, 7005.912089320095, 6611.60522667768, 7115.391853464266, 7162.778293044945, 6176.070719323008, 6599.8997136216485, 6793.1693521303605, 6918.494027578829, 7108.30537761013, 7060.046776511097, 7168.987722329265, 6909.97794928626, 6839.315650800966, 6764.731726231214, 7184.305438792533, 7073.537617108222, 7264.9350575300805, 7215.011434618649, 7019.438352817709, 6624.4339541348745]
fps.ltu:[356.4414513412743, 465.4100587985193, 382.1103601102525, 365.2906881378017, 409.9746512204816, 363.17833719684785, 310.9070350686772, 380.3745154586419, 324.99914937207154, 246.60194327579958, 323.0993312002022, 332.5420947208034, 384.39447586363, 426.3830515542953, 412.42411729799284, 395.31020319322937, 367.4768182207353, 365.62228027324164, 353.6336889846213, 399.1910003668738, 383.0540192049487, 410.37101861734703, 372.24562189374865, 338.26082955218743, 293.36382342054594]
fps.c2:[0.9759876831642935, 0.8416676062485217, 1.5551641962425538, 0.8908977107758077, 0.5298754512222319, 1.0760844749810683, 1.238515228489257, 1.067772499032621, 0.8118075404299951, 0.7137160549213633, 0.7083921654017983, 1.5988049732059473, 1.409005405048655, 0.9576020359181366, 1.1784932355644895, 1.4969591055046185, 1.1870434947310942, 0.47214363115738955, 0.8786421215473091, 0.9562902110674283, 0.7869040309903373, 0.9083318923229258, 1.1412621331827866, 0.8116131907191425, 1.1527994322230422]
FC:[[4.601419361910486, 4.346787990221567, 4.296681672235379, 4.328639595437974, 4.394789470202505, 4.435273964663553], [4.461705012769162, 4.296236244298778, 4.294400882195678, 4.3467210084757, 4.416821956440949, 4.465867008524966], [4.550798080324136, 4.434698685349783, 4.4203994054260045, 4.470622831241302, 4.533571164181818, 4.5903861048478785]]
FCE:[[0.08948207879960114, 0.04583130793747357, 0.0273731428975123, 0.021292248287409582, 0.01811407281904557, 0.016011118477576743], [0.0656765091906035, 0.034507418923763085, 0.020887437402869923, 0.01628190305907306, 0.013903286894157119, 0.012350244283977307], [0.05498093222868574, 0.028959134066974854, 0.017469360264310337, 0.013630346856147724, 0.01161220551026707, 0.0103514574957696]]
