Ri:[100, 130, 160]
Zi:[50, 100, 200, 300, 400, 500]
fps.ts:[1729.0703600025176, 5187.211080007553, 8645.351800012588, 12103.492520017624, 15561.633240022658, 19019.773960027695, 22477.91468003273, 25936.055400037767, 29394.196120042798, 32852.336840047836, 36310.47756005287, 39768.61828005791, 43226.75900006294, 46684.89972006797, 50143.04044007301, 53601.18116007805, 57059.32188008308, 60517.46260008812, 63975.603320093156, 67433.74404009819, 70891.88476010322, 74350.02548010826, 77808.1662001133, 81266.30692011834, 84724.44764012337]
fps.e0:[10861.03509097707, 10898.966200707351, 10870.494155793232, 10902.359885593118, 10883.846977362582, 10896.885341569803, 10882.131612375622, 10908.692551698019, 10885.639050453414, 10856.606223291612, 10864.840604436613, 10865.802690442211, 10903.537451197271, 10863.507699017628, 10873.591931003837, 10914.998698775107, 10872.460370686775, 10888.666509115736, 10892.74573680156, 10878.232262117957, 10858.65628343758, 10899.182081090878, 10889.510598123043, 10887.315495602727, 10873.913326240969]
fps.e0u:[15.6827554595315, 15.70547473857942, 15.647755151557556, 15.878598683856097, 15.675936053685703, 15.612971308728898, 15.517549389672721, 15.519910185348248, 15.630665560394979, 15.586281399823477, 15.602920776718756, 15.719308364353013, 15.443245404320752, 15.638518025483732, 15.620299648296973, 15.48235267288125, 15.752274669905841, 15.543765164289544, 15.634600966238024, 15.630969566345218, 15.450446029924173, 15.590790332620879, 15.766074439691787, 15.704860340050786, 15.939353322327035]
fps.lt:[12262.859908283526, 11212.190881756553, 12375.828563236577, 11089.67407658742, 11471.578284449663, 11252.984264344244, 11275.613568956016, 10767.810700965532, 11202.39037979744, 12409.977688432626, 12746.32255038453, 12470.02811297349, 10815.509731685665, 12788.02134044348, 11814.57604078723, 10700.601188238621, 12328.673281474848, 11303.267390345418, 11705.746338473158, 11809.878805355427, 13025.85641558998, 11615.930150071175, 11826.712683806467, 11355.79842549212, 12075.858205168435]
fps.ltu:[656.948123634341, 544.4841965771594, 663.1251164913633, 536.881325380205, 567.7153108614798, 548.2084451046954, 546.2402352465631, 495.88089816469557, 543.2369330426143, 666.9605101674538, 699.5593223661924, 675.3002401196767, 504.5356627412099, 702.8325011107776, 603.2335190008895, 492.56960890927417, 660.0649105196366, 550.7325208266227, 596.3480372714464, 600.1289717230342, 726.463587054181, 582.8385068614347, 611.5720223723663, 562.6345078302942, 642.6509198689624]
fps.c2:[1.3727841324895231, 1.3995695687772878, 1.1236661266963148, 1.1515247636339745, 0.8790405176288838, 1.319310515874445, 2.1671931201135908, 1.2739132117247347, 0.7460620820190987, 0.49107639058357466, 1.296043039631908, 1.0532417602365993, 1.8606665044920354, 1.6323838241995408, 0.9318383287562515, 0.6643457049172403, 1.4606368196129815, 1.3999806471137706, 1.5823301641515832, 1.1730900235308985, 0.7241608776927707, 0.9564439539733885, 1.2568193089959971, 1.0641258907016604, 1.015198247967359]
FC:[[3.8342749384079493, 3.8440311704047256, 3.8683184170891614, 3.8969680478081488, 3.919144600096941, 3.9415784186394625], [3.848856525222019, 3.899733617234844, 3.9137794499592364, 3.939156515125445, 3.9645069859085043, 3.989932449017781], [4.007650859399782, 4.044697229447923, 4.052056109654363, 4.068221076175568, 4.102046455708296, 4.13025140754293]]
FCE:[[0.03437830936647416, 0.021258907736384412, 0.014149712598394351, 0.011223014566789688, 0.009515097488059076, 0.008388991066977975], [0.027081870123537095, 0.016758404352839366, 0.011040238657061021, 0.008721454244942526, 0.0074131859626921665, 0.0065529938059954804], [0.0235607253367497, 0.014044942220976386, 0.009206597556699942, 0.007253714396243245, 0.006052389867839737, 0.005363664842174555]]
