Ri:[100, 130, 160]
Zi:[50, 100, 200, 300, 400, 500]
fps.ts:[1270.880879998207, 3812.6426399946213, 6354.4043999910355, 8896.16615998745, 11437.927919983864, 13979.689679980278, 16521.451439976692, 19063.213199973106, 21604.97495996952, 24146.736719965935, 26688.49847996235, 29230.260239958763, 31772.021999955177, 34313.78375995159, 36855.545519948006, 39397.30727994442, 41939.069039940834, 44480.83079993725, 47022.59255993366, 49564.35431993008, 52106.11607992649, 54647.877839922905, 57189.63959991932, 59731.40135991573, 62273.16311991215]
fps.e0:[10374.25860961595, 10380.184674668772, 10383.668825882944, 10416.535441152117, 10391.572402018084, 10388.67479530358, 10407.02047078942, 10426.524063846004, 10437.383544234644, 10420.415141316626, 10416.516705647306, 10422.667074607401, 10420.685854007976, 10444.30240024838, 10452.512553464996, 10480.309433429653, 10452.647245762508, 10483.738594881557, 10475.921243976996, 10496.151346620878, 10508.57884498398, 10474.542105695497, 10457.16074284918, 10455.870982996097, 10474.751119672312]
fps.e0u:[9.602695671291544, 9.914300814089396, 10.509669282728154, 10.956126870550184, 11.460042027903834, 12.066850170604908, 12.424285962413249, 12.636465195921163, 13.363392920252974, 13.5011154885761, 13.424891266422849, 13.77841722357127, 13.859504364056697, 13.844802411885267, 13.960631140267733, 13.987032501814502, 14.175778441320539, 14.072823791578628, 14.250810032060416, 14.11088347164733, 13.883516235217026, 14.208299929585593, 14.152872979252122, 14.482908140200676, 14.889388641011966]
fps.lt:[3999.6354112870827, 4129.879229904997, 4204.758793824368, 4156.574611218421, 4269.572484379997, 4381.602854875453, 4239.170876076928, 4222.1523483633155, 4271.48369767609, 4400.30316529091, 4415.929643780174, 4476.873083774999, 4593.841835387768, 4571.032178907134, 4508.365173976409, 4347.278029517957, 4619.7548148374735, 4557.740463008313, 4654.216726206911, 4539.338487995586, 4439.914644611129, 4469.70432661466, 4635.222092560493, 4654.43010780784, 4689.931836878998]
fps.ltu:[43.71814187551446, 48.030961051714954, 52.74841949505932, 53.87258294979261, 59.738778127570804, 65.68301513062363, 63.41002210065224, 63.81436607250377, 68.76306763689215, 73.54137284015104, 74.23229728593961, 77.79467815566767, 82.62218672715193, 81.9794066080512, 80.42656317815603, 75.0362219487446, 85.76150859015745, 83.04196058113591, 87.29280597977063, 82.5802176680441, 77.81336426839182, 79.68236128646727, 86.22558218817406, 88.948834140475, 92.19884593491236]
fps.c2:[1.919716771992543, 2.184114736051994, 2.1326316397487255, 2.8050447072387708, 3.742649320327809, 0.9344165714991295, 2.6140375079925033, 2.6990036557513024, 2.242690555563146, 1.748978115375374, 0.8743222927603741, 1.7100420782232182, 1.5091448090948842, 0.8247432588379777, 2.8661037890331844, 0.8184236129365844, 1.0861000686064524, 1.8269949131575307, 0.882904804347215, 2.1680275849461625, 0.8149542652992652, 0.9590702739344523, 1.7507403651178146, 1.9108872953766267, 1.4259367011822701]
FC:[[3.9974059254539447, 4.07672252623106, 4.163177550241798, 4.256504198335262, 4.361169908842474, 4.472511085186218], [4.031124419365188, 4.090092745651589, 4.194894596030259, 4.296491564701108, 4.404632354302646, 4.515463770433747], [4.1402770662081725, 4.215038626614856, 4.316266083744325, 4.4170507233693606, 4.523803850203992, 4.63481517418586]]
FCE:[[0.036942452611498304, 0.020802789275200247, 0.012899069709634286, 0.01013437969349455, 0.008510537308988361, 0.007667487219562976], [0.02865035603638157, 0.015960863586950813, 0.009924266904606797, 0.007832025034202461, 0.006584030593087894, 0.005942523347510825], [0.024578630592846738, 0.013270859997200847, 0.008142062847005142, 0.006427971147504448, 0.00553794120731287, 0.0049043496534982405]]
