Ri:[50, 100, 150, 200]
Zi:[100, 200, 300, 400, 510]
FC:[[4.104108007664319, 4.161917430886918, 4.147473835823725, 4.17476667465183, 4.189430873496754], [4.200201264339494, 4.223782791591102, 4.222556590793417, 4.235757143301581, 4.265195137365717], [4.3812617034703445, 4.4086811247305135, 4.433771656725889, 4.445214825215784, 4.470648294041542], [4.859514755489509, 4.948253089721148, 4.994819106330639, 5.0338043868476925, 5.066807552387621]]
FCE:[[0.06089840486228797, 0.044062295709554854, 0.035356388871432144, 0.030424336574066287, 0.026884964041893916], [0.03347432885773223, 0.022986835595761625, 0.018429166008145138, 0.01578919882110463, 0.0139585304952251], [0.0235246834086964, 0.016100685927727246, 0.012999059985168432, 0.01114314718957875, 0.009816471919785014], [0.021340430337712848, 0.014746512782123381, 0.011972666976776862, 0.010342579777899848, 0.009153734417653221]]
fps.ts:[1601906106.26342, 1601908560.9482598, 1601911015.6331, 1601913470.3179402, 1601915925.00278, 1601918379.6876202, 1601920834.37246, 1601923289.0573, 1601925743.7421403, 1601928198.42698, 1601930653.1118202, 1601933107.79666, 1601935562.4815001, 1601938017.1663404, 1601940471.85118, 1601942926.5360203, 1601945381.22086, 1601947835.9057002, 1601950290.5905404, 1601952745.2753801, 1601955199.9602203, 1601957654.64506, 1601960109.3299003, 1601962564.0147405, 1601965018.6995802]
fps.e0:[9940.05121790811, 9985.779539199379, 9965.96390630089, 9990.671723938138, 10042.205543157783, 9997.37295955109, 9977.074499163364, 10008.708222244786, 9916.842860762728, 10003.412259217526, 9954.432687527553, 9929.086921398799, 10009.588875646392, 9978.12640647082, 9987.833439684699, 9954.780118638011, 10001.634547402224, 9979.33946452297, 9948.068477054514, 9961.731676522952, 9968.87394117891, 9970.382555055448, 9983.314641230172, 9994.74682211396, 9892.023352848664]
fps.e0u:[28.46578733347829, 27.742360021496065, 27.952866978907423, 28.64876464289188, 28.57327936475764, 28.211498474598333, 28.239992399084077, 28.24240479398325, 28.87253937041347, 28.32407853025177, 28.299094861123727, 28.34264278125296, 27.964425456655945, 27.930885100754892, 27.642693011321178, 28.608476397606562, 28.345156341011815, 28.470582046604545, 28.696155188312115, 28.039018945569367, 28.1539262052847, 27.81956967407973, 28.169172836096458, 28.028220893456627, 34.581776585177735]
fps.lt:[15461.941847106533, 13346.196397644973, 14740.519697820133, 12117.937720733627, 11200.675276034575, 12448.367131854477, 11704.471232087875, 10929.957803576714, 17173.58850995225, 11548.566511945306, 13675.631294578905, 16528.279171216695, 11850.96076172654, 12537.178212298872, 12399.900643218187, 13175.628521792083, 11868.824211252566, 12316.981761181905, 14395.634761124573, 14245.659970711316, 13562.24128822592, 14885.096954531526, 12053.78250649354, 11840.798815322722, 18264.842608170402]
fps.ltu:[2046.9331154031813, 1521.628528805219, 1828.252250515361, 1273.3755096401467, 1082.9416588977788, 1320.1440643455392, 1175.9346490856833, 1022.0571893603081, 2573.106089460736, 1141.437155306171, 1592.6265385785907, 2345.89914106379, 1189.1023672079414, 1346.729981135367, 1296.2032895488458, 1503.9161127440939, 1227.6351075603764, 1301.8092138155962, 1799.5969539190535, 1709.9011510023495, 1560.9852011509133, 1885.5070345795568, 1232.0713790939533, 1199.2466055773425, 3490.7467182609084]
fps.c2:[0.5193559945275912, 0.7995353180184035, 0.785044413602779, 0.6990134958587461, 0.6952260596794606, 1.1261293643972226, 0.6412735534222272, 1.0627572630753175, 1.2042613057893063, 0.8137200999792358, 1.488394602026761, 0.6373739889009351, 0.9504383345452573, 0.5633788646346177, 2.9816211014873204, 1.0945179797190483, 0.5447471680283784, 1.290782353801124, 0.6633315568723219, 1.7669233156415391, 1.0050990898261178, 0.805171603232044, 0.7686867069641088, 1.63310199990057, 0.710805809811171]
