Ri:[100, 130, 160]
Zi:[50, 100, 200, 300, 400, 500]
fps.ts:[1732.8609399986267, 5198.58281999588, 8664.304699993132, 12130.026579990386, 15595.74845998764, 19061.470339984895, 22527.192219982146, 25992.9140999794, 29458.635979976654, 32924.35785997391, 36390.07973997116, 39855.80161996841, 43321.52349996567, 46787.245379962915, 50252.967259960176, 53718.68913995742, 57184.411019954685, 60650.13289995193, 64115.854779949186, 67581.57665994644, 71047.2985399437, 74513.02041994095, 77978.7422999382, 81444.46417993546, 84910.1860599327]
fps.e0:[10394.968707756298, 10398.340041856614, 10437.64044032166, 10436.012974708046, 10470.42524480174, 10470.990877561446, 10490.219742190387, 10497.67161360111, 10532.590573411822, 10560.637341727992, 10556.34326166272, 10564.243192876518, 10552.520082418123, 10578.005280456437, 10565.647307730573, 10611.357657896751, 10625.710881808893, 10625.250235323689, 10622.122982840128, 10634.529629135523, 10666.39487096471, 10622.948690545187, 10643.1544844044, 10663.449613174796, 10695.565603756924]
fps.e0u:[12.851871482916541, 12.789012273416155, 12.98308321949761, 12.906592467857921, 13.104520589692338, 13.048457687198834, 13.158387358490291, 13.15274226810676, 13.020544477978659, 13.112614733150554, 13.22913393926398, 13.044996323300127, 13.326548432815018, 13.081440347568988, 13.10964860352169, 13.152758842283419, 13.16044540839538, 13.06455626174913, 13.109111111641779, 13.203499008168562, 13.215124395710356, 13.225843039984678, 13.331940807257652, 13.193855148493213, 13.14798407762472]
fps.lt:[10663.52969786229, 11034.135486388786, 10578.192614952311, 11426.000605686593, 10773.155555137433, 11368.414044745534, 11216.110463670331, 11622.997832354928, 10967.868548268063, 10296.39251482321, 10832.793688060588, 11435.596989319933, 11664.594828851363, 11410.742567056497, 11877.127678328672, 10972.159787064855, 10413.157047165181, 11176.33311406927, 11098.07692714844, 11418.708255214955, 10660.222369383235, 12072.631515738385, 11475.540578242952, 11322.506274959933, 10445.214662915374]
fps.ltu:[421.75731074091, 449.6239295993953, 416.47769870879426, 483.77988857712546, 435.49336963230155, 482.9568287233461, 471.9347455981919, 504.0645758452072, 448.93921875589143, 395.5829174658554, 440.65613228916385, 481.7809188372136, 511.64835656791485, 479.9661782654875, 522.2400814391175, 448.21882996443867, 404.2208161556567, 463.7436073492273, 460.19624239284377, 483.086138406937, 423.6994904093788, 543.4873375188431, 489.81171438956716, 475.79662058338283, 402.9827652598491]
fps.c2:[2.3864670134750274, 1.3492430171666143, 1.5103676139621738, 2.6674282401425162, 1.413766905002908, 2.3180249218608155, 0.8193593251761365, 1.4125803704610402, 1.2205753190884032, 2.2570505687543845, 1.8828555039893322, 1.1233545263171287, 1.5699292100854285, 1.4095145937596931, 1.2247963627013658, 0.617681853566225, 1.0104432107496495, 0.7726447124189175, 1.280141031701444, 1.6249818213395857, 1.6627732644688829, 1.2638879131871792, 1.5534780470251337, 1.09295088141475, 0.8257127012727158]
FC:[[4.3390046678431045, 4.369135084385384, 4.364939718393804, 4.373130934390223, 4.404194214022316, 4.431172077053766], [4.351746871942505, 4.39629812727175, 4.40499264361352, 4.4260475024525405, 4.447987383155385, 4.472968447624079], [4.461277187767336, 4.501058412960709, 4.508064230499587, 4.531021063997425, 4.559517736582147, 4.588294951325742]]
FCE:[[0.035261800076761406, 0.021620862400540473, 0.013730440391861965, 0.010715271415169193, 0.00906996091860093, 0.00797470517763979], [0.026565327946086285, 0.0162670899310413, 0.010571084706081167, 0.008294965480065877, 0.006839954073449036, 0.006033986067202307], [0.022100070137672245, 0.013338319216537883, 0.00865706506976409, 0.006798955294227302, 0.005770115260629663, 0.005104157360849796]]
