Ri:[100, 130, 160]
Zi:[50, 100, 200, 300, 400, 500]
fps.ts:[1507.3124799966813, 4521.937439990044, 7536.562399983407, 10551.18735997677, 13565.812319970131, 16580.437279963495, 19595.06223995686, 22609.68719995022, 25624.312159943584, 28638.93711993694, 31653.562079930307, 34668.18703992367, 37682.81199991703, 40697.436959910396, 43712.06191990376, 46726.68687989712, 49741.311839890484, 52755.93679988384, 55770.56175987721, 58785.18671987057, 61799.81167986393, 64814.4366398573, 67829.06159985065, 70843.68655984403, 73858.31151983739]
fps.e0:[10941.632654616418, 10925.589542533113, 10931.485553561286, 10932.189042644302, 10945.279908253962, 10961.293756908612, 10932.402444217252, 10930.972806647751, 10948.802335096394, 10952.353682627383, 10962.685987614053, 10918.947524688936, 10942.065434567525, 10949.975049403976, 10935.084358865766, 10957.79157848452, 10960.846250744631, 10937.646986686703, 10952.443212003962, 10962.580318009663, 10945.824979846975, 10955.053135093358, 10974.470563468169, 10934.035935185711, 10938.90966836766]
fps.e0u:[10.101134534148628, 10.179681476639336, 10.090649370278175, 10.10621380772352, 10.057879181676054, 10.083692289779064, 10.052363812111187, 10.04970620929925, 9.955869530562396, 9.902061405579508, 9.925955193126741, 9.984284355053967, 9.891613394571921, 9.931861018971096, 9.994142082280772, 9.861316034959039, 10.027031294557021, 9.927193212676537, 10.026769380057514, 10.04053002453057, 10.081401026557055, 10.016821997635335, 10.197436315573272, 10.054297961148016, 10.24418939138248]
fps.lt:[4521.05653684266, 4628.125497328672, 4594.523776393775, 4579.312732082405, 4491.941005446484, 4442.370262322434, 4589.479305323214, 4587.308386340915, 4474.912612557843, 4484.550492917102, 4398.441078220292, 4638.11394010572, 4544.873970116239, 4533.272255056792, 4536.486614125909, 4452.062308901485, 4472.375114293568, 4590.916747753145, 4517.401320979491, 4452.202854288955, 4583.3767706512845, 4451.386311229741, 4349.686437352952, 4575.343847290549, 4566.336585699474]
fps.ltu:[58.63163038071087, 61.82908127715526, 60.53089228020338, 60.39319129044492, 57.70338928912944, 56.201147866313384, 60.520291553468454, 59.87620438508508, 56.75583890153752, 56.68145820127738, 54.60011294096569, 60.87429840190949, 58.16722650674402, 58.0999064601088, 58.398965858115545, 55.30625182695751, 56.592717058645505, 59.41877712172447, 58.03528007985681, 56.14030959511651, 60.2533595975771, 56.09290297969447, 54.55362341514092, 59.7389982095035, 60.456496511911425]
fps.c2:[2.0522671570531608, 1.6911668199629584, 1.6402325632612667, 3.1354539399688686, 1.3888787054784286, 1.8887835625424385, 1.3299708307860516, 0.8917162311354729, 1.8318425529917863, 2.709023119258927, 2.4337592090159146, 2.4414255060302517, 1.510642926326787, 1.5889087335442773, 1.5374210120459055, 1.3967749248253238, 1.1262452888257561, 1.892818370423338, 1.816687922210209, 0.9485684894242683, 0.8261017715627543, 2.630447543401433, 2.1794869774924766, 1.7798228430874412, 1.5115669769366926]
FC:[[3.7663112385386874, 3.8090804676298804, 3.860803096916036, 3.906848580790953, 3.9620785813525283, 4.016201351115279], [3.8168284597889364, 3.8515400517810554, 3.9029479362192534, 3.9539906131089193, 4.008650117255176, 4.0626507116686925], [3.9523830176533146, 3.9815444892506053, 4.0266678725465415, 4.081805278123136, 4.1380516124679625, 4.193268806521522]]
FCE:[[0.02752760081450184, 0.013641578455716705, 0.008424662212752797, 0.006563831298810533, 0.005730374918093269, 0.005218214280591889], [0.021737677431980976, 0.010692999170300513, 0.006395343183271548, 0.005135022125706582, 0.004490869291343682, 0.0040894177667229565], [0.018348019828920974, 0.008883142360118992, 0.005452922783334193, 0.004392662342687757, 0.003848380377472427, 0.0035090006803318767]]
