Ri:[50, 100, 150, 200]
Zi:[100, 200, 300, 400, 510]
FC:[[4.060757348307571, 4.036808602185766, 4.059602696161476, 4.048696386448555, 4.074028878050329], [3.999281092544592, 4.020052689058581, 4.055653973491409, 4.072614050718911, 4.103750183672077], [4.119831829831275, 4.14272875820068, 4.184226511206275, 4.216072586568957, 4.251726846413164], [4.7465164348241915, 4.779749893008792, 4.822704486939135, 4.850167364849292, 4.876200558800384]]
FCE:[[0.04305620085949507, 0.028830017381016048, 0.023216416657417194, 0.019742997848434116, 0.017504070914712885], [0.021074834167544094, 0.01440050933749188, 0.011644701452540531, 0.010016915931340846, 0.008904588405712103], [0.014477659359560559, 0.009826913855801034, 0.007702278982444067, 0.006650512215272814, 0.005899772744167152], [0.013344197427671992, 0.00904230192361908, 0.00730463401986404, 0.00630037602227118, 0.0055796592034456005]]
fps.ts:[1605182548.66638, 1605185895.40914, 1605189242.1519003, 1605192588.89466, 1605195935.6374202, 1605199282.3801801, 1605202629.12294, 1605205975.8657002, 1605209322.6084602, 1605212669.3512201, 1605216016.0939803, 1605219362.83674, 1605222709.5795002, 1605226056.3222604, 1605229403.06502, 1605232749.8077803, 1605236096.5505402, 1605239443.2933002, 1605242790.0360603, 1605246136.7788203, 1605249483.5215802, 1605252830.2643404, 1605256177.0071, 1605259523.7498603, 1605262870.4926205]
fps.e0:[9945.200117140732, 9953.264658563274, 9952.03185472691, 9923.237048028184, 9935.995208453085, 9912.448342831056, 9951.33009631468, 9964.18532342602, 9986.02654364643, 9952.133308704399, 9912.450586234303, 9937.664398588062, 9957.453026433792, 9917.383420216987, 9942.790386319, 9931.811939661886, 9922.547973229615, 9921.153872874369, 9938.357718068246, 9937.529187426506, 9930.687422146417, 9932.566352075144, 9941.347312819833, 9937.352612008464, 9943.600336277064]
fps.e0u:[18.200157940002335, 18.667383146320525, 18.059456993270317, 18.330460054181458, 18.310290134340196, 18.293391484762786, 18.302553741004715, 18.592842118205567, 18.238723074898953, 18.263725536806543, 18.424373150588035, 18.476544154325858, 18.221443941419942, 18.348086524609858, 18.32691113162254, 18.29164167033881, 18.41274831037089, 18.599520308730984, 18.352775466544003, 18.411063824592553, 18.206573940164642, 18.54371085833317, 18.44815934170894, 18.23313672996959, 18.262272440921336]
fps.lt:[14253.662958064759, 13682.836059206684, 13323.333651126673, 16858.063862512518, 15283.474072543682, 17487.474267252433, 13523.52029444774, 14131.353659819191, 12036.104479245607, 14662.662104540383, 18626.235837935787, 15371.469802329095, 13851.891783199168, 17141.28859551618, 15704.33487815242, 14429.984160478705, 16943.35532171211, 16594.629154814524, 15625.26552728791, 15542.035950308496, 16878.006684449774, 15196.162267668988, 15734.950991018632, 16051.854901321443, 15289.821441613107]
fps.ltu:[1125.0842014984999, 1058.4830535505878, 971.1296685732004, 1575.5955995782147, 1291.4144837656181, 1693.284389500806, 1014.1820275816408, 1116.6447676377597, 800.5999078625912, 1193.4542767256958, 1921.8823779009579, 1315.7485619592185, 1058.1128327340225, 1636.7035061769466, 1360.3171004084936, 1157.0671963196364, 1601.5893401452781, 1539.113828126302, 1357.064803694637, 1349.1069302922854, 1561.4057957775099, 1303.3626574484504, 1378.8876599745292, 1419.0462571650944, 1284.0773634203867]
fps.c2:[1.521726730144626, 0.6692610435778994, 1.3826521459372318, 1.1080700478022116, 2.6425840321332292, 1.1848123846278316, 1.4922808486214192, 1.1085421687015422, 0.5843544655777922, 0.49060826684882025, 0.7523923225210686, 0.647063124781194, 1.0432594366386427, 2.353894422068962, 1.6083540749435972, 0.8449470794815238, 1.0381194390453996, 1.6352412997020027, 1.0094358704435533, 0.6718081277591607, 1.1429420806765338, 1.007535474771942, 0.8138911486083684, 1.6627755510108897, 1.884039670484276]
