Ri:[50, 100, 150, 200]
Zi:[100, 200, 300, 400, 510]
FC:[[4.027819117119222, 4.050273150048804, 4.081404976998772, 4.125922499162373, 4.144635712651146], [4.124136337610435, 4.152648981621801, 4.183711069938964, 4.207202586604056, 4.229948075544104], [4.239658311363382, 4.289226565955086, 4.318143808518727, 4.347045745288425, 4.3719141550144816], [4.889529213043916, 4.951647222009614, 5.007704244126554, 5.032740844325283, 5.046434858500458]]
FCE:[[0.05203942982458539, 0.03578250332281513, 0.029286600042025317, 0.025666067872206207, 0.022743776248879993], [0.027056600923734346, 0.018378279830280893, 0.014832592735894993, 0.012809700704368586, 0.011334128603540116], [0.018664489751057434, 0.012721189816780165, 0.010244089599688094, 0.008836525881776861, 0.007806281258544915], [0.017535931230529003, 0.0119446110698184, 0.009697612327023892, 0.008363487532246848, 0.007374537816904296]]
fps.ts:[1601625370.4927802, 1601628854.87034, 1601632339.2479, 1601635823.6254601, 1601639308.0030203, 1601642792.3805802, 1601646276.75814, 1601649761.1357002, 1601653245.5132604, 1601656729.89082, 1601660214.2683802, 1601663698.6459403, 1601667183.0235002, 1601670667.40106, 1601674151.7786202, 1601677636.1561804, 1601681120.53374, 1601684604.9113002, 1601688089.2888603, 1601691573.6664202, 1601695058.0439801, 1601698542.4215403, 1601702026.7991004, 1601705511.1766603, 1601708995.5542202]
fps.e0:[10006.97661592207, 10019.857608121038, 9976.10914219439, 10024.90435649669, 9966.366476896505, 10004.65562426731, 10032.063979162796, 9945.939707986226, 10006.452295530791, 10036.656873592543, 10001.15375896028, 9980.089721199944, 9970.342214522861, 9967.186699652522, 9964.512093377263, 9994.144102444845, 10011.096743163824, 9972.241211552624, 9976.565277448208, 9984.695500263446, 10002.311039435399, 9969.966098948196, 9985.353397154871, 9990.892184373246, 10005.93103653831]
fps.e0u:[23.59820856023727, 23.169592873190734, 23.615265625048984, 23.381774238072786, 23.684487872838748, 24.039204131263457, 23.289529943521686, 23.115104143247375, 23.12605274760448, 24.199021402860726, 23.49054769288917, 23.68960630258707, 23.613417858263357, 23.580273206174247, 23.92511234281293, 23.652070115927046, 23.664302037780416, 23.75036031243861, 23.653053160173783, 24.127458121184148, 23.763054355856518, 23.609036368027372, 23.71580390960369, 23.8284691146291, 23.82062769035232]
fps.lt:[12013.218882785752, 13037.944971269273, 14314.805490930643, 11954.451915306978, 13677.35549040591, 11931.8674219136, 11594.468213994265, 16523.022022027224, 13475.19308331984, 10818.684864460673, 12188.159800647585, 13487.975372082474, 13186.900529281927, 13760.136692890843, 13783.282795298303, 13140.59337538123, 11580.55495953827, 12896.450911219606, 12507.57949252357, 12310.570560500584, 11556.0932532104, 14715.682805249438, 13278.849298188143, 12113.301887544483, 12090.420935388458]
fps.ltu:[1033.9890616967732, 1195.7438882273486, 1467.7342877415795, 1015.2633215409954, 1336.3938724350414, 1031.60826480204, 956.8121168012906, 1930.7671686463839, 1268.626912551699, 858.3615246206743, 1053.221617687871, 1295.0045165572521, 1247.3801468141342, 1344.0511109621254, 1358.5618738209432, 1225.1265212785918, 953.3111144211981, 1190.1355699372268, 1126.386915616884, 1105.0847440243658, 971.2387137020282, 1540.494391629096, 1273.0320931895571, 1054.57405036764, 1060.3756411222964]
fps.c2:[0.9959313681175413, 1.3316274279699731, 0.6574612130514519, 1.6893793980501395, 1.2062613869792391, 0.8900609762572432, 0.6915210602151813, 0.829091424197454, 0.7800063746345912, 1.4082215161714466, 0.9403844724030563, 0.8587222145749696, 1.8216066046262798, 1.2009806091699187, 1.253897998957122, 1.157144351740119, 1.09064704472114, 0.7568620019772129, 0.7165541983563976, 0.8368333822589679, 1.0912753034627598, 0.7929350727118956, 0.5575868108835791, 0.9271566616171361, 0.6939586792354933]
