Ri:[50, 100, 150, 200]
Zi:[100, 200, 300, 400, 510]
FC:[[3.998228327659736, 4.0213850537687845, 4.015247404776745, 4.045326780269775, 4.060919452653998], [4.019248488223537, 4.036997235273532, 4.049422472806546, 4.070818720939001, 4.095815701260389], [4.161113180945401, 4.179311897685402, 4.195573148884156, 4.223376859771224, 4.254244920957362], [4.79646996045032, 4.842256001732822, 4.859940225927237, 4.8966280997590745, 4.91783298742294]]
FCE:[[0.04609723932613471, 0.030539151475535493, 0.024943491537513945, 0.02120368268498848, 0.018658626738299055], [0.022878396921498803, 0.015617702556000222, 0.012608468626933895, 0.010562073587057344, 0.009324220730460147], [0.015163760217970217, 0.01031310354977884, 0.008318539840638184, 0.007185157857111537, 0.006351362778726391], [0.014055995162180299, 0.009596010050031526, 0.007733873172250156, 0.006687596457370281, 0.0059006121390836235]]
fps.ts:[1617969971.15502, 1617973409.05106, 1617976846.9471002, 1617980284.8431401, 1617983722.73918, 1617987160.63522, 1617990598.53126, 1617994036.4273, 1617997474.3233402, 1618000912.2193801, 1618004350.11542, 1618007788.01146, 1618011225.9075003, 1618014663.8035402, 1618018101.6995802, 1618021539.5956202, 1618024977.49166, 1618028415.3877, 1618031853.2837403, 1618035291.1797802, 1618038729.0758202, 1618042166.9718602, 1618045604.8679004, 1618049042.7639403, 1618052480.6599803]
fps.e0:[10691.556913880402, 10684.004999760526, 10667.976893656069, 10678.470455504214, 10661.309350211915, 10667.753682042006, 10684.386674422249, 10701.039007898822, 10691.879834375231, 10670.558024485, 10709.349005695665, 10639.629676585424, 10742.052912359404, 10695.152785133489, 10662.851373941332, 10714.715949258954, 10672.760185749701, 10656.531734521212, 10706.368718066964, 10668.617518472576, 10666.149776009948, 10693.537626363319, 10671.778879484498, 10650.979031775882, 10688.270275869982]
fps.e0u:[20.870564827930625, 20.85978931461619, 20.36405989163812, 21.17671447284449, 20.808309164024458, 20.550486001731326, 20.74945332967805, 20.28776733203794, 20.55112633551874, 20.68541621865083, 20.507698487448238, 20.577696458726933, 20.422564894053767, 20.488049122544936, 20.59490858547966, 20.625337160784074, 20.634541119959838, 20.746596851311672, 20.107698140808363, 20.501184090522127, 20.447171416502073, 20.621176138693126, 20.822971816370348, 20.61776126629014, 20.600545853997517]
fps.lt:[17945.298852698957, 17786.596337412288, 22016.074886235514, 20107.16276198701, 21382.759133375737, 21053.75061245438, 19394.220617263858, 17779.86788389528, 18667.12339927922, 20175.390705224432, 16994.915280171706, 22483.349338921587, 15216.272149958062, 18291.35226047602, 22442.50799463163, 15223.17582200754, 19437.9141465213, 20137.762846241476, 17632.482169654, 21433.869289935985, 21270.271192988635, 18115.6105260442, 18382.484868956104, 22139.95089025609, 19914.16812716499]
fps.ltu:[1873.553867678466, 1865.6961733524472, 2772.2194647205233, 2415.203880617706, 2663.19386558066, 2553.38930027676, 2210.456500545058, 1812.5711207115469, 2025.300883700565, 2372.713690582455, 1677.2906700716983, 2926.623872240538, 1333.7917469351569, 1929.1486529903102, 2897.54315159363, 1355.2197683093832, 2192.727070185736, 2383.6311578541518, 1768.9143738999671, 2638.6529645616156, 2625.952639250333, 1917.1114466104355, 1985.0527940343582, 2871.137885867264, 2290.817103339525]
fps.c2:[1.0365331626963148, 1.5587510293945142, 0.6577311413857423, 1.060564105507368, 1.7355795645002163, 1.5705599820102465, 1.6080310806017304, 1.3519906896121465, 1.6059461306583072, 0.8835926716683908, 1.3480058689220025, 0.9240068206905223, 0.8671528800993453, 0.9629549992069257, 1.5818777523213032, 2.840102654053662, 1.6064004000668253, 1.3043252763366848, 1.7852131316716522, 0.9275349859372484, 1.627414311553732, 1.7313281260976707, 1.0065545266611158, 1.1746495056052415, 1.2503773170289187]
