Ri:[100, 130, 160]
Zi:[50, 100, 200, 300, 400, 500]
fps.ts:[824.711440000534, 2474.134320001602, 4123.5572000026705, 5772.980080003738, 7422.402960004807, 9071.825840005875, 10721.248720006943, 12370.67160000801, 14020.094480009078, 15669.517360010148, 17318.940240011216, 18968.363120012284, 20617.78600001335, 22267.20888001442, 23916.631760015487, 25566.054640016555, 27215.477520017623, 28864.90040001869, 30514.32328001976, 32163.746160020826, 33813.169040021894, 35462.59192002297, 37112.01480002403, 38761.437680025105, 40410.860560026165]
fps.e0:[10794.69620042334, 10759.822721981222, 10748.597051144256, 10791.865461604106, 10775.059441260826, 10760.00719411539, 10752.412833221983, 10756.87600986884, 10784.618797483176, 10779.356310703577, 10757.125680565416, 10766.76913202548, 10776.255778894041, 10769.76924045394, 10757.03369637113, 10781.15439956778, 10796.027986956406, 10752.77051757211, 10766.47459936756, 10803.101430001816, 10744.19930234054, 10792.762400618689, 10769.780920161447, 10747.85701097319, 10774.81694404469]
fps.e0u:[16.725054357122104, 16.592090020885145, 16.766086097375357, 16.65850127934323, 16.775414474695122, 16.890628181934538, 16.4201164564249, 16.9898706157067, 16.74484239410885, 16.884558104107033, 16.929727456626402, 16.674292411766125, 16.85352101821127, 16.738192990955138, 16.792685799394462, 16.858314015466522, 16.80279207947093, 16.726613050937978, 16.950239520679794, 17.012277335903367, 17.118368216451813, 16.658755044263767, 17.020884408669634, 16.943168217039624, 16.956452437910325]
fps.lt:[5515.6584116517215, 5816.365465407815, 5953.1434822541, 5579.781428766773, 5639.735073988608, 5659.060574457835, 6021.03227517296, 5874.332405457888, 5559.221505965864, 5683.383550595056, 5787.885471412618, 5747.052951579899, 5671.650471643119, 5770.033043739042, 5842.542786253338, 5613.34844017324, 5375.7174822974175, 5882.178944453851, 5837.806217835066, 5496.474983628243, 5968.469615119408, 5574.798567265459, 5694.44827787144, 5979.564219770771, 5595.62416269667]
fps.ltu:[138.68799387889112, 153.0275035380859, 161.08190747991978, 140.66571782471746, 144.60834591020802, 146.27624971821612, 162.07017501963747, 158.81978781885581, 140.91079183241428, 147.8349461093472, 154.02049611422103, 150.57910214858197, 147.66183405660334, 151.34944605043793, 156.1276066830672, 142.86965968999968, 132.15983802688473, 157.589191825043, 157.142872705734, 139.2618737868988, 165.47723398961162, 140.53141501410187, 151.36992357254348, 165.26508088077188, 144.3519116877827]
fps.c2:[1.6242020700708129, 0.45988323037805884, 1.5531899747093445, 0.971125877709003, 1.5500166791712182, 0.7532264960723052, 2.1232616671779794, 2.178329327797499, 2.2714669917410624, 1.6761364361936206, 0.7501504641940959, 0.9954587268884185, 0.9952942919049275, 1.5830667587794665, 1.8414769932971509, 0.8330963396005366, 2.7889087001531605, 1.7695227995305118, 1.2411172907227828, 1.264457088738071, 1.0605146501212563, 1.1612722506926334, 1.3216648453841853, 2.2676117443988106, 2.867117193056105]
FC:[[3.752111507128861, 3.8008723302970684, 3.83168213773675, 3.8954064672400492, 3.9372507876088547, 3.9929072330111257], [3.8510325148168083, 3.8315863547644895, 3.876659853629551, 3.936901017170296, 3.984411020260205, 4.044205181704548], [3.968090268080058, 3.961137712755705, 4.003893402839867, 4.066251697055253, 4.116009233526329, 4.174573429170672]]
FCE:[[0.04993261162958831, 0.025250086908482575, 0.015180296486023004, 0.01172467674714349, 0.00957841497767462, 0.008453717941538248], [0.04094323246388116, 0.01965704688967568, 0.011754464820282917, 0.00909183946826817, 0.007434947985820406, 0.006570805485527086], [0.033156324282069084, 0.016664805311821893, 0.009670169420558346, 0.007487377621957121, 0.006302369696271783, 0.005586573688623048]]
