Ri:[100, 130, 160]
Zi:[50, 100, 200, 300, 400, 500]
fps.ts:[1723.8413800001144, 5171.524140000343, 8619.206900000572, 12066.889660000801, 15514.57242000103, 18962.25518000126, 22409.937940001488, 25857.620700001717, 29305.303460001945, 32752.986220002174, 36200.6689800024, 39648.35174000263, 43096.03450000286, 46543.71726000309, 49991.40002000332, 53439.08278000355, 56886.76554000378, 60334.448300004005, 63782.131060004234, 67229.81382000446, 70677.49658000469, 74125.17934000492, 77572.86210000515, 81020.54486000538, 84468.22762000561]
fps.e0:[10883.289131159865, 10874.462304658004, 10860.721400150103, 10863.80263066925, 10869.47007821118, 10852.94888146759, 10866.981235281071, 10866.045273142754, 10871.872900305636, 10854.079883300992, 10872.001702782905, 10849.85506353723, 10873.42442595137, 10877.753331888152, 10862.149166168552, 10866.937150964599, 10851.880087856693, 10854.834396314578, 10872.332159632208, 10868.362858172643, 10875.88784124482, 10877.545926870893, 10870.151444065588, 10878.315216792633, 10873.871526667894]
fps.e0u:[11.700498145439184, 11.85841681074074, 11.69287556360592, 11.872454712421915, 11.825314602367092, 11.899503124788758, 11.92311584871133, 11.832843516058324, 11.678815427882409, 11.874762832030616, 11.806179420341543, 11.91597771701143, 11.815945899014178, 11.834022907001707, 11.87276736185215, 11.807226312848007, 11.733809246550699, 11.881895746274967, 11.757724843433419, 11.916558443665801, 11.847867490812018, 11.72104773218543, 11.73874007675908, 11.901647622388392, 11.869448638352619]
fps.lt:[8503.45607083277, 8701.244294281934, 8945.965465269142, 9062.122072963253, 8766.33530227062, 9253.860062105367, 8886.089041524154, 8853.482280292887, 8845.553621657642, 9192.518018262102, 8822.202431831787, 9155.231301466245, 8789.685004477447, 8590.75823402094, 8890.736654495302, 8888.115696347802, 9376.147125245965, 9111.657337771787, 8613.30939089517, 8955.50535666992, 8588.52176281389, 8540.79600317159, 9022.056014408246, 8826.206573236273, 8943.981978888622]
fps.ltu:[232.22250429947044, 244.7436485433348, 257.45664391792866, 265.7617839432752, 248.8528026922251, 278.8293317081172, 256.8447695552135, 253.93290957752905, 251.00195903045724, 274.546160604837, 251.46848757316695, 272.3818810487918, 248.83758262357432, 239.81520512783362, 256.780508883261, 255.37812310326052, 283.55611067596465, 269.24517443366716, 239.92127610139693, 261.64051457574976, 239.00630099964434, 235.1255673933523, 261.28629442081836, 252.3618539183237, 260.1775752600268]
fps.c2:[1.875429945668332, 1.7408585556128335, 3.286387314885786, 2.2308379170341923, 2.116100034973106, 0.9508448542952278, 1.2335824269949591, 1.2753804084675966, 2.1201539984364786, 2.5462566008325167, 3.01850731829335, 0.9679852122550272, 1.597769886371526, 2.499721335099155, 1.549450849483784, 2.816666232943255, 1.2317301824316167, 2.3437138029053797, 1.1125795914775556, 1.5756964793969592, 0.8379736047034255, 2.026206896600065, 1.3695435310019433, 3.105917828201338, 4.006441809357951]
FC:[[3.767142579221291, 3.7909117687193286, 3.8247854550149656, 3.8501610626975866, 3.885938961327586, 3.918193697619203], [3.844630825295726, 3.863423051059696, 3.8928369801893203, 3.920333932626502, 3.954305056153653, 3.9866550281130153], [3.9883733174437017, 3.997843437663775, 4.028606347448899, 4.059303135652778, 4.097682236858882, 4.131770247683194]]
FCE:[[0.029814727472071735, 0.01699727095261859, 0.010589039161472247, 0.008247339005141529, 0.006801661495094426, 0.005978172810287351], [0.022995387892187164, 0.013017226936600268, 0.00823824687292635, 0.006273463246576178, 0.005306461381036762, 0.004675590083752343], [0.019257743743001012, 0.010748214679692909, 0.006790898451292925, 0.005319741474536397, 0.004524952840985473, 0.004002358626857763]]
