Ri:[100, 130, 160]
Zi:[50, 100, 200, 300, 400, 500]
fps.ts:[1715.7092999982833, 5147.12789999485, 8578.546499991417, 12009.965099987983, 15441.38369998455, 18872.802299981115, 22304.220899977685, 25735.639499974248, 29167.058099970818, 32598.47669996738, 36029.895299963944, 39461.313899960514, 42892.732499957085, 46324.151099953655, 49755.56969995021, 53186.98829994678, 56618.40689994335, 60049.82549993992, 63481.24409993648, 66912.66269993305, 70344.08129992962, 73775.49989992619, 77206.91849992274, 80638.33709991931, 84069.75569991588]
fps.e0:[10754.440973507852, 10756.225569125738, 10771.127941484125, 10781.270233276213, 10787.747009138451, 10782.02251788819, 10753.71967629293, 10758.31351026277, 10761.479296998195, 10778.017509893254, 10783.401072372822, 10766.685238857719, 10771.466697594235, 10762.982615713747, 10754.52138228884, 10774.499629245147, 10757.574727287396, 10757.017904781302, 10765.039022325824, 10776.494333297882, 10764.084665967857, 10785.300264318696, 10770.425897029265, 10775.357838916596, 10768.90964285986]
fps.e0u:[11.467088777620415, 11.552031555052249, 11.511699197098679, 11.430346297213555, 11.41887896445803, 11.591447283783593, 11.528500055154879, 11.55084078701737, 11.474396887313462, 11.457731126245028, 11.518912912240078, 11.541165389772026, 11.471969707079772, 11.34872727868321, 11.525684288391785, 11.534674002170675, 11.47502561980305, 11.495747869866038, 11.44932299190835, 11.396074660154316, 11.33204463287121, 11.281616202363555, 11.429549017022783, 11.520122560628826, 11.485979280781708]
fps.lt:[5483.023563860122, 5476.3300825529695, 5391.3673222820435, 5431.472953186192, 5271.476179297045, 5291.341786111349, 5483.252461053489, 5499.171293710045, 5474.500550119354, 5326.484816454811, 5311.050133607988, 5508.236394111126, 5485.848264549262, 5455.538131556602, 5508.367508009092, 5475.923251052099, 5567.140757406874, 5563.252796876783, 5537.065497689827, 5460.630589477384, 5572.4989547737405, 5373.777454663187, 5535.23847014647, 5480.440628423469, 5541.827023890644]
fps.ltu:[93.51263735340025, 93.90949342925586, 91.17347596584585, 91.21418947025545, 85.97921915970345, 87.7511460894424, 93.73562388859206, 94.44156356654533, 92.92088004453007, 88.1355743057966, 88.36789282841949, 94.99519766613881, 93.58076534384328, 91.52479081597112, 94.51515682952817, 93.1746599851151, 95.99394000768812, 96.13440146003363, 94.73949517585329, 91.89330067866528, 95.15251479795397, 88.43547539913388, 94.48630808312296, 93.19230262626307, 95.20243211455151]
fps.c2:[2.361765429493986, 3.5119081206878566, 2.067474915822908, 3.14968750430193, 4.681242495168616, 2.3532414113606297, 2.674747534178401, 3.0667409158122987, 2.5052753163878454, 3.9156468856642386, 3.522211946048018, 2.58818423528532, 2.108430284324752, 2.070309337673563, 1.5271682324961249, 1.7652857299793785, 3.262471045560027, 2.705136709968158, 2.094076318318426, 2.18954543275834, 2.1598428215308085, 2.633076118174455, 1.8608371180204533, 1.1940800115124326, 2.2838700081640373]
FC:[[3.800230503695959, 3.8142931872619203, 3.847170994653851, 3.9209686170756233, 3.9728365093193165, 4.02982794635847], [3.8523531417226433, 3.859424774974304, 3.894736013333368, 3.961571189507374, 4.014085912945422, 4.07574399182645], [3.952842542985789, 3.9795015011904287, 4.03466952296905, 4.095663488446959, 4.150070372432094, 4.218675456110313]]
FCE:[[0.034765215864800136, 0.018050509207977745, 0.010798317138382743, 0.00815044121129123, 0.006828755115978717, 0.006015861861708676], [0.02717518245269866, 0.013959773009780529, 0.00808144876205325, 0.006271044217756317, 0.005277154622047738, 0.004549529611926251], [0.022913419605898228, 0.011210086474091573, 0.006683188659357434, 0.005185476349492913, 0.004380270074029574, 0.003797475637019251]]
