Ri:[50, 100, 150, 200]
Zi:[100, 200, 300, 400, 510]
FC:[[4.007721102548156, 4.011502200867961, 4.0232839059660614, 4.0362575010574835, 4.052037500793071], [3.975517300256294, 3.999449258372157, 4.0169866805275865, 4.04554333293186, 4.06928701284504], [4.112625770662095, 4.140636868124891, 4.157861572944019, 4.186144642039868, 4.2141522204700825], [4.752535794021057, 4.805427931273361, 4.831705986634975, 4.856674204476538, 4.875224688358305]]
FCE:[[0.03609459596835718, 0.024628629452437288, 0.01996622728513297, 0.017314950992510125, 0.015259399799374603], [0.018622529481595464, 0.012330987502667963, 0.009963650474715305, 0.008638751356669888, 0.0076416844802474635], [0.012608408072169506, 0.00836072030774098, 0.006746861052121462, 0.005837643607061922, 0.005173758522933102], [0.011458170905014962, 0.007751417721178171, 0.006269508659060213, 0.005416882625541574, 0.004790463053376261]]
fps.ts:[1613910315.89852, 1613913444.37956, 1613916572.8606, 1613919701.34164, 1613922829.82268, 1613925958.30372, 1613929086.78476, 1613932215.2658, 1613935343.74684, 1613938472.22788, 1613941600.70892, 1613944729.18996, 1613947857.671, 1613950986.1520402, 1613954114.6330802, 1613957243.1141202, 1613960371.5951602, 1613963500.0762002, 1613966628.5572402, 1613969757.0382802, 1613972885.5193202, 1613976014.0003603, 1613979142.4814003, 1613982270.9624403, 1613985399.4434803]
fps.e0:[10713.568751684283, 10726.37430781016, 10723.034741421947, 10735.464734706344, 10722.841677004966, 10742.110574754803, 10723.910896790965, 10714.560112335379, 10706.837707728997, 10710.087645332065, 10721.032762855808, 10713.644143185025, 10721.506346877832, 10732.95869706258, 10738.100156328366, 10728.502712833939, 10743.789272809201, 10716.631318774787, 10697.696358180567, 10708.467807752819, 10740.519728435014, 10721.639025113749, 10725.217791554818, 10727.948748789055, 10727.949689298419]
fps.e0u:[16.953841066440688, 16.860469462307393, 16.78607089235092, 16.97482661655573, 16.890094562762783, 16.85706004843345, 16.845113021962437, 16.945292857241853, 16.88838124777374, 17.194863671814105, 16.90184158074329, 16.790795047754536, 16.832297957662067, 16.91099099980196, 17.205882286121746, 17.00048273173829, 17.067961545560703, 17.265172540766166, 16.989126622254002, 17.08153954304081, 16.974584291966853, 17.07745573062599, 16.915713997991002, 17.273299990918012, 16.9106658687381]
fps.lt:[18199.300370744735, 19272.01637349054, 18070.08196863063, 17732.06586683763, 18354.111382713087, 16837.76118970611, 18505.879863824146, 17642.969591691744, 18338.366824081993, 17302.225407437, 18868.078561973645, 20329.88355509959, 18943.700195305326, 17850.96812057579, 16838.535097613756, 17704.038217239522, 17227.01451377705, 18868.978160763392, 20176.12126717334, 19825.958980084913, 16304.01837040558, 19039.244141673727, 18064.55329480423, 16355.28110139416, 17554.747207254226]
fps.ltu:[1572.668961703018, 1761.5114200192486, 1554.4973387415416, 1491.886885988156, 1607.6393326420607, 1339.806962518921, 1622.5435115948717, 1495.3002836444114, 1597.9454736885746, 1439.9011598606237, 1689.955431180172, 1950.2381010984654, 1697.1352256659268, 1525.078598511499, 1362.862715063845, 1501.5867317558875, 1425.2191423396682, 1725.4317747945227, 1952.9734253509607, 1869.6484134382285, 1263.23916132947, 1735.0116930770182, 1556.6589600468105, 1301.7781850397514, 1457.149524292409]
fps.c2:[1.4807993033596376, 1.1998299432866133, 1.4278766824347322, 0.7798526753936073, 1.2491975413909675, 2.3898922764001487, 0.5834398197633566, 1.0268317738548824, 1.957672772532652, 0.8055568770243136, 0.9902188315930486, 1.0829239633440606, 0.9143043441641059, 1.0165732163379695, 0.8863634177443201, 1.8409435000782461, 1.4880240631626724, 1.1382299202252097, 1.1282901590664134, 1.0319457527366847, 1.749129515701843, 1.1293732059249462, 1.1913356841911502, 1.1557333198496855, 1.146983445398028]
