Ri:[100, 130, 160]
Zi:[50, 100, 200, 300, 400, 500]
fps.ts:[1721.3408199977875, 5164.022459993363, 8606.704099988938, 12049.385739984513, 15492.067379980088, 18934.749019975665, 22377.430659971236, 25820.112299966815, 29262.793939962387, 32705.475579957965, 36148.157219953544, 39590.838859949115, 43033.52049994469, 46476.20213994026, 49918.883779935844, 53361.565419931416, 56804.24705992699, 60246.92869992256, 63689.610339918145, 67132.29197991372, 70574.97361990929, 74017.65525990486, 77460.33689990045, 80903.01853989602, 84345.70017989159]
fps.e0:[10880.13037025832, 10897.6826241413, 10894.42527670585, 10876.588361189375, 10868.651064589703, 10861.850654679582, 10877.92092367, 10895.295826617696, 10881.872378695956, 10877.407353919056, 10876.904452546847, 10884.251518522884, 10900.411423584115, 10899.578526998463, 10881.516467582283, 10878.405007919464, 10901.140575127043, 10854.480987114279, 10885.157480812664, 10881.600693009696, 10867.88207412393, 10892.195641042283, 10916.007248606718, 10882.887680971546, 10868.600460871927]
fps.e0u:[15.889451005234738, 15.948762588039754, 15.930214442704804, 16.087481808551733, 15.784508546477195, 15.867467304290463, 16.10582087525575, 16.04072346829539, 15.614053467706176, 15.87489961457886, 15.944191375958306, 15.483143302463017, 16.02513979937168, 15.937790375613002, 15.891341683429397, 15.78375598395851, 15.834635758702689, 15.841532531365862, 15.739323142277426, 15.917830296120991, 15.920513550498708, 15.591103482519364, 15.919479966420731, 15.890945593226322, 15.955402880661966]
fps.lt:[11823.15388559118, 11194.095445140565, 11427.064606451493, 11505.654913754923, 12212.700295256895, 12679.4728514792, 11741.699280891999, 11666.736857962478, 12203.07409246453, 12423.490765699587, 12681.163315662563, 12143.858419029835, 10837.603718911178, 11246.865789934578, 11958.588096709798, 11624.785056069868, 11359.662566076822, 12902.123499837706, 11696.705438911802, 11849.952582728525, 12731.66094844089, 11557.421579869473, 10675.477574216246, 12030.995084933324, 12838.052879458068]
fps.ltu:[614.106383570867, 550.8479419983906, 574.2268337926313, 585.6810662851685, 654.0843537863153, 709.4918471495655, 609.1224004849943, 602.5611889918509, 648.1402165257372, 676.4114704590385, 713.8032545102676, 635.0241658658055, 523.5288721610127, 561.0200496170661, 628.810556131788, 590.7350301909931, 566.1143132516859, 733.9562519769247, 599.3086745528542, 613.7622402692492, 712.8417185765813, 579.6252423318896, 501.37175767590173, 638.7040698584102, 728.2338620439111]
fps.c2:[1.2840469721188914, 0.8848896970885579, 0.6209303465519049, 0.7734855832594073, 0.9432481798633788, 1.1810399148375874, 0.5705196954781548, 1.4245023278825166, 0.5747521257304737, 1.7619295909040582, 1.5988813578344876, 1.5882283553144785, 0.7366187946032413, 1.060543632556397, 0.977828245979431, 1.8662876573170843, 1.3867925146378113, 1.2367157095199963, 1.2316344584886292, 1.3037350130826475, 1.3181855040168509, 1.0794317609059385, 1.661066528765801, 1.5624180826959306, 1.5179440858964806]
FC:[[3.8482955130513723, 3.8577286658993404, 3.8821482359400674, 3.899075189890841, 3.921543762712148, 3.9535466027568766], [3.8574667056815035, 3.8825465238719166, 3.9220531540922887, 3.950009767335303, 3.975680515142617, 4.004098380999166], [3.9699972132999157, 4.000426515140541, 4.039896853742879, 4.081942837172586, 4.110647646196489, 4.13852182953089]]
FCE:[[0.03604789676051649, 0.022794316110696117, 0.01458694784444711, 0.011150220399106387, 0.009465740216331333, 0.00834037848767966], [0.02760574198648671, 0.016602848172469018, 0.010965793979340674, 0.008647030717279585, 0.007346707493160367, 0.006488839719851167], [0.022784285342628066, 0.014069128835443645, 0.009254440993692183, 0.007367501258075329, 0.006280106262741299, 0.005561110817472452]]
