Ri:[50, 100, 150, 200]
Zi:[100, 200, 300, 400, 510]
FC:[[3.93844348459473, 3.965871614759944, 3.988698151270806, 3.999734764336909, 4.027011551101627], [3.9641516100887477, 3.9748351495091154, 3.9918898922824995, 4.01671933025767, 4.04358648528825], [4.036915947484676, 4.056297884040153, 4.0829093440613855, 4.1094584554092535, 4.140356236928831], [4.372093021781408, 4.404598918194482, 4.446319984871173, 4.478500599476015, 4.508184484553495]]
FCE:[[0.02750684130446047, 0.018735404356599136, 0.01522822296752852, 0.013156663775334601, 0.011349064822578993], [0.01357749921736771, 0.009162017058746445, 0.0074010519545449835, 0.006407714818483704, 0.005668530459242087], [0.009279379147654788, 0.006286628232589743, 0.0050800819265872385, 0.004388722529728347, 0.0038870596109071226], [0.007778859855022003, 0.0053130871643987275, 0.004298381903368047, 0.0037108320418899514, 0.003281819088596503]]
fps.ts:[1621333949.0046802, 1621337404.5500402, 1621340860.0954, 1621344315.6407602, 1621347771.18612, 1621351226.7314801, 1621354682.2768402, 1621358137.8222, 1621361593.3675601, 1621365048.91292, 1621368504.45828, 1621371960.0036402, 1621375415.5490003, 1621378871.09436, 1621382326.6397202, 1621385782.18508, 1621389237.7304401, 1621392693.2758002, 1621396148.8211603, 1621399604.3665202, 1621403059.91188, 1621406515.45724, 1621409971.0026002, 1621413426.5479603, 1621416882.0933201]
fps.e0:[10715.763046891341, 10733.444132152465, 10722.411543426106, 10745.367334390317, 10711.611270577421, 10742.328387543597, 10711.2193140481, 10757.769115654928, 10737.435705227796, 10730.028308223802, 10734.358950363276, 10737.577026811456, 10738.56166105933, 10737.318197094424, 10748.433127658258, 10730.48056018307, 10740.715838039201, 10730.604493489242, 10719.124211668463, 10727.88040427148, 10735.35594252512, 10728.72852801311, 10734.40905310755, 10741.400976338706, 10724.451669020737]
fps.e0u:[13.004156195602858, 13.057571746853794, 13.025677281995742, 13.08384445364003, 13.080164754376149, 12.976919653357374, 13.06977469673282, 13.102683528793753, 13.052776608761867, 13.113375412559726, 13.028247211165041, 13.115646178315592, 12.963560868032967, 13.128981038020495, 13.150388468780095, 13.098418315635408, 13.083899460436518, 13.0616427241891, 13.047266764938001, 12.978499518712358, 13.080973988679377, 13.115434732689945, 13.120876996921002, 13.15345630078774, 13.106229443623134]
fps.lt:[21617.165862441976, 19658.37210441346, 21718.387649112152, 18339.282752714767, 21217.238600706016, 17540.377527420143, 21838.173384555554, 17867.501475904617, 19179.81814158013, 19449.23671746664, 19636.880798562357, 19329.58952501394, 20471.92321060213, 18536.540684154385, 18191.155142390216, 19643.79787005458, 17977.58267668013, 19606.53523835394, 20735.396269651545, 20990.205091652628, 18484.313244330344, 20201.582436362136, 19294.41630402011, 18774.909777243203, 19739.894691102538]
fps.ltu:[1703.8299125864191, 1416.1283758156703, 1725.290423828732, 1232.631403024942, 1651.4274671705914, 1129.1612575259114, 1747.180484464127, 1170.355670400278, 1348.0430703116592, 1392.5646473619306, 1404.6461078479263, 1371.7352835245367, 1522.8768759135653, 1265.3355120540875, 1216.1842384241743, 1412.9191783889858, 1187.2750499571052, 1410.5194513628064, 1561.6755534625604, 1609.3787490567622, 1252.2775794844797, 1498.8619818519262, 1368.9695319203827, 1293.6566663998121, 1434.0355163498355]
fps.c2:[1.3765944615766545, 2.8298190719811953, 1.0958227063586379, 1.545507088014645, 1.9523405763535737, 1.9311439252791265, 2.4591060512241993, 1.1473222541910777, 0.8133480561336044, 1.198736388641239, 2.019193439176176, 0.4914118942453127, 1.8737710116132489, 2.1004115378509036, 1.379091527800259, 1.5330320034112859, 0.8291082235027099, 1.5313680927194278, 1.4326605882326682, 2.6504698066787893, 1.5616489573620942, 1.808212629594283, 1.3598866020155678, 0.5156025781361183, 2.2310298862815334]
