Ri:[100, 130, 160]
Zi:[50, 100, 200, 300, 400, 500]
fps.ts:[1725.7121400022506, 5177.136420006752, 8628.560700011254, 12079.984980015754, 15531.409260020257, 18982.83354002476, 22434.257820029256, 25885.68210003376, 29337.10638003826, 32788.530660042765, 36239.95494004726, 39691.379220051764, 43142.80350005627, 46594.22778006077, 50045.652060065266, 53497.07634006977, 56948.50062007427, 60399.924900078775, 63851.34918008328, 67302.77346008777, 70754.19774009228, 74205.62202009678, 77657.04630010127, 81108.47058010579, 84559.89486011027]
fps.e0:[10877.545169393297, 10873.405018200398, 10878.00123716812, 10894.721246451943, 10872.421053168651, 10893.393898516399, 10885.10895403845, 10892.619939866934, 10875.16400448795, 10846.149521161497, 10882.644970074793, 10893.8935355695, 10870.053689018097, 10871.443127116074, 10887.905685133584, 10885.393328447562, 10865.938091326107, 10872.960404408377, 10869.001578755004, 10861.471570061436, 10884.074695480993, 10874.047722006635, 10882.60665335969, 10885.417914071943, 10895.854840144799]
fps.e0u:[13.200658441155417, 13.244129173840534, 13.062834436096004, 13.165719947267645, 13.094000036509934, 13.171327453182172, 13.299328311075636, 13.139531654944848, 13.214052294208315, 12.949582450692699, 13.24157476332532, 13.191038747308358, 13.219741979933946, 13.170997565625731, 13.191277722256327, 13.203446203027717, 13.061068186525276, 13.239015043639965, 13.255213256846808, 13.31105696789668, 13.198357433412125, 13.224522001854854, 13.091848847880255, 13.15399887027765, 13.164946178766767]
fps.lt:[11381.104591162091, 11315.80278728364, 11485.473336816854, 10869.830576823326, 11375.54814044521, 10809.007725357187, 11183.248568717192, 10762.92483708634, 11779.881991917371, 12544.236520233213, 11148.899524931037, 11418.839480726429, 11524.058544258341, 11795.175728426353, 11321.061284157953, 10916.479202980034, 11957.520938666881, 11732.540092949914, 12197.191526018669, 11751.31573667434, 11490.586029460563, 11272.611823277652, 11494.024618044195, 11082.501419688058, 11125.618990614441]
fps.ltu:[470.57254837657393, 468.5007151148902, 476.01433479916284, 429.4463858071971, 470.7512523290901, 426.97046472976774, 456.17261885337524, 419.4074638675469, 502.57752318737, 565.772918214607, 455.0431374686115, 472.6965513780427, 487.7577039725124, 503.60032815390423, 465.8160228887738, 434.4861508609014, 516.2153472070188, 501.0994457133175, 543.0142471546723, 503.0666357655542, 481.4987784424917, 465.40345334735173, 480.6316384062367, 444.59311866203575, 450.4565174291586]
fps.c2:[1.409628201508649, 1.4931351443103178, 1.695089511220011, 1.5457191903698244, 1.7178553794703397, 1.4346350515353914, 1.6598367530982885, 2.0564214430712484, 1.3219152388492255, 2.135378619096037, 0.9473159931247032, 2.3150485839098947, 1.7234243518223795, 0.6836493818218734, 1.0236127332305889, 1.4086674709201819, 1.1051379695515846, 1.209797127764764, 1.4709382495209096, 0.5481205624295824, 1.297369559703917, 2.6646150319329682, 1.540483195220916, 1.9608664277231609, 2.06528837431172]
FC:[[3.782164330712687, 3.8248704982986994, 3.858846094273485, 3.885009957692738, 3.9170061111470704, 3.948683906665091], [3.833039502222325, 3.8705555043348605, 3.9020580050033735, 3.929973666634839, 3.962749787012047, 3.99861141915896], [3.98197296711233, 4.000945215840082, 4.029907389156612, 4.059657446551981, 4.092410082940198, 4.128806597908169]]
FCE:[[0.029428156587167718, 0.018256182308929617, 0.012055418734544666, 0.009477002908766165, 0.008036866842654866, 0.007093499898996012], [0.023026555276813753, 0.014112515357131582, 0.0092841596369755, 0.0073077574961330945, 0.006223918663366448, 0.005515325593508768], [0.0193638132138749, 0.012009897792754175, 0.00785929420528092, 0.006050675425738851, 0.005162906388035119, 0.004473629651213715]]
