Ri:[50, 100, 150, 200]
Zi:[100, 200, 300, 400, 510]
FC:[[3.9123645818181183, 3.9673010973992078, 3.9971712793616487, 4.020650651700129, 4.035308879079762], [3.9720898141044256, 4.007893010046759, 4.029238254231064, 4.051096846989656, 4.070548379972067], [4.113716671899999, 4.154142174671895, 4.193954204751897, 4.21990293207447, 4.245002088953276], [4.726630715322952, 4.756081101645871, 4.804826874589502, 4.84265346843978, 4.867481020943895]]
FCE:[[0.052016852689534404, 0.03613911359921019, 0.029488305222732585, 0.02464600158639227, 0.021854138130990772], [0.026297622571318034, 0.017438052174236576, 0.014090089187659478, 0.012139031003644914, 0.010723686317862762], [0.017649629970828286, 0.012006711267340268, 0.009696962751226456, 0.008353305240325895, 0.00738010344115851], [0.016798317437206937, 0.011418284314548763, 0.009227818254017367, 0.007976564690982735, 0.007038218375796575]]
fps.ts:[1610381278.27456, 1610384569.42368, 1610387860.5728002, 1610391151.72192, 1610394442.87104, 1610397734.0201602, 1610401025.16928, 1610404316.3184, 1610407607.4675202, 1610410898.61664, 1610414189.76576, 1610417480.9148803, 1610420772.0640001, 1610424063.21312, 1610427354.3622403, 1610430645.5113602, 1610433936.66048, 1610437227.8096004, 1610440518.9587202, 1610443810.10784, 1610447101.2569602, 1610450392.4060802, 1610453683.5552, 1610456974.7043202, 1610460265.8534403]
fps.e0:[10072.76913380466, 10061.134720187296, 10072.923540111919, 10084.589058196105, 10070.767966696036, 10038.028515353255, 10017.607058710992, 10051.693511989477, 10066.479867821225, 10054.789034335152, 10067.168113563133, 10078.972780666187, 10076.78664182332, 10068.471984584588, 10081.267929521606, 10082.089521392567, 10077.731101974536, 10091.074877109006, 10062.418585164633, 10060.079339801798, 10067.794146180275, 10093.193794577664, 10039.821549051181, 10054.216000414975, 10092.336076306652]
fps.e0u:[23.122446580476215, 23.608191802903143, 23.48211727694917, 23.66609121369718, 23.384816792993146, 23.059009501099148, 23.64557586820368, 23.651896633329144, 23.85114870883151, 23.56411630819293, 23.665567928118815, 23.70704509195912, 23.27656142446624, 23.11733922087518, 23.619902427718955, 23.023443586049105, 23.365644002449862, 23.760972026084552, 23.731302143584077, 23.561242643381416, 23.5877592592698, 23.37753087367099, 23.455332597653445, 23.996873117927418, 23.86069677433776]
fps.lt:[16013.466393220686, 16402.185256810008, 14499.202058583145, 13838.29447775397, 14333.714352262785, 21241.38818302512, 18012.350855844226, 15884.332674685862, 14695.472510876798, 15775.48759313339, 16100.998693131782, 15965.8225089801, 16634.43239349939, 16994.60736417354, 14794.862817940402, 15538.613231953035, 14215.2366597993, 15270.491038820623, 14849.255469649888, 16501.286247065378, 17110.945504240863, 15090.554568724785, 17854.54727701993, 19166.433797007845, 14571.07608501497]
fps.ltu:[1769.811019927275, 1900.66703773072, 1488.8742873762692, 1358.5811716297048, 1449.922887621724, 3122.8623030511694, 2287.530196649512, 1769.0906750672912, 1534.708862903237, 1763.7007996985253, 1845.67510513467, 1785.577785620355, 1905.0638921931877, 2013.4930153386922, 1546.2450817906165, 1647.7016225977525, 1423.2223152531596, 1646.365015585534, 1565.157426648987, 1905.934902376937, 2061.0477598783477, 1581.19227969747, 2240.150728137634, 2592.7430541436534, 1508.1378174791366]
fps.c2:[1.2702367609475034, 1.3102175697827956, 1.0024839934886516, 2.24348625816723, 1.2372483718710252, 0.7701070631897846, 0.8017893333248611, 1.303069679360205, 1.0845350775313876, 1.866376121642335, 0.9517902438221343, 1.5114319633450846, 1.7471365550559912, 0.7042043578407629, 0.9472910256299643, 1.2182359911822647, 1.290751105685275, 1.1121112738113068, 0.9544328410027544, 0.9632471794432715, 1.6541931437937323, 1.3765798067875443, 0.5975499511527619, 1.1100165464993696, 1.7179237609656755]
