Ri:[100, 130, 160]
Zi:[50, 100, 200, 300, 400, 500]
fps.ts:[1875.8292199993134, 5627.48765999794, 9379.146099996568, 13130.804539995193, 16882.46297999382, 20634.121419992447, 24385.779859991075, 28137.4382999897, 31889.096739988327, 35640.755179986954, 39392.413619985586, 43144.0720599842, 46895.730499982834, 50647.388939981465, 54399.04737998009, 58150.70581997871, 61902.364259977345, 65654.02269997596, 69405.6811399746, 73157.33957997322, 76908.99801997186, 80660.65645997047, 84412.3148999691, 88163.97333996772, 91915.63177996635]
fps.e0:[10893.5966230156, 10898.374666934094, 10887.317061289845, 10880.121052070112, 10876.751275703382, 10884.117056140938, 10877.516612755882, 10893.040606915085, 10869.978600582757, 10853.66657110249, 10860.18447053865, 10900.886780864716, 10879.459172292227, 10925.202467562649, 10904.352553718047, 10894.33674260365, 10880.58330085988, 10889.262917062688, 10866.869282567934, 10882.193780317986, 10860.436472291824, 10888.13638249058, 10881.690192440317, 10861.284612587957, 10889.765761910838]
fps.e0u:[15.768623632540967, 15.777393443009029, 15.764099234576888, 15.831308849224985, 15.742807262219687, 15.81659195577199, 15.564617834989955, 15.741998486782142, 15.686930989778201, 15.894156909196388, 15.55664875876901, 15.695449771847997, 15.646577143770546, 15.766009002627417, 15.793253638003584, 15.842981869713466, 15.972159416869943, 15.738421377918234, 15.746384843215996, 15.881302265598903, 15.859212581473876, 15.828482252864546, 15.989683249363887, 16.104441711235655, 15.835676078200999]
fps.lt:[11242.263616226202, 11489.205589008732, 11747.014481059981, 12102.11672568571, 11755.775474097029, 11776.886959903934, 12328.924054143468, 11771.02111097702, 13593.622709172585, 12634.719947129906, 13343.228274204348, 11494.479413611962, 12317.624815662351, 11053.863255286939, 11172.663552156773, 11848.353217918784, 12410.826199515574, 11482.78668601787, 12392.140992607614, 11681.511919761155, 13076.742592804834, 12176.229356645223, 11686.287769962131, 13305.544400075907, 11715.878034840382]
fps.ltu:[554.4749088746806, 575.1952768178361, 602.3306717454412, 642.0911926825311, 607.2461361299112, 610.6388055425622, 656.9605198672396, 604.5512359959137, 796.9495654873235, 698.9448530768218, 764.0249208065019, 576.2807190389436, 657.15364849829, 530.730592097505, 548.9313031079944, 617.4219626278853, 678.3974991968853, 574.0153238734523, 670.4010184456256, 599.580838232843, 745.9388527679567, 645.3123480662937, 604.9778732090512, 789.2462402557923, 602.2814823495821]
fps.c2:[1.473417358671969, 0.858070096997311, 1.003210775054574, 1.1120679570381968, 1.3949964112188025, 3.044382606872788, 0.7602462179121355, 1.8123057791408597, 1.4112098518843998, 1.3954080098360384, 1.4611367832019289, 1.1457898832991902, 0.7737608065716967, 2.206734218316759, 0.7059897317144769, 0.8754203057656296, 1.6749376301510315, 0.6134173657976889, 0.8281924072685887, 1.0517896366441222, 1.2455426674028305, 0.9687893966788766, 0.8155231692610638, 2.0394379583616806, 1.1575717584225993]
FC:[[3.89179390201585, 3.8756632710248287, 3.864073631737102, 3.8968075520325254, 3.928256631738467, 3.950741937831102], [3.917169169930891, 3.928518952100637, 3.9262514651623235, 3.958770566882797, 3.9816081285387854, 4.004827061005839], [4.0400628023993885, 4.048821614661477, 4.058417428959601, 4.089680560774141, 4.109648501571505, 4.13426279749227]]
FCE:[[0.03526882220768121, 0.021465999780087848, 0.014159451209048168, 0.011274354215169678, 0.009424473837281613, 0.008299285659601223], [0.027290920430283618, 0.016502932760414014, 0.010819800520914231, 0.008610133852690837, 0.007330283943026135, 0.006480847382128294], [0.022843041331013635, 0.013996354376068653, 0.00921343562488452, 0.0073220016878401606, 0.006241239143715105, 0.00553118927033483]]
