Ri:[100, 130, 160]
Zi:[50, 100, 200, 300, 400, 500]
fps.ts:[1693.1746400022507, 5079.523920006752, 8465.873200011254, 11852.222480015755, 15238.571760020257, 18624.921040024758, 22011.27032002926, 25397.61960003376, 28783.968880038265, 32170.318160042763, 35556.66744004727, 38943.01672005176, 42329.36600005627, 45715.71528006077, 49102.06456006527, 52488.41384006977, 55874.763120074276, 59261.112400078775, 62647.461680083274, 66033.81096008778, 69420.16024009229, 72806.50952009678, 76192.85880010128, 79579.20808010577, 82965.55736011028]
fps.e0:[10844.258722294288, 10855.479678424928, 10850.760822035621, 10836.047181709322, 10813.192809873546, 10830.383970392815, 10848.176581452773, 10839.028820169617, 10859.569711001212, 10826.942034576232, 10832.021453343395, 10866.50481994188, 10840.941553507428, 10836.424027787963, 10875.688823232511, 10863.77926546205, 10853.414706078009, 10847.745004171753, 10835.936564239699, 10868.846696774479, 10863.92998564793, 10850.565585406572, 10856.393971609916, 10843.093065509644, 10875.009534394063]
fps.e0u:[15.118820569191291, 15.338580629521559, 15.019761965015958, 15.066621744502907, 15.031533928614163, 15.088065290113498, 15.049370963047274, 14.908227675673908, 14.996792809441907, 14.977417716369846, 15.185739298152585, 14.960610866508077, 15.038421572440912, 14.850240835199582, 14.972837437309853, 14.91301646995612, 14.912013863571827, 15.715093984721994, 15.068045165306058, 14.997804568219308, 15.857359649849888, 15.20933497109384, 15.128656262664832, 14.928604577597735, 14.963818130840549]
fps.lt:[5408.35157230695, 5311.198480992828, 5387.773856489711, 5450.354441322004, 5611.648793465621, 5384.524665064368, 5364.251658801995, 5396.265629950845, 5323.8430107399045, 5582.761854713338, 5476.089314545452, 5154.146132409579, 5383.942251215381, 5429.214021401919, 5164.322273980439, 5205.84599549051, 5353.194448857867, 5299.928189962613, 5405.241783965084, 5213.418619151308, 5203.139618806548, 5255.8927835056165, 5233.122792980009, 5377.2638768439165, 5101.081616448007]
fps.ltu:[121.03036513779335, 118.27556044533026, 119.31084893699446, 122.10061217417022, 130.49158975392498, 120.44457431170851, 120.05529929419477, 119.80746645156204, 116.91535861967823, 128.54563545669276, 123.93647291383309, 109.51185798169178, 119.79052020585793, 120.58972104576935, 109.60712282639882, 111.37643103160637, 117.5540742363397, 121.19853723465798, 120.64388741204797, 112.41882091334202, 116.39218429946463, 115.74627786203436, 112.9674380625698, 119.1613976848988, 106.67651146675928]
fps.c2:[1.217259686723297, 2.036448304883658, 1.809240994235633, 1.8613864549771424, 0.9766847373121803, 1.1625585425173641, 0.8021162315640151, 0.8960384072455617, 1.726328191361173, 1.5088029355024257, 1.7377098615116504, 2.104152343397383, 0.9544143844535, 2.133355786656447, 1.327752337619228, 1.0929797805452153, 1.1312564043862001, 1.344404154004835, 0.6413317997560741, 1.831542874577155, 1.2170524856865976, 1.3814411178647392, 0.7321304726096809, 0.6412550885813418, 1.765544666062221]
FC:[[3.7698328530785203, 3.81314363805359, 3.8818524482428263, 3.9234283669969714, 3.9748898875794927, 4.02290760359821], [3.8229828396353907, 3.8517449176437686, 3.9097824149483484, 3.948252528130307, 4.003336277440308, 4.055993187695928], [3.963054451441936, 3.9866150513169876, 4.036228414919609, 4.079864630968122, 4.134569366534887, 4.1857584486000885]]
FCE:[[0.04007867298760553, 0.02148752709902987, 0.013236958848941268, 0.010290570218455655, 0.008743374704717888, 0.007790275505364103], [0.0318783274446242, 0.016637591647203163, 0.010226001778129391, 0.007945382021392007, 0.0067699586972112666, 0.005893731598200835], [0.027180500386538426, 0.014282099839198488, 0.008745308868202788, 0.006484662894971032, 0.005516940566371769, 0.004912841888959743]]
