Ri:[100, 130, 160]
Zi:[50, 100, 200, 300, 400, 500]
fps.ts:[1736.6150400018691, 5209.845120005608, 8683.075200009345, 12156.305280013084, 15629.535360016822, 19102.76544002056, 22575.9955200243, 26049.22560002804, 29522.455680031773, 32995.685760035514, 36468.91584003925, 39942.145920042996, 43415.37600004673, 46888.606080050464, 50361.836160054205, 53835.066240057946, 57308.29632006168, 60781.52640006542, 64254.75648006916, 67727.9865600729, 71201.21664007663, 74674.44672008038, 78147.67680008411, 81620.90688008786, 85094.1369600916]
fps.e0:[10717.816102277364, 10750.42717124777, 10746.07742759566, 10743.575786323077, 10771.064220395603, 10780.293497063909, 10763.812682537078, 10759.666251392673, 10772.293786504888, 10764.095209377818, 10776.088563357574, 10787.159271518449, 10785.856666786192, 10785.216840018691, 10769.548173758718, 10796.321701277328, 10798.692397555404, 10785.714152628289, 10774.66962770024, 10781.793275582464, 10820.476106719643, 10802.533838394535, 10803.13929124407, 10786.539218547936, 10786.32800620489]
fps.e0u:[14.499233469513543, 14.561502495548215, 14.628831281044883, 14.468157724711592, 14.648620654800121, 14.83488438389509, 14.74013283076763, 14.653756726824277, 14.639183500110427, 14.738527913483207, 14.69069607480325, 14.76207492702532, 14.561433422710246, 14.591008142860915, 14.851530781344406, 14.730760358027176, 14.76861253500795, 14.896401585663561, 14.809130730602963, 14.857438177165553, 14.88443689418207, 14.813145663901993, 14.816834770741897, 14.679657741142227, 14.727183344269474]
fps.lt:[6532.539632458179, 6110.150832917781, 6316.63165976222, 6164.23475923696, 5970.5020481150705, 5923.012542240297, 6036.812178859164, 5976.477216193223, 6007.220722061152, 6164.629890685724, 5883.960209623409, 5866.392027465601, 5889.210382791596, 6083.852103373967, 6112.810134587774, 5832.430174997686, 5846.799499268005, 5819.667824213841, 5984.405875057309, 5906.556489785513, 5677.634930477744, 5855.642111670421, 5742.514566936069, 6094.448318432623, 6139.824315207997]
fps.ltu:[172.93753396181927, 151.44583991885258, 162.3390491399537, 154.82360496074787, 145.8523667455112, 143.4983333467759, 149.7111533635411, 146.28471637543214, 146.52229649488035, 155.54621191317864, 141.96284807426287, 141.14135722891604, 141.38123063484142, 149.47144637019824, 154.6914475104219, 139.28714805874478, 140.7930820571126, 139.77174082874592, 147.31521423940728, 144.28053217906196, 132.59127474603355, 141.26467383247515, 135.71172852855568, 151.39016840483643, 153.60540651624655]
fps.c2:[1.7495093479231443, 2.767941838702904, 1.675446205297468, 1.3358168042767635, 2.594737659042168, 1.40666991073205, 2.8343909417531257, 2.1901660339825493, 2.5307822764017818, 1.7361945573598316, 1.6795134999718802, 3.028319909836291, 1.7999099187956404, 0.8639229081652544, 2.61301605330878, 1.708742946459585, 2.80444760877073, 0.8736657290110261, 1.455983885090576, 1.0665110747507653, 0.9407550599018594, 1.4686100062274419, 1.2133088395394431, 2.451753160366906, 1.5783700013153132]
FC:[[3.777799629607656, 3.7721731698122136, 3.8226208227444185, 3.87344928592882, 3.9308762847105023, 3.976820603905478], [3.7792744679789543, 3.7971339585837844, 3.861780186852204, 3.9112083583835293, 3.9695450863852346, 4.017700143083764], [3.9017923798863325, 3.934391587618449, 3.994180995987789, 4.051654652695499, 4.106636129291185, 4.158793325371898]]
FCE:[[0.040098634928508445, 0.02050005365969936, 0.012727935633199544, 0.009948468354599095, 0.00842780320044956, 0.007489766052783418], [0.03079541969705099, 0.015908022967239296, 0.009882660828881899, 0.007723115142349546, 0.006568084027702008, 0.005850735947515215], [0.02641421688147449, 0.013630497906488485, 0.008408876890515978, 0.006451293250961108, 0.005485898510846088, 0.004777605852044541]]
