Ri:[100, 130, 160]
Zi:[50, 100, 200, 300, 400, 500]
fps.ts:[1535.339599995613, 4606.018799986839, 7676.697999978065, 10747.37719996929, 13818.056399960518, 16888.735599951746, 19959.41479994297, 23030.093999934194, 26100.773199925425, 29171.45239991665, 32242.131599907872, 35312.8107998991, 38383.48999989033, 41454.16919988155, 44524.848399872775, 47595.527599864006, 50666.20679985523, 53736.88599984646, 56807.565199837685, 59878.24439982891, 62948.92359982013, 66019.60279981136, 69090.2819998026, 72160.96119979382, 75231.64039978504]
fps.e0:[10891.881645433652, 10910.683654864315, 10881.166506159117, 10907.44844942197, 10892.989116109102, 10898.159044464866, 10897.337334151449, 10892.100636610056, 10890.048291801097, 10903.566147924032, 10915.03255018687, 10901.609988292208, 10900.334806925766, 10888.630085142015, 10912.754513998123, 10929.275562780353, 10917.17400650841, 10901.769346166779, 10910.618329032171, 10918.041759489086, 10891.71441571456, 10906.531266715527, 10888.771831203552, 10898.269431910054, 10911.770539793268]
fps.e0u:[11.269980058646281, 11.263455433611984, 11.383460226496664, 11.3519430830077, 11.308476837389664, 11.355483531718654, 11.319639526879604, 11.33261010794642, 11.313627820547993, 11.31066699981859, 11.233678342167282, 11.306082887179771, 11.381657181442899, 11.391774732778932, 11.349088393358599, 11.276265459387693, 11.332462263351331, 11.321712277417042, 11.359305054398043, 11.327265426407006, 11.324874459439076, 11.295261646887676, 11.30107798634843, 11.418630901510843, 11.196580250624734]
fps.lt:[5759.161745172204, 5622.656625096616, 5795.68038265743, 5593.981196951899, 5756.713583934975, 5710.978341532051, 5658.133740166001, 5730.900698398164, 5695.440306953592, 5611.712325195913, 5613.2325491435895, 5609.131400736492, 5658.720164060447, 5795.726517535982, 5583.081493157415, 5421.57735623004, 5521.412132806227, 5666.999824762007, 5656.656120760707, 5562.237079487713, 5739.3681061997795, 5608.827634399604, 5755.839216300041, 5751.404635795566, 5633.609890972089]
fps.ltu:[101.86272016291738, 97.46967739917038, 104.33212017771815, 96.81017447867131, 102.6198652569176, 101.11719563240528, 99.37317867598297, 101.59459961387113, 100.19989823081198, 97.34277298968154, 96.93981462586865, 97.13377175783377, 98.82229817440232, 104.31307233517454, 96.09732699065935, 91.22318162344375, 94.34398699170673, 99.27699054017239, 98.83845225447728, 95.3920698422046, 102.32142847715397, 97.32298627285965, 102.19429527290949, 102.4698374505394, 97.44776714909165]
fps.c2:[3.3843954171049004, 1.7393116809443068, 2.910148539003624, 1.5718868078624664, 3.406815790238381, 1.2021672647418404, 2.623545287077851, 3.5586012749362013, 1.7419743873183138, 1.2412403311167348, 2.152800898458877, 1.9830453076207495, 2.6578779806199906, 1.3879959120516077, 1.9106563502604677, 2.496923465269999, 2.1480060422958696, 2.5167784166050122, 2.2992638830090857, 1.5445915110235306, 1.8835627978570122, 4.1007113278075105, 3.072651802963855, 2.7334710497912416, 1.4791607119597623]
FC:[[3.7723100627930415, 3.7265433072019207, 3.784840714968378, 3.8564047267815416, 3.93537507738047, 4.00008280277139], [3.7939917597979127, 3.761862461277328, 3.825047321351936, 3.891599542160413, 3.9687720047529473, 4.03676003278795], [3.8603242337176646, 3.8396977394941505, 3.9055740334083953, 3.972024203455578, 4.04682943841123, 4.11374066418444]]
FCE:[[0.03061358849099752, 0.01614899558954319, 0.010052748506014963, 0.007526735871933908, 0.006425627663677326, 0.00572332308320712], [0.023710612134728516, 0.01254714730855251, 0.007584005441176514, 0.005792849667387032, 0.004956483966631242, 0.004428376982775135], [0.01993046322787215, 0.009952186457907226, 0.006128529148826811, 0.004809360245755157, 0.004125947170730234, 0.0036934250569852544]]
