Ri:[100, 130, 160]
Zi:[50, 100, 200, 300, 400, 500]
fps.ts:[1652.1536600017548, 4956.460980005264, 8260.768300008775, 11565.075620012283, 14869.382940015794, 18173.690260019303, 21477.997580022813, 24782.30490002632, 28086.612220029834, 31390.91954003334, 34695.226860036855, 37999.534180040355, 41303.84150004387, 44608.14882004738, 47912.45614005089, 51216.7634600544, 54521.07078005791, 57825.37810006142, 61129.685420064925, 64433.99274006844, 67738.30006007195, 71042.60738007545, 74346.91470007897, 77651.22202008247, 80955.52934008598]
fps.e0:[10399.064947763844, 10399.136394157265, 10394.543602964366, 10382.25974184887, 10398.475119901716, 10427.777781046807, 10440.302653156634, 10413.589015416075, 10472.977864438299, 10428.066277130638, 10467.315718686827, 10464.670971692196, 10463.904071849556, 10449.664080190243, 10502.586831287384, 10501.803996019875, 10494.870807756095, 10500.240718960344, 10514.98879856307, 10513.124253727867, 10517.016969623774, 10544.968018827372, 10552.918720666468, 10511.40057735347, 10514.975300072827]
fps.e0u:[15.137266721832026, 15.244504935018352, 15.316583230885787, 15.181546805998803, 14.862847999713958, 15.24270513701944, 15.186192163374535, 14.958123244600033, 15.074003877572164, 15.425204212493211, 15.25847618258578, 15.190898500860628, 15.171229734942392, 15.206129472678628, 15.239282019742781, 15.324469409384202, 15.31327893300536, 15.32213797646445, 15.012986834182255, 15.482248141394852, 15.553444434968391, 15.255736913356262, 15.340074854895944, 15.29199852900685, 15.389000102312998]
fps.lt:[7550.670843803667, 7887.217415520656, 8237.0565309768, 8652.318775884809, 8367.152460149735, 8131.8981929111405, 8362.070594759707, 8792.100787507065, 7814.062710145857, 8714.743294431202, 8113.507024307463, 8593.208500832203, 8614.946933657826, 9102.353885211058, 8312.589014168761, 8157.072656099451, 8496.584254958485, 9100.267731927363, 8281.54397009622, 8433.860292701134, 8549.719366637337, 8222.284878460845, 8068.141648019688, 8988.159737323598, 8827.831258214803]
fps.ltu:[249.8019167620256, 274.06389760601206, 296.9070299728663, 327.8298998857024, 299.89345840116937, 290.4352777821619, 301.8647444874186, 330.8661539297304, 264.5659243145317, 334.1738204952396, 285.60461143202565, 321.82804995503585, 322.10853993226596, 358.7835973867816, 301.63825005140916, 291.2567873428452, 314.986170528468, 358.4312302113974, 294.64065926916163, 314.6723319199734, 323.526121346665, 293.55137042652564, 282.5398220021438, 351.003132803468, 345.43682740392427]
fps.c2:[1.5376798473475035, 2.5246834918439514, 1.3112840806998074, 0.8266992289281074, 1.8881903321005957, 1.0447992329633062, 2.3048272195263135, 1.405404506147414, 2.107665634186382, 1.3083707275437368, 1.4583586981224812, 1.1495506090795014, 2.259597669300016, 1.3938682658458497, 1.2980377122865283, 0.49806586810262804, 2.3198662880184875, 0.8279550785975256, 1.1479443774077198, 1.3455907934812654, 1.2528724385001178, 3.958832319869736, 2.733368036141769, 1.6773579818470954, 1.513929004666724]
FC:[[4.047117116837617, 4.081417310130781, 4.093211027429429, 4.133064302958688, 4.1813401192439885, 4.221749068151868], [4.091760903956905, 4.101720126097087, 4.1317316222705935, 4.176571349720039, 4.228468424859446, 4.271848658041034], [4.207816808462989, 4.2331102928673, 4.271207350162882, 4.314138092035736, 4.3635959499595405, 4.408341358543361]]
FCE:[[0.03992238707442747, 0.02343881589014124, 0.014895865587568734, 0.011661431817127975, 0.009894654200907179, 0.008713892273153185], [0.030428031596704187, 0.017820588764547684, 0.011405686072887911, 0.008952769428893625, 0.007641259467405601, 0.006761621424522883], [0.025643720808316586, 0.01501131588696186, 0.009623704075948869, 0.007564143938455881, 0.006467128855820857, 0.005615264820580053]]
