Ri:[50, 100, 150, 200]
Zi:[100, 200, 300, 400, 510]
FC:[[4.056720421733704, 4.0550432612552285, 4.034627918946645, 4.050776277743622, 4.065400622286103], [4.023905228740749, 4.032413968000392, 4.0415068029981, 4.061165462191329, 4.083056632600823], [4.134809559192078, 4.150344126075237, 4.163988647942696, 4.188860571533798, 4.213650906637287], [4.76995710045497, 4.811653801730995, 4.83613078527311, 4.861233972703905, 4.878405031429013]]
FCE:[[0.03419493033088281, 0.02380507087397481, 0.01973244748232457, 0.016622090000100228, 0.014617587127120808], [0.017560834627037687, 0.011993438248295572, 0.009714279749544147, 0.008151627675102911, 0.007014769359737138], [0.011557076125797204, 0.00786664699375161, 0.006359690078191226, 0.005494166802209365, 0.00486507747217473], [0.010841860164152112, 0.007306243486170677, 0.005909666697243279, 0.005105566218119177, 0.004511282802496072]]
fps.ts:[1613823854.48954, 1613827317.67662, 1613830780.8637002, 1613834244.0507803, 1613837707.2378602, 1613841170.42494, 1613844633.61202, 1613848096.7991002, 1613851559.9861803, 1613855023.1732602, 1613858486.36034, 1613861949.54742, 1613865412.7345002, 1613868875.9215803, 1613872339.1086602, 1613875802.2957401, 1613879265.48282, 1613882728.6699002, 1613886191.8569803, 1613889655.0440602, 1613893118.2311401, 1613896581.41822, 1613900044.6053002, 1613903507.7923803, 1613906970.9794602]
fps.e0:[10740.647112673583, 10710.577968682655, 10741.019551994852, 10690.026915089275, 10755.364730272808, 10681.036671920852, 10736.745765207212, 10767.877384536005, 10718.049927648171, 10714.287968936036, 10735.97241920693, 10720.762256119944, 10746.145053791584, 10713.484990700803, 10740.797374926504, 10713.33799478811, 10766.516899520231, 10735.595403844785, 10753.34290757986, 10735.14165892571, 10748.321267697482, 10720.964714494976, 10697.500632792684, 10714.045132874267, 10704.985004825365]
fps.e0u:[15.888501344117122, 16.000009503738042, 15.966260424577486, 16.10312653272264, 16.102066519730037, 15.929362188773787, 15.902780693700958, 15.721962392119506, 15.789057131642206, 15.86666756235302, 15.845758639667016, 16.079859942146683, 15.968525628903276, 16.033202511718677, 16.07741420948569, 15.945815097344243, 16.013337383240753, 15.964071478767188, 15.8688934265681, 16.032737586793584, 16.09661563365423, 15.967752347172624, 16.22734090656209, 15.96727102290482, 16.177000981426797]
fps.lt:[17825.094454863025, 19519.452546713055, 17081.364066815473, 22063.145267938708, 16159.102206891863, 22392.9962012801, 16805.570819626046, 15430.546550887235, 18795.16872711473, 19200.487344820063, 17103.73673224609, 20580.419098696966, 17320.042927584927, 19822.184595524857, 16613.401950247087, 20697.87664082927, 16029.97023795541, 17464.72283267636, 16018.059063097355, 16207.184210041038, 15834.067692413439, 19049.564840207182, 19865.84175066923, 17925.14597922514, 20341.213960836925]
fps.ltu:[1421.842963341305, 1714.7221105031847, 1305.2712449537125, 2195.2460652586237, 1175.15779528595, 2242.467553286029, 1262.4986363068676, 1058.053032444379, 1572.3182276148534, 1640.4439489845388, 1308.1018159910302, 1917.4904159414543, 1346.0645733067033, 1785.4500982130498, 1243.55832515281, 1917.8440076690588, 1155.4504802114382, 1370.5341984745833, 1144.8091828131132, 1185.5798658206504, 1134.9092131864757, 1634.788193272163, 1801.753616769187, 1445.1185368986464, 1887.5657385577645]
fps.c2:[1.3262384731384007, 1.7116786255869665, 1.6773715058781127, 2.799049709819887, 1.2381127982637672, 1.535148230501025, 0.9470965628091004, 2.657353139188063, 1.5503287949000533, 1.8329002375816654, 2.0414192241439, 0.9525942679507551, 2.209755508053196, 1.9181392849229633, 2.1901814513768243, 1.3221872669030914, 2.2442186470233527, 0.8263473768408092, 1.7475868292263341, 1.1377056973965347, 1.5860934812712215, 1.4331049589353169, 2.428315029548865, 1.6188650278776096, 1.2095198974675652]
