Ri:[50, 100, 150, 200]
Zi:[100, 200, 300, 400, 510]
FC:[[3.984582436443182, 3.9838012439513384, 4.011304906032948, 4.020818503743721, 4.04273134749976], [3.987955895877924, 3.996157403420544, 4.018810331720219, 4.044443378329326, 4.070902206329201], [4.077907034397763, 4.094101451734728, 4.122015306795763, 4.155745183840118, 4.189503848838199], [4.363373456673952, 4.400847245918639, 4.449615741084608, 4.491620976295651, 4.527019330695815]]
FCE:[[0.027726657966990764, 0.01855857015150233, 0.01511883390613954, 0.013089275470794463, 0.011536726426796389], [0.014133595537316503, 0.009489885258445853, 0.007645137119698868, 0.006580563214554366, 0.005803909793128192], [0.009758533472629796, 0.006600430550355853, 0.0052984392943845205, 0.00455192243426981, 0.00402076197078319], [0.008421539659412083, 0.0057095016301987765, 0.0045896162333460425, 0.003931912976394595, 0.003476550752665187]]
fps.ts:[1611256310.51862, 1611258487.34986, 1611260664.1811, 1611262841.01234, 1611265017.84358, 1611267194.67482, 1611269371.5060601, 1611271548.3373, 1611273725.16854, 1611275901.9997802, 1611278078.83102, 1611280255.66226, 1611282432.4935002, 1611284609.32474, 1611286786.15598, 1611288962.9872203, 1611291139.81846, 1611293316.6497002, 1611295493.4809403, 1611297670.31218, 1611299847.1434202, 1611302023.9746604, 1611304200.8059, 1611306377.6371403, 1611308554.4683805]
fps.e0:[10093.096760449807, 10089.259970406316, 10087.943250106497, 10084.23000235954, 10057.178319593135, 10060.117454493091, 10076.353266765373, 10079.409171126586, 10084.302329482518, 10068.645562045638, 10057.234188639075, 10062.267175997753, 10052.062482410416, 10063.842330365747, 10063.018692025476, 10071.157374935277, 10091.637056384923, 10063.242774381728, 10093.377323988227, 10081.156120542832, 10095.513657369973, 10091.527697372523, 10099.540580940211, 10083.633690825827, 10096.98275036149]
fps.e0u:[13.234882597111286, 13.12182418190906, 13.116423519800097, 13.195792689449135, 13.106505916607274, 13.128561463271591, 13.044422776040625, 13.032839749876247, 12.976422738367535, 12.912048603717771, 13.044009311711624, 12.966518970202756, 12.980851984505364, 13.035270447805559, 13.086347164033194, 13.000578960256549, 13.033538772324379, 13.067477669103639, 12.965032920670373, 12.967806064211397, 13.062698583141902, 13.040316332087112, 13.01743130392881, 13.070964817974387, 12.989456786034987]
fps.lt:[15997.853148286968, 15712.994472044255, 16672.7585388038, 16482.36524715226, 18759.563195190283, 19263.87576725599, 16878.439059342487, 16697.763857833965, 16670.612279412297, 17374.844833747604, 18740.379386862132, 18000.665296895262, 19737.826915451442, 17757.570775571276, 18564.730021396343, 17583.696228392193, 16123.071451809863, 19367.350493779944, 17057.01566428442, 18005.472337680563, 15426.28418070474, 17055.79378601788, 15626.228335106314, 17333.855105987826, 16088.168055242506]
fps.ltu:[1005.4023470947982, 964.7590924521043, 1089.204249062082, 1060.84754858257, 1371.7032345860891, 1442.4193549568029, 1107.3568288586134, 1077.9333523785504, 1076.9762537214265, 1156.086980897216, 1361.268483193732, 1249.575978937977, 1508.8428168662595, 1227.8426628300274, 1339.607155633861, 1195.512927517239, 1008.5481501827805, 1457.840618451718, 1118.2321105907872, 1256.3352248344902, 927.9591293507698, 1129.2478977207434, 945.4061138138793, 1168.66800712901, 1005.7388519686675]
fps.c2:[2.289263173601326, 1.927092291384196, 1.2905508628029077, 2.022121163842409, 2.417447919470729, 1.1960638309045886, 1.9141781153278825, 1.4072466017288376, 1.151558988161447, 2.924483642489794, 2.0567951934006534, 1.7307933193014122, 1.391439419140951, 1.7092758912890673, 0.9939404567107986, 1.7230896568419778, 1.6178331141687146, 1.73674845724283, 1.42337266932255, 0.9663486336696506, 1.34638853798201, 2.278506053156075, 1.3623650743689046, 1.8975333786603046, 2.159026935363057]
