Ri:[100, 130, 160]
Zi:[50, 100, 200, 300, 400, 500]
fps.ts:[1931.7792199993135, 5795.33765999794, 9658.896099996568, 13522.454539995193, 17386.012979993822, 21249.571419992448, 25113.129859991073, 28976.688299989703, 32840.24673998833, 36703.80517998696, 40567.36361998558, 44430.92205998421, 48294.480499982834, 52158.03893998146, 56021.59737998009, 59885.15581997872, 63748.71425997735, 67612.27269997598, 71475.8311399746, 75339.38957997323, 79202.94801997185, 83066.50645997048, 86930.0648999691, 90793.62333996773, 94657.18177996635]
fps.e0:[10713.036942860253, 10729.08600143125, 10734.989793580382, 10713.674790004621, 10720.16416835806, 10733.90129065985, 10746.544527941745, 10720.447395171188, 10717.346569504462, 10730.06629206661, 10739.338618773212, 10737.124132225947, 10716.179608646597, 10735.045244032399, 10729.588885632866, 10713.15424415131, 10731.70760155255, 10731.650398129124, 10708.130341330258, 10744.610771638636, 10720.696954017229, 10734.083128410357, 10713.459451286084, 10726.061396539651, 10736.258542534946]
fps.e0u:[11.105878977742071, 11.001651164715664, 11.004436476649273, 10.90927499899661, 10.979071170912418, 10.932950250682676, 11.072125104614203, 11.054976499357299, 10.840859693906461, 10.915412441595317, 10.845708024373932, 11.039450926927067, 10.981196094510183, 10.905981839357665, 10.94159094561303, 11.065002427877483, 10.900559860650475, 11.072580812439078, 11.101844356779612, 11.120642230891296, 11.024896757283628, 11.14352376666713, 11.092458878554762, 11.15127553184773, 11.126631744860456]
fps.lt:[5474.506959858665, 5344.643690612135, 5349.340546415848, 5500.429537441274, 5438.978931305185, 5387.626386457856, 5291.815039217231, 5432.652417635945, 5448.780479628161, 5345.701135023018, 5345.023424519943, 5366.7933533335445, 5525.529655690347, 5310.760043989455, 5380.526425025649, 5511.974065485437, 5416.660877661369, 5483.384050140901, 5568.866863258359, 5184.136810786003, 5428.9364027797665, 5281.889290336022, 5515.561056690135, 5438.080171781066, 5303.146152394968]
fps.ltu:[91.51346188508037, 86.41842540071863, 86.8463040663977, 90.59679947612051, 89.84287775423384, 87.7115466873393, 85.23147237564751, 90.05116354050999, 89.02491205760347, 86.37204956842209, 85.51213362208567, 87.56386334999078, 92.23209154561455, 85.17432824895663, 87.64892597901705, 92.47740825677401, 88.56088748390384, 91.88985108779822, 94.36473946887332, 82.43233088926904, 90.12562930792048, 85.85091177901487, 92.82421592733981, 90.62176832776792, 86.27446564574531]
fps.c2:[2.1219374100402657, 1.441609895255151, 2.4347286656895397, 1.29891760414198, 2.178604384177135, 3.4182204275683863, 3.7485753391437857, 1.3890493139021962, 1.6295612256665422, 1.6478171692631836, 3.5717436090186956, 2.7803384595749803, 4.013118423306968, 3.5102356322380524, 2.0821453764089988, 3.058792993827072, 3.2176803285372233, 2.203798274101017, 2.0894933518095993, 2.758662370843384, 4.102822543635743, 1.8885375550077645, 3.5727361994737667, 3.077682707475107, 0.9444287136719498]
FC:[[3.773080461138034, 3.8186188163399275, 3.847847165280018, 3.899012329168454, 3.95511893026285, 4.0163862392906795], [3.8164847852479507, 3.8502928635918527, 3.8927091434523127, 3.949231186068906, 4.0079136323279325, 4.064317102904267], [3.942289916589086, 3.9876517075821343, 4.028658242811266, 4.082633386719284, 4.143252903390367, 4.200148421558695]]
FCE:[[0.03264419424247534, 0.01626764376378986, 0.009933819743810517, 0.007731776569457773, 0.006510935171667862, 0.005609119250329757], [0.02501614809145863, 0.01256523208440533, 0.007626074305554247, 0.005950334361823419, 0.005034698103724829, 0.004339395436235216], [0.020871378026877403, 0.010716377572842616, 0.006448035341698174, 0.004903993938624547, 0.004156096331042349, 0.003602111232275035]]
