Ri:[100, 130, 160]
Zi:[50, 100, 200, 300, 400, 500]
fps.ts:[1744.3429400014877, 5233.028820004463, 8721.714700007438, 12210.400580010413, 15699.08646001339, 19187.772340016367, 22676.45822001934, 26165.144100022313, 29653.829980025293, 33142.51586002827, 36631.20174003124, 40119.88762003422, 43608.57350003719, 47097.25938004017, 50585.94526004314, 54074.63114004612, 57563.31702004909, 61052.00290005207, 64540.68878005505, 68029.37466005802, 71518.060540061, 75006.74642006397, 78495.43230006695, 81984.11818006993, 85472.8040600729]
fps.e0:[10905.948855535797, 10902.600066746878, 10902.742453025021, 10918.98924105178, 10931.334959548209, 10939.848179172279, 10937.755766124305, 10936.702824620068, 10920.743394786256, 10917.847585931513, 10904.23481544405, 10915.589289235975, 10923.529877747858, 10895.497352795415, 10894.700464981555, 10917.874163660883, 10913.299734403257, 10918.498872204742, 10909.155545010499, 10915.783943456605, 10915.196334865219, 10914.05153156653, 10908.885271934123, 10908.195280081705, 10931.446276356131]
fps.e0u:[13.661244946693278, 13.783254831019, 13.529605689855206, 13.750337656599516, 13.6502438316207, 13.602956137852194, 13.817688291590937, 13.533126653136714, 13.800604502922093, 13.68102329683342, 13.643427518862495, 13.753596783656965, 13.945986764615611, 13.739907213857034, 13.719446202928063, 13.639739924227111, 13.71033566266032, 13.731129214528792, 13.892143420416597, 13.72159684410235, 13.929857131790746, 13.719167312365505, 13.845835560351146, 13.75795725385416, 13.764333800649702]
fps.lt:[9607.38667600716, 9502.684336279106, 9561.879407007775, 9452.466836188903, 9037.799290057304, 8898.165396502296, 8989.662006800047, 8674.974282262654, 9159.819685949291, 9267.822597329478, 9468.547867370611, 9262.304310563031, 9368.074747049033, 9867.102149590666, 10197.13318291054, 9218.694216899075, 9423.970885466166, 9321.67187835364, 9392.800874173767, 9213.082862091203, 9365.58901050877, 9426.002539538082, 9166.18004406258, 9551.22200838525, 9069.377219250231]
fps.ltu:[346.29613993794914, 343.3639250509175, 339.7114842965693, 338.06066771209026, 306.04662354627357, 296.15112139328477, 306.57234600918065, 280.54852178883306, 318.1478614008302, 325.1330451067646, 336.6013235719235, 324.1377305097371, 335.7571615115537, 366.8087150035534, 392.56263534678436, 319.7229637604071, 334.9631752593655, 325.4924213079649, 337.38200674335855, 318.8502127147046, 335.10781635459455, 334.4838757389845, 319.3890835752757, 342.0209081097696, 311.0725125899967]
fps.c2:[1.7328545265964956, 2.5003271369350952, 2.5373909626660183, 1.4583762125033712, 2.414436232512181, 2.0714973850299505, 0.4471463991089185, 1.6195018173528621, 0.7390999838267226, 1.7221737303365883, 2.554753977841372, 1.7139565079045047, 1.9746844926218294, 1.668266225795102, 1.8979241656679853, 0.8785832933549216, 2.1819259791723167, 1.5054087232969022, 1.4108853658015774, 1.11772468368275, 1.2252289787480775, 2.104340310617208, 1.66847525294751, 1.3955001273027796, 1.6996234966274923]
FC:[[3.799548554412167, 3.8289718431738704, 3.8470788662532387, 3.8764351486108435, 3.912231163563994, 3.9425368912806253], [3.845951948765473, 3.875901358585384, 3.8924618644310067, 3.922916442258585, 3.9579308735739853, 3.991078421823169], [3.9716922209581744, 3.990842767965259, 4.0119603237984816, 4.048044305121299, 4.084759180806188, 4.118448932876625]]
FCE:[[0.03193699372717705, 0.01912088325477576, 0.012406178117373368, 0.0097248410318302, 0.008002301790840856, 0.007064581027647828], [0.024872842791249586, 0.01482225359399879, 0.009555737506755507, 0.007323754117666315, 0.006194992723020628, 0.005488661032344015], [0.020977595331474152, 0.012258783599717143, 0.0078432717986109, 0.006186647035569192, 0.005250764108757796, 0.00466357311609989]]
