Ri:[100, 130, 160]
Zi:[50, 100, 200, 300, 400, 500]
fps.ts:[1767.3037400007247, 5301.911220002174, 8836.518700003624, 12371.126180005072, 15905.733660006523, 19440.34114000797, 22974.948620009418, 26509.556100010872, 30044.16358001232, 33578.77106001377, 37113.37854001522, 40647.986020016666, 44182.59350001812, 47717.20098001957, 51251.80846002101, 54786.41594002247, 58321.023420023914, 61855.63090002537, 65390.238380026814, 68924.84586002826, 72459.45334002972, 75994.06082003115, 79528.66830003262, 83063.27578003405, 86597.88326003551]
fps.e0:[10875.1086111177, 10860.252889088762, 10876.013238725232, 10864.629062442807, 10892.552860537426, 10860.79329080387, 10884.644802352343, 10864.860516763716, 10859.348870376512, 10886.712846040478, 10881.168286651235, 10858.110180299025, 10885.008685057232, 10883.99338893317, 10886.159270373648, 10882.217990141187, 10849.126851028717, 10882.39613576977, 10866.271926074049, 10872.639678117479, 10875.814116610556, 10889.874921287943, 10866.026506367014, 10880.940229333391, 10874.90111345794]
fps.e0u:[15.853984255340285, 15.889809177906118, 15.896878743142363, 15.877228670965101, 15.729490653371755, 15.909794298585624, 16.011095554643656, 15.888418474853108, 15.856287465202655, 15.713710389300902, 15.901044915935646, 16.081794580778247, 15.882035572220929, 15.887394231126738, 15.580421250969405, 15.68933734575848, 15.924101813551859, 16.079132625062975, 15.841309056430758, 15.816381174873204, 16.0223436463556, 15.912951866793469, 15.739632248059145, 15.837995278394455, 15.738657298864533]
fps.lt:[12104.208636064524, 12086.97043979942, 11825.681228110463, 12090.219447073725, 11028.968128759336, 12276.573367230038, 11481.250448680854, 12398.524594510907, 12526.567244709668, 11566.169742911208, 11675.91860141649, 12080.143519351182, 11537.887629502333, 11050.166580069756, 11745.230891688969, 11649.85005337304, 12478.050174675287, 11290.229638958977, 12053.975419625956, 12214.648099167023, 12285.267628900263, 11860.876278441068, 12364.699257644394, 11943.334310999731, 11621.719813740192]
fps.ltu:[642.0104801766879, 639.1701902624513, 618.3337050296678, 642.1499932112714, 531.0640336913385, 662.0027401623386, 585.6496845307236, 675.6311807962885, 691.1081001583303, 581.6698500608074, 601.0920325458255, 643.3316493737793, 584.31642783231, 538.4557497544365, 600.4852066878742, 590.7941886883634, 689.4366275514622, 565.9069302342125, 638.1744238164999, 653.9218242122138, 671.2687646320311, 615.0661739507559, 668.5902596882848, 622.9364084291323, 591.836208152461]
fps.c2:[2.036194159736713, 1.3885283193341065, 1.255411100972643, 1.3824054056500235, 1.2339798703364653, 0.9334461209156709, 1.5985766414042824, 1.6210617143325479, 0.7893638183987561, 1.482941736461452, 0.6850439613357258, 2.3047545081756393, 1.3645332470400307, 0.6319416965421508, 1.8524608241757858, 1.4128396075695357, 1.3605160552970441, 1.3987861152771257, 1.3879791895720988, 1.880616642622082, 1.2704025139827864, 1.5579630867382621, 1.2095732079134407, 1.5142905919257659, 1.0768377374169886]
FC:[[3.959871526585237, 3.947192181906516, 3.9166282173154965, 3.9219232224082012, 3.950395933172598, 3.9706573778075915], [3.9487444095006534, 3.9469921718049568, 3.9440156640822126, 3.966951762866271, 3.992695196209077, 4.015544779021554], [4.001496355215509, 4.046012206400029, 4.0645369172666435, 4.090694262416178, 4.119655357277165, 4.147833569400463]]
FCE:[[0.03666091719081413, 0.022530358985843244, 0.01456212021993972, 0.011435056498948874, 0.009697634658947865, 0.008553320875799962], [0.028341187943479545, 0.017236002653246103, 0.011249030210272315, 0.008892466208041521, 0.007544753197041168, 0.006673093382458714], [0.02353637711872565, 0.014534369598380783, 0.009559347837471241, 0.007407512126410626, 0.006142148137545291, 0.005448744685287401]]
