Ri:[100, 130, 160]
Zi:[50, 100, 200, 300, 400, 500]
fps.ts:[1678.6179400014878, 5035.853820004463, 8393.089700007438, 11750.325580010414, 15107.561460013389, 18464.797340016365, 21822.03322001934, 25179.269100022317, 28536.504980025293, 31893.740860028265, 35250.97674003124, 38608.21262003422, 41965.44850003719, 45322.68438004017, 48679.920260043145, 52037.15614004612, 55394.3920200491, 58751.62790005207, 62108.86378005505, 65466.099660058026, 68823.335540061, 72180.57142006396, 75537.80730006695, 78895.04318006992, 82252.2790600729]
fps.e0:[10889.483937737272, 10890.001739765192, 10891.740298158911, 10925.439211548226, 10893.95353374007, 10908.792993790765, 10875.49731720423, 10891.205670521516, 10903.381653620778, 10901.228037924686, 10902.381686261364, 10902.216742307255, 10897.483641176546, 10892.574176619599, 10898.214726950415, 10898.269960685266, 10904.978902429066, 10903.45336277458, 10893.202272786413, 10886.977818501904, 10890.880306279176, 10892.689256300471, 10900.993932243991, 10892.428130890534, 10896.498382561882]
fps.e0u:[10.752289366198177, 10.831319893059085, 10.75094960013526, 10.736707434085675, 10.804128633686046, 10.825804581430303, 10.861908408300037, 10.75887260858592, 10.734486364559718, 10.713803195618455, 10.700135199590013, 10.806170689863924, 10.85589215608277, 10.951776569312145, 10.684510797488773, 10.703806605763438, 10.77037114843141, 10.890027750139849, 10.79840421712474, 10.803085459315906, 10.804551534874832, 10.834461654672374, 10.786998455440937, 10.79467331057099, 10.73224789503408]
fps.lt:[5741.2167993848925, 5776.324337843767, 5748.21758659229, 5597.405292672833, 5735.725820850693, 5643.2255774615105, 5933.646537018437, 5792.548053223358, 5697.362912672512, 5683.00971409534, 5654.728778969292, 5736.190745065232, 5733.82985486222, 5726.500146538587, 5828.375022897708, 5708.6466968319155, 5705.400283169336, 5675.456073146316, 5799.381476602056, 5938.602000149006, 5818.152357173428, 5817.940981899542, 5752.773230184144, 5794.511666500532, 5767.52533623701]
fps.ltu:[96.87094873495506, 99.24095194464319, 97.23060192119843, 91.85677222977637, 97.29075265347169, 93.87154920911844, 104.3938170436765, 99.18652714476671, 95.33158616888157, 94.30343659226544, 93.92013550838128, 96.83476197180697, 97.27588826464755, 97.49454759999406, 99.50249849377894, 95.33615676519254, 95.32858055246304, 95.71440856174365, 99.10160035015608, 103.86985955216706, 99.84298770102723, 99.76311068263495, 97.3284341619722, 99.55147454835377, 97.4356255025723]
fps.c2:[1.6982603322816476, 3.138870641218615, 1.7885225591468163, 1.8949330339763377, 2.372115497095332, 1.7849678976019698, 1.735789765438411, 2.74438320423007, 2.646024659968087, 2.383142995304649, 1.9059966948003992, 2.19176303482288, 1.9799484141589152, 2.9808447049637508, 2.6540072742107457, 1.784885738979144, 3.6208036326437187, 2.566715146077663, 2.9405830817274774, 2.9742704724685565, 1.364731734296524, 3.3901783510469774, 2.737663287322787, 1.9966893960002954, 3.5952468657213306]
FC:[[3.711950280129636, 3.7325244173539933, 3.784170936159108, 3.855308540664996, 3.925276387763901, 3.998967814206422], [3.7547222402828497, 3.7589564304241976, 3.822794466566254, 3.893465790003726, 3.9651253195593332, 4.0451138350882125], [3.8439055456401907, 3.836809339963341, 3.8952526699601298, 3.9695019340398123, 4.044948944782044, 4.122315635189119]]
FCE:[[0.028464992073903652, 0.015130762990426518, 0.009302886632925252, 0.0073397644265728625, 0.0062589954395153935, 0.005603588512934381], [0.02235570937186131, 0.011649833118027083, 0.007180972895253718, 0.005652211763610458, 0.004846793448702464, 0.004161183586192611], [0.019019193542245308, 0.009722555702401691, 0.005956861993032856, 0.00469679813846438, 0.003945299452821816, 0.0034600955392516224]]
