Ri:[50, 100, 150, 200]
Zi:[100, 200, 300, 400, 510]
FC:[[4.05005551124685, 4.042695796456481, 4.037150609078534, 4.054542575751879, 4.061341657561549], [4.006562660005166, 4.030191750464118, 4.041457961967881, 4.061832860718983, 4.087919100349958], [4.129446321553353, 4.156125747028242, 4.175691147878865, 4.200561097869848, 4.233284427675176], [4.758106881728526, 4.803327700787891, 4.82412759310138, 4.845976965805777, 4.869095240976263]]
FCE:[[0.04320243844913555, 0.02887059737326458, 0.023257471994693166, 0.02013733359524484, 0.017586819960649862], [0.02105952823955634, 0.01427090905972832, 0.011486694139582537, 0.009939596853292916, 0.008781291113003133], [0.013921169349927228, 0.009427470704013048, 0.007576761463473972, 0.006536970654951826, 0.005783475455260991], [0.013101583264870527, 0.008921158300803925, 0.007181359541031146, 0.006196996383219696, 0.005474464519174526]]
fps.ts:[1605346995.9555402, 1605350495.36062, 1605353994.7656999, 1605357494.1707802, 1605360993.57586, 1605364492.98094, 1605367992.3860202, 1605371491.7911, 1605374991.19618, 1605378490.6012602, 1605381990.00634, 1605385489.4114203, 1605388988.8165002, 1605392488.22158, 1605395987.6266603, 1605399487.0317402, 1605402986.4368203, 1605406485.8419003, 1605409985.2469802, 1605413484.6520603, 1605416984.0571404, 1605420483.4622202, 1605423982.8673005, 1605427482.2723804, 1605430981.6774602]
fps.e0:[9927.52818157468, 9962.402092677827, 9943.533864959889, 9961.921080896698, 9973.182077308227, 9945.06525233447, 9942.947285231116, 9926.72936890729, 9938.354278789917, 9951.595165255803, 9915.83166334111, 9982.837415502083, 9919.013859154087, 9945.661987665893, 9943.087517193797, 9944.627285739014, 9913.163869830705, 9920.506618496776, 9927.903244915176, 9938.332142757446, 9949.416283284574, 9941.31734016985, 9922.657328360116, 9889.116961340174, 9950.0870126516]
fps.e0u:[17.98627807389829, 17.80982404037009, 17.902199422183735, 18.337322499200653, 17.851658711102548, 17.86522337390625, 17.890302818399377, 18.263169220225222, 17.760933443677906, 18.019744397377472, 17.78064812650768, 17.969958580413827, 17.706379719462575, 17.827329460073866, 17.714167072891033, 18.01701756648207, 18.038215335111023, 17.794597085666005, 17.827503602073474, 17.875750675260242, 17.86714593224709, 18.002815608334497, 18.070053562808447, 18.064496960851322, 17.746805260084695]
fps.lt:[15804.751792534391, 14294.576591982523, 16674.80668518789, 14559.523451415664, 14188.936435714391, 15982.325053925888, 15201.809751326398, 17639.55339216751, 15233.429801741398, 15016.137207175529, 17787.687336556253, 13047.100313870591, 16704.118036314376, 14974.23803477748, 15418.44142243536, 14833.772170510241, 18311.28216362123, 19277.38743130913, 16739.06019575561, 15525.220174324346, 16347.753827926443, 14912.270127345497, 17024.8524373007, 21088.382332216337, 14229.303671027406]
fps.ltu:[1350.8339884503846, 1092.7864700384055, 1501.4229821711558, 1166.124242688874, 1079.3171115975792, 1378.8736257655746, 1249.2089719243656, 1708.3099148507006, 1254.5567027955012, 1214.4686774369306, 1701.243893966486, 926.1076103666333, 1495.0144742705388, 1206.9548030848975, 1279.4857339722628, 1196.113947266323, 1831.389137387017, 2010.9935482071724, 1516.9316134280289, 1295.8022625378005, 1436.579963171515, 1209.7848755619495, 1583.2203797292682, 2425.044663899642, 1088.5267558577953]
fps.c2:[2.0130506736615117, 1.227613369473737, 1.209712644275707, 0.9417248959459297, 0.6627799064749893, 2.1442337898174006, 1.5650906491047278, 1.2694524313700613, 1.547157320922952, 2.1958699471565137, 1.4990323460349304, 0.5271441584427374, 1.4956082931537482, 1.072892833904161, 0.741233171730523, 1.8068608008422584, 0.5720571205940708, 0.8004691106137108, 1.0796646198196682, 1.011796703674385, 1.629337989464568, 1.2339856236906228, 1.6617924572944378, 1.302215239249584, 1.1144392886220145]
