Ri:[100, 130, 160]
Zi:[50, 100, 200, 300, 400, 500]
fps.ts:[1762.7227799987793, 5288.168339996338, 8813.613899993896, 12339.059459991455, 15864.505019989014, 19389.950579986573, 22915.39613998413, 26440.84169998169, 29966.287259979246, 33491.73281997681, 37017.178379974364, 40542.62393997192, 44068.06949996948, 47593.515059967045, 51118.9606199646, 54644.406179962156, 58169.85173995972, 61695.297299957274, 65220.74285995484, 68746.18841995239, 72271.63397994995, 75797.0795399475, 79322.52509994508, 82847.97065994263, 86373.41621994018]
fps.e0:[10870.000782343417, 10868.463705005126, 10854.790214149225, 10859.72812505173, 10861.530099021296, 10884.558225120796, 10890.348765530656, 10864.26618926951, 10879.276215500162, 10866.61562638314, 10871.254721144627, 10883.325508752481, 10864.644746473543, 10868.629024065667, 10891.33538598224, 10889.210817686484, 10866.220939659323, 10884.098612939779, 10881.941095326296, 10877.683070857642, 10896.1820488959, 10853.789478227274, 10887.25307465694, 10881.211460219327, 10897.547669654296]
fps.e0u:[10.210093741068937, 10.273043751019047, 10.150719480398983, 10.257670915549218, 10.171450073512016, 10.2149422039492, 10.177573362295494, 10.159025267666056, 10.242988039043832, 10.218205519491985, 10.176909186644691, 10.075560745533803, 10.163139856003339, 10.213388937164213, 10.257288695024057, 10.098070624452411, 10.30781005905484, 10.184461154926996, 10.211662822414489, 10.14973144002205, 10.10083283319792, 10.184651302244106, 10.187432471716388, 10.220255288914037, 10.253323101034336]
fps.lt:[6369.965772320797, 6331.777668954766, 6433.223923884855, 6463.037070219489, 6467.543117805386, 6198.457892820898, 6240.484782361962, 6469.0945212494025, 6250.184821131504, 6256.8432670151215, 6292.569997012875, 6075.907785606346, 6377.9255267416665, 6340.873267423149, 6018.8878747040735, 6175.22671748389, 6243.307089067408, 6159.761139734687, 6212.886696838192, 6302.843967528735, 6088.645147392888, 6579.9982122744195, 6191.635630895963, 6272.5288355799885, 6165.67021768179]
fps.ltu:[113.19232124163162, 111.91687511240616, 114.91850497816851, 116.81350320345841, 115.91539023977768, 106.70702794399261, 107.73481650746959, 115.80805022657769, 109.42156218724304, 109.15853310355932, 109.7489266012569, 102.4985173323072, 112.5649006052115, 112.00698152886359, 101.32779962927951, 104.82668723994941, 109.51044993651814, 105.80974146533615, 107.52171622581436, 109.67820803854934, 102.55026536035041, 120.5932754632071, 106.56485333716685, 109.62865375460328, 106.18846629321118]
fps.c2:[1.8413558914092614, 2.714002161822715, 2.3638696743619483, 3.5691240973470624, 3.9052354282736834, 2.0911253968283385, 2.514497849269425, 2.678425907658754, 3.0762308518467893, 1.649962349658059, 2.482035189377285, 2.6831589648889707, 3.006382359112945, 1.9433568453359185, 2.1689273835960674, 3.3195751430117038, 2.2871027680954823, 2.6567708385672737, 3.1355681736893493, 3.00748531046172, 2.425350782020115, 2.724503055765405, 1.260009477167579, 3.1187806374014424, 3.356003556557324]
FC:[[3.758268142958803, 3.8215833197953897, 3.8626062595894073, 3.916798210532572, 3.980804611583148, 4.047312179767343], [3.8319322731073178, 3.87650659789102, 3.911103368821534, 3.972421505066046, 4.041569932366567, 4.112235361143899], [3.9403037810925094, 3.9919713372325707, 4.0395222532712785, 4.0979545429538975, 4.167774881025928, 4.243517479374035]]
FCE:[[0.02788985941177426, 0.0147598601680813, 0.00914758002875749, 0.007147712200742816, 0.005926424744120062, 0.005271872136755811], [0.02163255201217878, 0.011538563514418525, 0.007087231836589363, 0.005421332611369757, 0.00462247557903405, 0.0041291006630030215], [0.018000212267757956, 0.009572435401768456, 0.005854292283563068, 0.0045798778954321915, 0.003913035031082737, 0.0034283914806575544]]
