Ri:[100, 130, 160]
Zi:[50, 100, 200, 300, 400, 500]
fps.ts:[1789.016639995575, 5367.0499199867245, 8945.083199977875, 12523.116479969023, 16101.149759960175, 19679.183039951324, 23257.216319942476, 26835.249599933624, 30413.282879924773, 33991.31615991592, 37569.34943990708, 41147.38271989822, 44725.415999889374, 48303.44927988052, 51881.48255987167, 55459.51583986283, 59037.54911985397, 62615.58239984512, 66193.61567983626, 69771.64895982742, 73349.68223981856, 76927.71551980972, 80505.74879980087, 84083.78207979203, 87661.81535978317]
fps.e0:[10834.452737811676, 10863.052651458935, 10844.847841944878, 10869.74780212726, 10865.761100102018, 10896.308513046406, 10876.664826534692, 10879.312800953121, 10878.280165421602, 10897.51327912283, 10927.772859514787, 10897.773914084153, 10916.408077621552, 10943.297901826232, 10942.207520709062, 10919.529384663996, 10939.477159173523, 10957.236003111964, 10940.197950964688, 10938.952900867225, 10954.021385186583, 10945.360874242555, 10951.59370562861, 10929.2578140215, 10927.935831313003]
fps.e0u:[12.308494319864325, 12.348245334649691, 12.341989989830623, 12.370781751380278, 12.40921233300663, 12.460134902119936, 12.635036365168256, 12.570577285446902, 12.370090926771912, 12.424462474952911, 12.48031582534058, 12.465389341483524, 12.487996375495824, 12.515570552800225, 12.52173050643769, 12.550388536782604, 12.30867899315023, 12.43621887276014, 12.488873943850923, 12.355010297287365, 12.466225639646591, 12.412310669558366, 12.605085364769899, 12.508210567801228, 12.450126124196657]
fps.lt:[8458.726075549122, 7943.213468903136, 8657.369504761848, 8222.454646968088, 8340.703699253509, 8022.00284742293, 8256.702530230836, 8204.905002836318, 8570.03341623959, 8054.738107233196, 7554.082318198263, 8208.821861634666, 7913.641226265887, 7456.121127306618, 7586.050556300387, 7973.615996328248, 7946.998962138534, 7579.245465247614, 7828.120344953761, 7821.051983983099, 7662.398302537999, 7750.220410746776, 7531.241197127069, 8013.587464861289, 8149.509244169173]
fps.ltu:[244.72561549540717, 216.72191867013944, 258.14821422340293, 230.8350362778788, 240.68156379549418, 221.86844829322473, 237.51592412843647, 234.38748595910351, 252.12500929505399, 222.57929833752127, 197.27397968611933, 232.3449777668697, 215.59812776090175, 192.6511164086333, 199.3864947695168, 220.04878347012246, 213.3578717759358, 196.29851120522702, 209.86887123226097, 208.3892678433972, 201.44756123708996, 205.8211674987372, 196.41901458232311, 222.13340284631482, 228.05802266571862]
fps.c2:[1.9907115661607253, 1.7446566236794288, 1.1801427888340805, 2.4078089954149893, 2.531945083390181, 1.6610479346206048, 1.7846769348564466, 1.421566019520778, 0.965633590101201, 1.862420102487995, 1.4276861373725898, 0.9999185937418553, 2.5410508873134763, 0.4932266934814246, 1.8381472224040627, 1.7180657898052227, 1.9880265758269358, 0.9908612282328131, 1.5592658269998683, 0.988010479996232, 1.3034014826259506, 2.001606135306099, 1.1306082438797929, 1.3319820596608045, 1.4022744623347927]
FC:[[3.8662053837147945, 3.860818246372675, 3.8945317877767582, 3.9147041198650543, 3.9481877950649666, 3.98481779968241], [3.88110523895531, 3.9043748789478783, 3.9333510458270027, 3.9640323839123037, 3.999835065956809, 4.037133404103842], [4.007220344542919, 4.025279300480355, 4.057326093209513, 4.09311603206951, 4.131206096784383, 4.169835274599984]]
FCE:[[0.030782552199167694, 0.017413097208877775, 0.01128230041566669, 0.008853276072494568, 0.007511567682133242, 0.006493891655020813], [0.023696954478184252, 0.013460439577409304, 0.00868556315842564, 0.006681357300109374, 0.00568090096860318, 0.005043346827459174], [0.020150267915018623, 0.011101566139828474, 0.007142759093205767, 0.005640822468208189, 0.004697188808104223, 0.004176908858721695]]
