Ri:[50, 100, 150, 200]
Zi:[100, 200, 300, 400, 510]
FC:[[3.9601106555085144, 3.9933547919911057, 4.022239518480831, 4.037846175966763, 4.077628090148102], [3.979126746056492, 4.010805975444056, 4.03873917392335, 4.0579718046777, 4.092952087798484], [4.10667801752448, 4.136907911648933, 4.175420257669503, 4.200365262754876, 4.2349619358441], [4.739928488174734, 4.773534871719883, 4.8351095884139665, 4.8566746622681185, 4.882190948199592]]
FCE:[[0.04322773861153439, 0.029473663256237813, 0.02400988497606822, 0.020751242656165146, 0.01792657171229309], [0.021611282186113058, 0.014804236261485653, 0.012019998714875387, 0.010069294252624296, 0.00891726187295054], [0.014757300179905604, 0.010057437909047597, 0.00792904850502937, 0.006830814137854056, 0.006032867015380847], [0.013626674989883115, 0.009239299060544185, 0.007424440300375014, 0.006393428136847629, 0.005644812735686578]]
fps.ts:[1606149312.6866, 1606152839.4078, 1606156366.129, 1606159892.8502, 1606163419.5714, 1606166946.2926, 1606170473.0138001, 1606173999.7350001, 1606177526.4562001, 1606181053.1774, 1606184579.8986, 1606188106.6198, 1606191633.341, 1606195160.0622, 1606198686.7834, 1606202213.5046, 1606205740.2258, 1606209266.947, 1606212793.6682, 1606216320.3894002, 1606219847.1106002, 1606223373.8318002, 1606226900.5530002, 1606230427.2742002, 1606233953.9954002]
fps.e0:[9942.832036015789, 9923.893701235067, 9994.450316522883, 9966.769398280796, 9989.781288847958, 9970.35006389199, 9965.321108111968, 9943.257214482572, 9970.281409633599, 9958.732428998794, 9940.879960389699, 9944.307229357231, 9967.839519536401, 9967.550426193071, 9923.188917149642, 9968.777923801354, 9956.441525727996, 9938.644379393358, 9959.867769041022, 9995.864600405926, 9996.980602455676, 9934.547221642779, 9935.12211650198, 9932.259235204772, 9980.93127413524]
fps.e0u:[18.526112705213926, 18.608028857086342, 18.281959607855217, 18.73520359242504, 18.627622095706222, 18.6597138374983, 18.472632736663705, 18.701123843640225, 19.67016180114488, 18.60886054188655, 18.579557491707227, 18.523684398881315, 18.179191439409998, 18.449734116717206, 18.66526226767171, 18.591735274868167, 18.591107346759383, 18.479827220411565, 18.637101849575263, 18.75884823233582, 18.47725507656798, 18.546896009193386, 18.69235546998951, 18.65961842605456, 21.23008848843535]
fps.lt:[17263.498564612848, 20681.408031391034, 14746.806877360077, 16375.983475746598, 13499.942649640205, 14630.375207822943, 16314.321527309352, 18395.39703091554, 15723.966236632185, 16777.474984167395, 17575.659939056703, 17192.325268172965, 16489.90749814155, 16318.545524267916, 19231.441577214224, 16390.636271381107, 15865.05964650402, 18295.544745403782, 16568.758457824948, 15506.295158613239, 13992.41198899851, 18455.82461590254, 18148.349608511846, 17813.0465299546, 15966.346071350219]
fps.ltu:[1663.8139444581411, 2401.1810019873183, 1189.5575115262905, 1518.0804914699183, 1026.2168989568281, 1202.1324099380133, 1477.6765658914053, 1899.4557863754312, 1472.3978526170297, 1582.404897244099, 1717.789020458044, 1648.3210610571844, 1496.4089646862083, 1482.2169215629765, 2075.023480588295, 1503.364179808014, 1414.0774429096916, 1857.4402275070995, 1549.2303175297857, 1345.20715638004, 1099.3040010452721, 1895.3191868479887, 1857.4223827616224, 1797.6878903105091, 1629.425893881707]
fps.c2:[1.2970260698258291, 0.6959371106085486, 1.1881306219001977, 0.411998571642498, 2.2904900695833392, 1.8496831792914934, 1.2129493699344995, 1.218535696694701, 1.2260829559079465, 0.5127670848731827, 1.7753610265320772, 1.169626569896872, 1.1556785988384863, 2.1456370708140615, 0.972715973361791, 1.3712887275959733, 0.7916732754592246, 2.233794706238722, 1.2514747827928334, 2.12580499619516, 1.1328800051554817, 1.913997938693527, 0.7633425803802082, 1.134918850534971, 1.4658809006557392]
