Ri:[100, 130, 160]
Zi:[50, 100, 200, 300, 400, 500]
fps.ts:[1721.0082800006867, 5163.02484000206, 8605.041400003432, 12047.057960004808, 15489.07452000618, 18931.09108000755, 22373.10764000893, 25815.1242000103, 29257.140760011673, 32699.157320013044, 36141.17388001442, 39583.190440015795, 43025.207000017166, 46467.22356001854, 49909.24012001992, 53351.25668002129, 56793.27324002266, 60235.28980002403, 63677.30636002541, 67119.32292002678, 70561.33948002815, 74003.35604002952, 77445.37260003091, 80887.38916003227, 84329.40572003365]
fps.e0:[10794.627560568333, 10830.803340225122, 10789.564771194413, 10806.968147270156, 10816.091778973314, 10804.343011961526, 10798.285879963905, 10814.436319741793, 10784.506654143568, 10821.979428834498, 10830.877390633723, 10812.842414962475, 10799.9196436348, 10807.995359426099, 10790.737955796207, 10796.854913204741, 10809.536671939512, 10784.458896852871, 10804.9323340801, 10805.626454133662, 10831.104388820537, 10811.497250412218, 10809.101811299177, 10824.42472667853, 10789.689425869152]
fps.e0u:[13.100682463783933, 13.12242449822315, 13.182446649540882, 13.171711327101061, 13.20318328995231, 13.216770184222426, 13.2564053816724, 13.122410268678493, 13.216451106094768, 13.10417757869489, 13.123591879625724, 13.190970102525974, 13.144091131911741, 13.281100614512248, 13.241186597057206, 13.272053418402669, 13.318407427795865, 13.29753729158494, 13.23901076512158, 13.15955725688607, 13.259873707064541, 13.406349987068104, 13.21805274277365, 13.409609440478553, 13.11757939626636]
fps.lt:[11945.403149503401, 10417.490604618786, 11717.905895829294, 11011.066515912433, 10861.172593864734, 11471.224078186773, 11406.435496886892, 11003.368819016632, 12202.667296756892, 10732.146969047224, 10612.011004431974, 11160.146950825674, 11373.719002929533, 11260.242403906686, 11547.024888964967, 11164.023565717745, 10908.59439362914, 11885.963049818232, 11439.123958638864, 11347.187508993107, 10426.446116619187, 11420.354241103618, 11349.607326610336, 10937.688022036442, 11819.972143668596]
fps.ltu:[519.7360270676976, 396.94496389877804, 505.07140822756855, 445.2810036117723, 433.0658554499909, 482.7481954488331, 480.03689242012035, 441.5703026819477, 542.2037832431241, 421.0067042593436, 411.9307057627869, 457.702147175442, 472.06884191527, 466.77936419822095, 495.682193889521, 462.51325915205643, 440.82966201202, 524.5517315649026, 480.3953038852258, 472.7434856049889, 399.26776433102964, 484.2513858502045, 469.7002627259258, 442.6889453034024, 511.5610098934176]
fps.c2:[1.5764050077311906, 1.548918078080498, 4.18338189217217, 1.563323050538559, 0.9828101371991818, 1.7943661744279806, 1.5519859909112423, 2.4614539563141156, 1.3521725200130121, 1.2951018800177247, 1.6435441381323672, 1.984653649872576, 1.5778017212122168, 0.9220249844145033, 1.725795855459803, 1.6007404582798088, 1.1025399682149792, 1.3187305047756543, 1.3169580289600107, 0.8109929630730586, 1.6243305486569022, 3.4738256021830316, 1.7738536401898248, 1.9078943604819047, 1.4806753356855737]
FC:[[3.822947501148763, 3.824765283962386, 3.858438308931268, 3.8917765432466274, 3.912274622038662, 3.9418545277347294], [3.8652912391723375, 3.883084470959628, 3.9101373922428304, 3.9414144463916005, 3.9644872701903573, 3.992587096086086], [3.9824530143764405, 3.99291502936364, 4.028085179066563, 4.064806943997518, 4.093269576498046, 4.12266430665946]]
FCE:[[0.03090307828067157, 0.018730465447537797, 0.0120058584529561, 0.009505598696773136, 0.008046730518748161, 0.007108970355225876], [0.02385616914836543, 0.01412960453743852, 0.009313329014835456, 0.007381157699017492, 0.006093914417900025, 0.005388940508933529], [0.01941432599810504, 0.01163461762653095, 0.007673027406379903, 0.006099176408805597, 0.0051854740518426255, 0.004599152514480579]]
