Ri:[100, 130, 160]
Zi:[50, 100, 200, 300, 400, 500]
fps.ts:[1866.0914199972153, 5598.2742599916455, 9330.457099986077, 13062.639939980507, 16794.822779974937, 20527.005619969368, 24259.1884599638, 27991.371299958228, 31723.55413995266, 35455.73697994709, 39187.919819941526, 42920.10265993595, 46652.28549993038, 50384.46833992482, 54116.651179919245, 57848.83401991367, 61581.01685990811, 65313.19969990253, 69045.38253989696, 72777.5653798914, 76509.74821988583, 80241.93105988025, 83974.11389987469, 87706.29673986911, 91438.47957986355]
fps.e0:[10726.379923605691, 10714.247341151973, 10717.63741571099, 10705.799812979038, 10706.443657863036, 10720.502227854544, 10742.9619168657, 10756.709754181069, 10728.107130525634, 10722.136344198165, 10742.14015841386, 10725.709553678751, 10704.644284423412, 10737.587648666005, 10727.849599963618, 10734.879730272134, 10733.573767870648, 10719.433683281686, 10726.28738988303, 10724.097783799694, 10756.901104254957, 10746.227368038279, 10757.493867884397, 10760.010746399192, 10737.41268715778]
fps.e0u:[11.913373610736171, 12.015299157636058, 11.914232238532323, 11.93029492565968, 12.049637811356552, 11.972060110447973, 11.82499462883918, 11.999648422115575, 11.987376750776969, 11.95604543654629, 12.19602231286132, 12.117759534143815, 12.183713386473919, 12.08572790303755, 12.183998111893, 12.111925277297436, 12.08996698084587, 12.098671540797607, 12.070087559361545, 12.238912600060745, 12.049951871284502, 12.143004556167739, 12.014070091326136, 12.1042371025071, 12.053464807767886]
fps.lt:[5925.336151109185, 6019.565509566706, 6017.801883024011, 6111.708835538912, 6209.683595405163, 5956.444877559493, 5851.96894031598, 5796.068603157649, 6061.64451651513, 6146.059037911771, 5930.675573369062, 6032.15613977999, 6166.922778825586, 5907.612893887721, 6012.539691996382, 5928.322482638824, 5937.400092190475, 6189.531575491082, 6148.831113665386, 6032.2684574611285, 5851.698093833257, 5962.7772268302, 5893.041302048003, 5824.748465919548, 6093.100459533056]
fps.ltu:[114.79222519543957, 119.881285814427, 118.40989207360121, 123.1358936397805, 126.97367499200816, 117.35377042435363, 111.5814204385592, 111.01326748397173, 120.95513079906421, 123.42258336122802, 117.47911918239537, 121.11165499031357, 128.10302895846286, 116.3579472619022, 120.9014298614986, 117.08057984043361, 117.74597202036853, 127.25830236517766, 125.6121480840983, 121.84337353338722, 113.61294044731198, 118.18120100349206, 114.63610236340635, 112.35168973950768, 123.88208602588391]
fps.c2:[1.9578875302403387, 2.0111192058403824, 3.1374480572327217, 1.166374262538467, 2.776257634961489, 2.9699308603289465, 1.8120808394398513, 2.6936298768723237, 3.753491506905209, 1.589807768042186, 2.4758480937964276, 3.1099322660825726, 1.6053487726377254, 4.363841892356431, 1.6478003529126748, 2.7169788120352183, 3.107943182976721, 1.1905116148615795, 1.8932467633120902, 1.0649743121763569, 2.8756304900920897, 2.5687248550790143, 2.174756088620543, 2.467605753058151, 1.5208355613139128]
FC:[[3.7894824857230636, 3.8232176429067324, 3.844390241417245, 3.8919978494145373, 3.950080825513497, 4.008567133303221], [3.8624106385512014, 3.8664059541546867, 3.892931080319772, 3.942603473948249, 3.9973518610126546, 4.057235094295442], [3.9615309251002584, 3.995633147345897, 4.032342768893105, 4.082250471706994, 4.135390154612692, 4.19162821464829]]
FCE:[[0.034100689481339264, 0.017814325033276096, 0.010869518376562963, 0.008418128750500794, 0.007108020106502563, 0.006269243191969913], [0.02715835215542689, 0.013853690132727307, 0.008391149283068252, 0.006504071317734781, 0.005491962258946191, 0.004744953647046888], [0.022880156847612652, 0.011758473468147856, 0.007089737655602227, 0.005376066370915767, 0.00454518721375616, 0.00392946514442967]]
