Ri:[50, 100, 150, 200]
Zi:[100, 200, 300, 400, 510]
FC:[[4.103198886455018, 4.069139287924662, 4.066041055090387, 4.058043131388236, 4.0686297939533285], [4.048690561862174, 4.048662648987849, 4.078376856375564, 4.093325480821309, 4.112348219473864], [4.162597950074713, 4.182517111831857, 4.204620000292746, 4.231423935178271, 4.262480732986921], [4.784056265930605, 4.830540871129726, 4.866419821392273, 4.8960911149326956, 4.916496486247198]]
FCE:[[0.04087220754156376, 0.026958752747335196, 0.021513714246737838, 0.018371579650422108, 0.016199175573096514], [0.01998132576891424, 0.013372415609332378, 0.010834514327236507, 0.009325191821874733, 0.008217408410153554], [0.013880394043734739, 0.009097713612672625, 0.00732329644323776, 0.006314170658522708, 0.005585579987474724], [0.012468702944856188, 0.008480610960060204, 0.006869086500289415, 0.005927770322104241, 0.005237536224401259]]
fps.ts:[1604411811.95748, 1604415336.6964402, 1604418861.4354, 1604422386.1743603, 1604425910.91332, 1604429435.6522803, 1604432960.3912401, 1604436485.1302, 1604440009.8691602, 1604443534.60812, 1604447059.3470802, 1604450584.08604, 1604454108.8250003, 1604457633.56396, 1604461158.3029203, 1604464683.0418801, 1604468207.7808404, 1604471732.5198002, 1604475257.2587602, 1604478781.9977202, 1604482306.73668, 1604485831.4756403, 1604489356.2146, 1604492880.9535604, 1604496405.6925201]
fps.e0:[9991.63753996305, 10010.43786845189, 10006.660612568898, 9991.985343635639, 9998.019712933896, 9967.429394178018, 9997.116533893375, 9991.151889880519, 9999.469873748449, 9963.936363277811, 10009.84419527826, 10005.185862248578, 9981.784650470569, 9949.885225991698, 10006.037458720548, 9978.971315138804, 10003.83791856371, 9995.630033253132, 9990.318946614216, 10015.62881574251, 10004.436039988139, 9982.09393507469, 9992.06644005347, 10015.17996675985, 9979.718748739419]
fps.e0u:[17.102084520762176, 17.237464022243888, 17.136249852241022, 17.197042887117096, 17.211466657806817, 17.173249343589937, 17.13661674814058, 17.32651769947899, 17.034430434075023, 17.196073356748848, 17.271911705478857, 17.394469710590116, 17.496692948745185, 17.25039621210186, 16.9726999501912, 17.208777710678934, 17.22736002990409, 17.34138322127715, 17.19580997648887, 17.190755078193945, 17.26132167706692, 17.300276448852458, 17.299346540651356, 17.302681103379584, 17.492874643182294]
fps.lt:[14271.600060739622, 15113.19930645521, 14860.942647624852, 15816.74059690487, 14638.20738940799, 16906.16506222852, 15274.38650927422, 15358.82333135384, 14920.951933521506, 17734.69097891588, 13878.290671552502, 14886.33305219469, 16167.488340072883, 17007.832330847807, 14521.06180291795, 17335.404113656812, 14730.210402069257, 16744.024946025962, 15536.398929908448, 14122.476096291746, 15624.276314578963, 16734.423142194206, 16507.394394009843, 14844.32805316528, 16606.580634296293]
fps.ltu:[1051.5856671155223, 1184.2607425882006, 1132.098736369312, 1291.7785076011767, 1112.1079134552076, 1491.8218391305727, 1204.2956472172552, 1228.688689905033, 1143.1727038609854, 1626.6804004228916, 999.9390295987998, 1152.5365892375323, 1368.6323956175818, 1498.6798785632584, 1082.6604614872297, 1548.0129227040647, 1125.47499217077, 1452.519088611957, 1250.1306230638666, 1023.2008157073211, 1261.4111587144666, 1444.279204831116, 1411.055512449294, 1144.6339498878724, 1445.8757642619428]
fps.c2:[0.8488130035720108, 1.8443220974014802, 1.8381485528085242, 1.0737518167772424, 1.5120993588077647, 1.3313815067633146, 2.2220205566066777, 1.8353678552553752, 1.8769867111273748, 2.1806767925301047, 2.2070985936663208, 0.9451568022823451, 0.9203164423938723, 1.298709738574126, 1.8994601918122476, 1.237590562465041, 1.4229387338886377, 2.021874652000971, 1.5946061506199476, 1.2696246954237247, 2.34334821310926, 2.2278530300663535, 1.3291871901236212, 0.6022616143811478, 0.9149550379045248]
