Ri:[50, 100, 150, 200]
Zi:[100, 200, 300, 400, 510]
FC:[[4.062927959855899, 4.071276553343485, 4.052125619600975, 4.055273309821289, 4.069579378158533], [4.01789160661539, 4.0376868501856436, 4.037492817373655, 4.057247987248465, 4.077953249602399], [4.123924072122772, 4.151353970359748, 4.167067885910891, 4.192835985527834, 4.220678984644162], [4.777463381853704, 0.18768367607588754, 4.842193620373662, 4.866910499018982, 4.880163671430606]]
FCE:[[0.03431660345404004, 0.023054427365348712, 0.018496942121938423, 0.015919766071333063, 0.014024282414627318], [0.016761432818466634, 0.011424259253545808, 0.00919112405610346, 0.007932387291409911, 0.007017490776174508], [0.011743431405433616, 0.007985977411724778, 0.006436571436560452, 0.005560488164215457, 0.004930075534154838], [0.010714137028820618, 62417.26026125331, 0.005901232572889936, 0.005087227054306206, 0.004492401877251743]]
fps.ts:[1613478654.6024, 1613482085.4352002, 1613485516.2680001, 1613488947.1008, 1613492377.9336002, 1613495808.7664, 1613499239.5992002, 1613502670.4320002, 1613506101.2648, 1613509532.0976002, 1613512962.9304001, 1613516393.7632003, 1613519824.5960002, 1613523255.4288, 1613526686.2616003, 1613530117.0944002, 1613533547.9272003, 1613536978.7600002, 1613540409.5928001, 1613543840.4256003, 1613547271.2584002, 1613550702.0912004, 1613554132.9240003, 1613557563.7568002, 1613560994.5896003]
fps.e0:[10736.653445356149, 10735.553042344507, 10733.50855642475, 10718.205209188982, 10722.693808329654, 10715.744066749587, 10737.013063276727, 10729.220337515539, 10727.888769746656, 10728.467654541959, 10732.169039118638, 10745.677274828242, 10730.597858635305, 10734.265198078636, 10723.32510843477, 10763.663013551279, 10755.456566612016, 10717.347032382513, 10738.00602470535, 10728.253727935877, 10719.833093622696, 10757.703369297087, 10761.327344432044, 10715.520352859488, 10706.940348149634]
fps.e0u:[15.602096211145703, 15.629153961869381, 15.670632220760693, 15.775700912891654, 15.81953064078256, 15.707816415588955, 15.657256782016004, 15.642138362949355, 15.891984097903036, 15.701560227057938, 15.737878438800436, 15.90196158815382, 15.763733162901982, 15.654592070003336, 15.77480371338639, 16.00463152027968, 15.840306901039893, 15.96225690974223, 15.68768735565928, 15.768472884209368, 15.817394837062762, 15.898417789203402, 15.7251072792813, 15.79580972887499, 15.887595951941753]
fps.lt:[18352.27967777477, 17708.689889560996, 18492.532969098786, 20342.8521820835, 19175.904938131942, 19395.12377649984, 17632.64801973136, 19233.003854442955, 17767.97028554808, 18075.76681293909, 19264.348581697912, 17898.416618167874, 19118.671040107667, 17149.69999788324, 19469.914678000696, 15602.91500663036, 16389.071207155634, 18477.20498746063, 17367.675612816365, 18769.209662155317, 21262.210075456227, 15945.625774823902, 15285.67549715782, 20825.719852208444, 21255.417207892933]
fps.ltu:[1479.827708434782, 1364.3083200459985, 1504.561802065949, 1837.1273410006113, 1638.1958069382094, 1653.36518510366, 1370.500050814804, 1627.0534048690495, 1406.6066057143066, 1453.0913294427476, 1634.9051283617964, 1433.1026263087335, 1617.7773694787065, 1297.9103313390203, 1686.5567042579698, 1093.5564939362687, 1201.6098993394173, 1525.204695750281, 1332.091533169821, 1551.4315333021102, 1995.7667922165685, 1131.8495687472443, 1031.668583324371, 1918.1608459723457, 2019.5698740849475]
fps.c2:[2.300305145802557, 2.000895259884747, 1.8025925424815255, 0.885654985679081, 2.0821271437343287, 1.969715193233768, 2.0856757334068403, 2.4791279260596277, 0.8245979729859452, 0.9876486008596691, 1.3738901777597285, 0.4930199148949923, 1.8649470745832712, 2.2945249299457573, 1.487001699075366, 1.8803723617452148, 1.066282049368645, 0.9935207446945774, 1.7652202945514242, 0.635383197193029, 1.7982291757575126, 1.1513171143439802, 1.082636534251753, 0.9990852136515364, 0.4922425833443225]
