Ri:[50, 100, 150, 200]
Zi:[100, 200, 300, 400, 510]
FC:[[4.030472153594661, 4.080193162663804, 4.055600238076145, 4.0696647248997975, 4.087000994569017], [4.029370315299878, 4.061719381170805, 4.0698672177195006, 4.089084654395232, 4.106719419620654], [0.11065678209563581, 4.179698168957749, 4.196752449877258, 4.2273971916483895, 4.2514934945320775], [4.780902569063826, 4.826906787719795, 4.8522743256820835, 4.8947915924638, 4.900474243591746]]
FCE:[[0.043686313622441804, 0.030265174053925474, 0.024191821233239794, 0.020762886090841894, 0.018318936383289162], [0.021816335420006258, 0.01486558602847476, 0.011974555466138915, 0.010317623272673123, 0.009103099827569891], [44740.42866303241, 0.01031746958641768, 0.008311411688857162, 0.007003580064075438, 0.006189977727644954], [0.013787756256612018, 0.00939745133809693, 0.007593872349208537, 0.006514358922750631, 0.005804846163678021]]
fps.ts:[1617533790.43378, 1617537229.60934, 1617540668.7849, 1617544107.96046, 1617547547.13602, 1617550986.31158, 1617554425.4871402, 1617557864.6627002, 1617561303.8382602, 1617564743.0138202, 1617568182.1893802, 1617571621.3649402, 1617575060.5405002, 1617578499.7160602, 1617581938.8916202, 1617585378.0671802, 1617588817.2427402, 1617592256.4183002, 1617595695.5938601, 1617599134.7694204, 1617602573.9449804, 1617606013.1205404, 1617609452.2961004, 1617612891.4716604, 1617616330.6472204]
fps.e0:[10676.098869588839, 10685.228694112628, 10676.569820834684, 10671.83272607712, 10679.998274521633, 10684.524330339113, 10699.739572296727, 10674.034853770978, 10718.851748703988, 10676.018932296916, 10670.660643197836, 10667.143609783574, 10658.971670195655, 10691.02074687767, 10673.541706678716, 10704.019106430012, 10645.857111336009, 10691.875190445631, 10674.222552671481, 10693.471244530054, 10677.937698384174, 10681.475140222848, 10679.720737335148, 10691.11161304155, 10676.594847491]
fps.e0u:[19.893584623256054, 19.65796385925295, 20.086247618849974, 20.068772410233233, 20.15319531063883, 19.863510600870274, 20.19941341804854, 20.25204283891484, 20.003217426261408, 19.790295750394993, 20.336709575761997, 20.26996749873281, 20.16252151827205, 20.228334869770652, 20.10550576376847, 19.99059263309281, 19.931170676040306, 20.297199008709814, 20.062915641055742, 20.19647223169238, 19.860207106049305, 20.121270989597097, 20.393106546505287, 19.873739544949334, 20.46372213387494]
fps.lt:[19335.442112994562, 19166.980500380276, 19108.513470100217, 18586.690488564214, 20707.673424286317, 19138.04416021003, 16751.828597989228, 20390.06347024664, 16163.485289087754, 19088.51573556255, 19376.493899055953, 18963.003667380493, 21669.584429316143, 18056.40118956493, 17664.61427157686, 16613.901714010775, 21352.015977252315, 17092.600983295615, 18587.869083515685, 18220.426828393916, 18168.864311939287, 19979.817164626245, 18590.278288132005, 18610.686669703082, 17597.044635714978]
fps.ltu:[2094.4185818863302, 2058.4291824072857, 2062.8832566924634, 1953.3282409482986, 2427.8398507875713, 2052.2252660267513, 1595.4961019793793, 2383.883197610718, 1480.7709099310202, 2045.9247468477602, 2160.679004068761, 2050.1877593600457, 2670.1815669634084, 1872.5332684221144, 1774.732592319554, 1562.1359570642103, 2570.6097146254697, 1673.0136202330152, 1973.8620937982141, 1872.4963699184495, 1855.9540014837082, 2251.1687514803098, 2002.026927366929, 1943.8827822078965, 1780.811610452957]
fps.c2:[1.9751780054166561, 1.2153792446817722, 1.3191601150823102, 0.849724061677269, 0.9003790397650688, 1.1646604825192144, 0.95639204227286, 0.8976926303815206, 0.7520278368828526, 1.392693268850992, 0.9002480031916373, 1.266144165918176, 1.3683213395086573, 1.1289025209935262, 1.402205322165276, 0.5370320892108067, 1.6867750644165407, 1.2660718008120866, 1.060381665391172, 0.6959917916294638, 1.4463081546965073, 1.4090147685474386, 1.3386805351544682, 1.371856234892912, 1.0732156800434605]
