Ri:[100, 130, 160]
Zi:[50, 100, 200, 300, 400, 500]
fps.ts:[1692.6468799972533, 5077.94063999176, 8463.234399986266, 11848.528159980773, 15233.821919975278, 18619.115679969786, 22004.409439964293, 25389.7031999588, 28774.996959953307, 32160.290719947814, 35545.58447994232, 38930.87823993682, 42316.171999931335, 45701.465759925835, 49086.75951992035, 52472.05327991485, 55857.347039909364, 59242.640799903864, 62627.93455989838, 66013.22831989288, 69398.52207988739, 72783.81583988189, 76169.10959987639, 79554.4033598709, 82939.69711986542]
fps.e0:[10674.983827930182, 10670.73687328844, 10693.526373368912, 10695.408950144523, 10690.666073067292, 10691.983182614465, 10709.949756730493, 10681.629052673881, 10712.519997589854, 10690.217076642708, 10695.436067938617, 10694.548878568798, 10683.356324552497, 10704.32599832193, 10713.481419109525, 10690.768159071264, 10694.413493585686, 10680.830286396991, 10726.1037397182, 10684.055995603283, 10689.422593993799, 10680.466130475113, 10687.569005266298, 10684.855253635595, 10703.458060441648]
fps.e0u:[11.04958589178289, 11.091502750486269, 11.036256445724836, 11.078141470822693, 11.024702794161016, 11.151889714693011, 11.081426421000918, 11.094226274543821, 11.19580149932372, 11.195787560486346, 11.178892500969953, 11.195521761998846, 11.300791848629276, 11.228016114063651, 11.15764129825981, 11.204877075603656, 11.09190558904864, 11.275438882344137, 11.10855365257116, 11.237254350699123, 11.313448947559822, 11.257740828315821, 11.290972151245205, 11.398731251503662, 11.328418206543791]
fps.lt:[5381.417583871902, 5477.848889441735, 5333.511259594623, 5311.433230174289, 5295.093702879606, 5330.1453003597, 5213.470937851987, 5460.718287924467, 5157.747728793114, 5386.746557303213, 5430.374690486893, 5444.140841798102, 5512.081228461743, 5279.9993030194155, 5268.9307598753285, 5321.408994304128, 5367.690428468883, 5505.020796640531, 5183.854203611539, 5530.928488752489, 5487.124871878358, 5537.899141100675, 5434.977913254798, 5489.23127873309, 5408.778953321498]
fps.ltu:[90.87206730312975, 93.94826484889603, 89.59723919690734, 88.43043621502888, 87.57696243833391, 89.61309130822254, 85.13696609208881, 93.86802656065285, 84.42107108334207, 92.2441087686481, 93.6363988370965, 94.48809099528833, 96.97811796624009, 88.79234365698612, 88.08669742122673, 90.76447397754136, 91.71008011192194, 97.00773768229917, 84.99087029424992, 98.14787359804495, 96.6500860810891, 98.72010539791543, 95.18200190350065, 97.87799245471547, 94.70897739662506]
fps.c2:[1.2582402110813489, 3.898396900085553, 2.10735182420272, 2.2167711631600455, 3.2546301496260637, 2.3632340138929213, 1.980399192534815, 0.7269033163147163, 2.7933639413367994, 1.8417798840541293, 3.1463875422316647, 2.178081547104809, 1.6946037986011717, 1.6661898209033301, 2.741502260876124, 1.3106044044433078, 1.810352440599207, 1.9704951336069256, 2.3276956244025566, 2.8268159047503554, 2.838910660325563, 2.6018002951355252, 0.8638339096554757, 3.5425124113938744, 3.179392182241479]
FC:[[3.808548776542915, 3.801415421186694, 3.840700761611247, 3.8976692344089625, 3.9578710588590416, 4.010018987390747], [3.843474490603319, 3.8537625373071114, 3.895347891066446, 3.941441420051498, 4.001499677382355, 4.055645447847784], [3.9715348757512086, 3.9816434875328013, 4.025535553222689, 4.073441857743681, 4.133983681593148, 4.189986098547393]]
FCE:[[0.03217050593659705, 0.016071060045965126, 0.009809810380362279, 0.0077260675891988, 0.006637120535729214, 0.005959297865459378], [0.025394909410824996, 0.012528769104476587, 0.0076016437327091554, 0.005973173361198178, 0.005142326516949569, 0.004629962923277277], [0.022008347726587697, 0.010665597304157929, 0.006464302378611431, 0.005086187319309823, 0.004275722759042917, 0.0037617048154728627]]
