Ri:[100, 130, 160]
Zi:[50, 100, 200, 300, 400, 500]
fps.ts:[1453.7240799999238, 4361.172239999772, 7268.62039999962, 10176.068559999467, 13083.516719999314, 15990.964879999163, 18898.41303999901, 21805.861199998857, 24713.309359998704, 27620.75751999855, 30528.2056799984, 33435.653839998246, 36343.10199999809, 39250.55015999795, 42157.99831999779, 45065.44647999764, 47972.89463999748, 50880.342799997336, 53787.790959997175, 56695.23911999703, 59602.68727999687, 62510.135439996724, 65417.583599996564, 68325.03175999642, 71232.47991999626]
fps.e0:[10813.21815934298, 10791.769631660702, 10847.819578131399, 10751.412546401098, 10801.713340354361, 10812.747798727713, 10767.664257228575, 10829.30128713366, 10804.064589518082, 10806.847212521707, 10730.733147658566, 10830.44334075286, 10810.620248108575, 10829.588193270829, 10809.772277283933, 10819.015546339986, 10796.425916774931, 10809.14272538618, 10826.569936658474, 10786.87851568304, 10794.243479265055, 10805.19544438263, 10777.974336578674, 10783.316111966467, 10792.183609541864]
fps.e0u:[26.653775108941296, 28.733009773324973, 25.588898448377243, 25.997672346548967, 23.51228300377445, 25.102834577240653, 25.250921192453628, 29.958051485653137, 30.001050345943295, 33.14336240322863, 31.449027788598205, 31.976482945633514, 29.475309488711716, 33.43439707789453, 34.69662826484253, 27.0959628115358, 26.380652149055617, 28.221005830379177, 24.76809242839229, 27.112388123398304, 30.219994574060507, 31.152018687745073, 32.16301794927538, 33.4942839957966, 32.05144228233993]
fps.lt:[6791.5372806843625, 6876.2466837387165, 6378.247177678363, 7191.815364356687, 6717.496225001724, 6607.92493981902, 7188.060037605244, 6672.975880055159, 6863.679134744287, 6931.739419630838, 8075.856927668114, 6459.741028637751, 6683.2135273574695, 6436.876444265182, 6515.901560599704, 6563.314319282775, 6557.407849813252, 6530.888825436484, 6519.09759734139, 7126.819767353338, 7014.215821937373, 6730.072899481404, 6840.920176156701, 7147.406714827104, 7091.577720210657]
fps.ltu:[339.33853260968186, 378.9745781483348, 289.063538570003, 372.1327835583867, 293.3284792531149, 297.706937182645, 357.79145915261756, 370.9342918303008, 385.6340332140476, 450.61044027332036, 564.8892813135354, 365.45237337846095, 363.8047281668985, 389.43151337150135, 405.65325316142884, 320.92368876890947, 311.63362160990266, 333.7898770987784, 289.90673604406436, 381.6791015626206, 409.78119734905226, 394.17101964646264, 412.1184038932646, 469.9194001747196, 437.95567689147424]
fps.c2:[1.8507318572578129, 1.4008285762217259, 1.4915145899636004, 1.1909366632067235, 1.1640706457958312, 0.7802688409146457, 1.200597558561066, 1.2723869484137897, 1.4293011387454813, 0.9351167511542033, 1.352724043500461, 1.1154662706342608, 0.6367390477215942, 1.2664257947454831, 1.7864216539212034, 1.7832039385915373, 0.8045059987796428, 0.7301874946200168, 1.4038870078099208, 0.6215990826380534, 1.9953074371267452, 0.5757225875685764, 2.1110643031497314, 0.2958884917207925, 0.6286207335918671]
FC:[[4.191057286451699, 4.359576822860796, 4.4074346419341905, 4.50185520624187, 4.5719522422688765, 4.579078254232254], [4.691854308331892, 4.7078453923758925, 4.689852216041909, 4.751598674991695, 4.821328265316936, 4.845888019195537], [4.999480974293908, 4.931481500136695, 4.9580385697477665, 5.050434134601111, 5.144953476347918, 5.207461194283936]]
FCE:[[0.10087054168632859, 0.05775186223764219, 0.036674724164355695, 0.028571905205726663, 0.0240070901280962, 0.02077145693611893], [0.08830012009687828, 0.04760858432495826, 0.02888886748748962, 0.02231206793206064, 0.018772006948949267, 0.0163999914282843], [0.07430494160462527, 0.03956193458004145, 0.024278324921236, 0.018959184749033412, 0.0160822485386719, 0.014263938019894305]]
