Ri:[100, 130, 160]
Zi:[50, 100, 200, 300, 400, 500]
fps.ts:[1750.898320002556, 5252.694960007668, 8754.49160001278, 12256.288240017891, 15758.084880023003, 19259.881520028117, 22761.678160033225, 26263.47480003834, 29765.27144004345, 33267.068080048564, 36768.86472005368, 40270.66136005879, 43772.458000063896, 47274.254640069004, 50776.05128007413, 54277.847920079235, 57779.64456008434, 61281.44120008945, 64783.237840094574, 68285.03448009968, 71786.83112010479, 75288.6277601099, 78790.42440011502, 82292.22104012013, 85794.01768012524]
fps.e0:[10913.89974547505, 10889.931710541608, 10891.565238599027, 10860.683979135665, 10888.418416050967, 10889.322709308553, 10886.167038656242, 10907.72904768372, 10908.630027770572, 10883.879422674881, 10892.81989019768, 10892.455008827004, 10926.364231298649, 10892.475843474569, 10906.81705253007, 10912.559769313855, 10906.693515335453, 10925.40045218685, 10910.827999450014, 10898.681609388777, 10887.743209301207, 10915.881103393176, 10898.223331448913, 10900.91422588153, 10884.449731380375]
fps.e0u:[13.240524960384395, 13.191515556689408, 13.220835888920895, 13.34629493909995, 13.097532069241309, 13.360910542239013, 13.331089278321002, 13.288438954120519, 13.416428809077841, 13.230528705446746, 13.346826696985728, 13.473292228350529, 13.214004416720396, 13.258921852910971, 13.341411931603917, 13.1823256245404, 13.31647024613376, 13.299911173776563, 13.112840122503126, 13.222484895971629, 13.08438322299786, 13.254751080224338, 13.26291006062712, 13.127305404615262, 13.673689539395843]
fps.lt:[6172.1680370222775, 6478.429224301529, 6527.137158256368, 6744.125965937757, 6329.930591188747, 6349.170601286751, 6445.9052289120455, 6290.521819876992, 6190.222736662766, 6443.369311385382, 6361.309123188355, 6245.355547591473, 5983.537303419731, 6316.562139989019, 6264.85247165426, 6213.733428611609, 6443.076693803755, 6170.344331595012, 6370.2964906964, 6505.551917931339, 6617.033878232801, 6185.951732130844, 6416.073662219569, 6295.602600474183, 6559.327189664475]
fps.ltu:[136.40699895637545, 150.81688806272123, 154.0077296081616, 165.11404532166458, 143.40516653062429, 146.59127929246696, 150.82894281064674, 143.21046017696784, 140.14710450432912, 150.21372975937447, 147.20298597046005, 142.97993192174363, 129.4706686175271, 144.24196817348263, 142.38836453504348, 138.11365565143552, 149.85909330798907, 137.19073537857608, 145.28399421488066, 152.31501779453012, 156.68423829122005, 138.81353430471003, 148.5355961247178, 142.4866958906778, 159.44723196271696]
fps.c2:[1.2579453174825852, 1.412409059503479, 1.6569771706827323, 1.5691032955808342, 1.3838036584924382, 1.7565645702427295, 1.9735125864956076, 2.0178694237369665, 1.5486573038251956, 2.2711295553764868, 1.1386481880482113, 3.404055005215456, 1.502899826764414, 1.5965874350528844, 0.6577042971916593, 1.3653523204114077, 1.4616190953950314, 1.5753883897051384, 1.6842901110451824, 1.0345806124722392, 1.1373445468763195, 1.4689735095325491, 1.6810160384977886, 1.5084038321828173, 1.5469478763788596]
FC:[[3.811104247482925, 3.8119844432103607, 3.8489030227482837, 3.8839304530649397, 3.9293567583628075, 3.9722407574757335], [3.8667345219109626, 3.845905046576841, 3.8866573717593003, 3.926048602858282, 3.972020713545081, 4.0159918435953195], [3.9697733833271345, 3.9718543034941107, 4.008343871642921, 4.056753509630244, 4.103414529828163, 4.147243794683288]]
FCE:[[0.0364436996947036, 0.01906633934073207, 0.011696649441581067, 0.009028692812945495, 0.007610567185213246, 0.006726974351683332], [0.02913368746991203, 0.01480804050782638, 0.009043154097335906, 0.0070009172134178526, 0.0059171194527393965, 0.005236824563336117], [0.02432510108791166, 0.01268996323166468, 0.007676997588133111, 0.005822026817049457, 0.004807853741270118, 0.004255920640945197]]
