Ri:[100, 130, 160]
Zi:[50, 100, 200, 300, 400, 500]
fps.ts:[1753.5396399974823, 5260.6189199924465, 8767.698199987411, 12274.777479982375, 15781.856759977341, 19288.936039972305, 22796.01531996727, 26303.094599962234, 29810.173879957198, 33317.25315995216, 36824.33243994713, 40331.41171994209, 43838.49099993706, 47345.57027993202, 50852.649559926984, 54359.728839921954, 57866.80811991691, 61373.88739991188, 64880.966679906836, 68388.0459599018, 71895.12523989676, 75402.20451989173, 78909.2837998867, 82416.36307988167, 85923.44235987663]
fps.e0:[10578.58847507544, 10577.906366447636, 10570.606820467005, 10577.155245889959, 10582.611494674786, 10584.763154802225, 10577.810757272338, 10590.349764892202, 10586.003428526423, 10577.88575862983, 10579.608908820528, 10585.623656822183, 10583.62508296214, 10614.428144390133, 10550.206517493923, 10521.015041065915, 10523.208369863924, 10496.023154262157, 10526.841759157343, 10529.983227462135, 10522.127058700595, 10557.300615162214, 10560.51979413443, 10573.719791087751, 10563.546607543367]
fps.e0u:[10.664118983984297, 10.663574475508582, 10.757334998117537, 10.594698059156963, 10.668293680000902, 10.596737444407808, 10.696799647289986, 10.63340747944442, 10.698825326728151, 10.544513807157713, 10.79549717779016, 10.603854547284946, 10.694683433603263, 10.745750084330963, 10.75925374796062, 10.843221272082838, 10.771770838656941, 10.823808080710634, 10.872835437015857, 10.850407038715801, 10.88981491442413, 10.800368840353123, 10.735232876827329, 10.850859085952358, 10.935029093920683]
fps.lt:[3691.328281753512, 3732.5521257153423, 3767.1937339511605, 3757.994991784773, 3713.075578289075, 3738.25050581085, 3720.3403635353825, 3724.875865816409, 3739.8410300852324, 3762.1388346604926, 3774.696097480502, 3763.4798802118403, 3759.1301742462974, 3648.7960006076037, 3824.8646308958505, 3824.3300454170135, 3662.920723167376, 3646.998382963188, 3472.065756827579, 3395.5677365445936, 3412.4936048598815, 3306.968348212145, 3289.7678475781645, 3249.7830789826403, 3276.094057180465]
fps.ltu:[43.158111178448195, 43.97522335352622, 45.320055307307626, 44.37419296892351, 43.64492228879433, 43.988249585487836, 43.96869006079082, 43.84001391779493, 44.304451145426235, 44.330532410016666, 45.43259576874348, 44.34884743148422, 44.80224410478196, 42.255723218304524, 46.62578599806081, 47.291208973787846, 43.20432615203847, 43.298198431276894, 39.32046896925136, 37.51018795998654, 37.44139186609119, 35.289220075859404, 34.48603388714825, 34.04433493279779, 34.75323533761915]
fps.c2:[1.3013544805635164, 1.9336313150620528, 1.9362550674857404, 2.2781384235153883, 1.6866502727370798, 2.4295108223537216, 1.906755031208643, 3.436975171361043, 2.178981670662045, 1.6921913877239283, 1.9967822441270573, 0.9765474640459373, 2.795297435091775, 1.3327669402921696, 1.6910648677266584, 1.7560884152500018, 2.7494080947274417, 3.4759233860854257, 3.2463416207008766, 2.033499814684588, 3.815829865611721, 2.539783653982928, 1.5320316300395764, 2.1966387257619386, 2.8305436990064914]
FC:[[3.8068469611254443, 3.847224633649225, 3.9165079604994806, 4.003084085582852, 4.0913906929396875, 4.185525676633242], [3.858692054081408, 3.9000990929775337, 3.976736154752158, 4.063406111753407, 4.157371774772193, 4.256274216947959], [3.9988461969964058, 4.048286961668783, 4.121110464434145, 4.217971717548149, 4.321317731439692, 4.431296386094104]]
FCE:[[0.02974381240769272, 0.015100135215165214, 0.009118899746071621, 0.007270606653071944, 0.0064290639961709795, 0.005947987746186755], [0.02333946167178821, 0.011452027045616636, 0.0069764132737423264, 0.005694062028649684, 0.005050436471261029, 0.004681131099970467], [0.020261600931866706, 0.009614226296046044, 0.005957063216898944, 0.004880226476761616, 0.00425467840007798, 0.003869941519834546]]
