Ri:[50, 100, 150, 200]
Zi:[100, 200, 300, 400, 510]
FC:[[3.943863747982968, 3.92891002919653, 3.962694872675027, 3.9811831645376126, 4.009339440597815], [3.952022346009659, 3.9737042802214826, 4.014056292212472, 4.035398537270902, 4.062177759698491], [4.093389350955694, 4.116765485650045, 4.1555906895776795, 4.181801870366681, 4.211148874377986], [4.382373850643356, 4.422732464802354, 4.47440684305895, 4.514848203819683, 4.545540740712028]]
FCE:[[0.028233123989800945, 0.018993099676420586, 0.015822448198139133, 0.013749000616265978, 0.012239688451507963], [0.014358166680058586, 0.009827417550591366, 0.007985269369142357, 0.006888569878439642, 0.00612264890164893], [0.010297559734294446, 0.00698272315579384, 0.00565839665710448, 0.004882613851856607, 0.004313945839612026], [0.008812878482576482, 0.00598767627597465, 0.004850517743395406, 0.004196214528386061, 0.0037245508935922194]]
fps.ts:[1612387171.9541602, 1612390518.93648, 1612393865.9188, 1612397212.9011202, 1612400559.88344, 1612403906.8657603, 1612407253.8480802, 1612410600.8304, 1612413947.8127203, 1612417294.7950401, 1612420641.7773602, 1612423988.7596803, 1612427335.742, 1612430682.7243204, 1612434029.7066402, 1612437376.68896, 1612440723.6712804, 1612444070.6536002, 1612447417.6359203, 1612450764.6182404, 1612454111.6005602, 1612457458.5828805, 1612460805.5652003, 1612464152.5475202, 1612467499.5298405]
fps.e0:[10668.778306091199, 10685.910777073646, 10700.86915144071, 10681.690247421377, 10712.505087863708, 10721.937598501814, 10706.028865097946, 10685.897695171467, 10685.211426218219, 10716.665079583736, 10697.444665717001, 10736.333742494455, 10737.241884099843, 10722.607009947473, 10742.576117665956, 10757.32789984781, 10741.709701118347, 10790.317264977313, 10771.985358073229, 10777.462082871016, 10777.429120445267, 10759.570069186604, 10808.583008113044, 10778.041532843858, 10774.098046619614]
fps.e0u:[14.030870901021608, 14.173280257343231, 14.20452489266434, 14.074500500788663, 14.21897747143315, 14.132963248075159, 14.128827120861821, 14.393735010987344, 14.396442451694556, 14.423078627198587, 14.540832237556176, 14.32283117763362, 14.421040701302923, 14.375848375555838, 14.416682071001327, 14.645893753228957, 14.386199291178118, 14.476363430541989, 14.685002463412289, 14.56822452730811, 14.50850203892822, 14.634640532785319, 14.747509181945016, 14.522521697380057, 14.829121438460234]
fps.lt:[18478.193093394442, 16802.245875568493, 16444.490189045002, 17124.319718445513, 15995.245085741108, 16069.668088975608, 17914.595396878594, 20160.655701180713, 19631.346067342085, 17678.358349456423, 19601.697615092053, 17033.74685944306, 17228.611149030094, 18612.69297135972, 16783.952865164858, 16102.830811364393, 17552.722950412015, 14189.548225454382, 15797.750748245931, 15202.95544770575, 15434.83311144476, 17419.434436211566, 14339.360002467494, 17119.303227521188, 16802.723397915677]
fps.ltu:[1357.1747862706775, 1132.884337885375, 1092.1026067375726, 1176.1927306787316, 1036.7688912850385, 1035.775957279964, 1284.0394886131928, 1653.9962550609077, 1568.1061697457174, 1275.720346726479, 1564.1537297971938, 1175.0880287834223, 1200.312626337054, 1405.4676361206423, 1143.5686424873563, 1067.151046061885, 1250.4952213848317, 823.372400201267, 1030.151754201666, 952.2020681101836, 976.255332391517, 1252.151245061899, 850.9548597379063, 1204.1908724650077, 1179.7500241808773]
fps.c2:[0.6428892172013166, 1.0233370086113285, 1.070628863761443, 0.6000846294983772, 1.2776939225916062, 1.4691045564389886, 0.9791699813821542, 1.6105232660511335, 0.8304522691451418, 1.0444917919956067, 1.362525882997031, 3.0222297779148906, 1.4203286863537021, 1.116377332007036, 1.012563598860824, 2.204595335423514, 0.9197931859372445, 1.193452683869579, 0.8737222843385204, 1.089843357503497, 2.02376699435117, 1.718982414820316, 1.320662424734384, 1.2237807361162316, 1.882967569162483]
