Ri:[100, 130, 160]
Zi:[50, 100, 200, 300, 400, 500]
fps.ts:[1331.4987200021744, 3994.4961600065235, 6657.493600010872, 9320.491040015222, 11983.488480019569, 14646.485920023919, 17309.483360028265, 19972.480800032616, 22635.478240036966, 25298.475680041316, 27961.473120045663, 30624.470560050013, 33287.46800005436, 35950.46544005871, 38613.46288006306, 41276.4603200674, 43939.45776007176, 46602.4552000761, 49265.45264008045, 51928.4500800848, 54591.44752008915, 57254.444960093504, 59917.44240009785, 62580.439840102204, 65243.43728010655]
fps.e0:[10915.15984329892, 10919.434819583043, 10899.439728689978, 10922.11050611741, 10920.98326640391, 10949.670858205478, 10916.991600567626, 10933.97657504755, 10928.651822910773, 10895.878635543642, 10919.01990266812, 10920.19438485752, 10912.413887522172, 10900.211864044046, 10930.335276086551, 10913.918736446913, 10929.325156655024, 10918.401432658393, 10933.307587779935, 10935.681517819132, 10925.97783435726, 10942.438203743692, 10978.134393391296, 10906.656398442157, 10893.099409960134]
fps.e0u:[19.93873150722589, 20.222197610117714, 19.987458951777747, 19.8976195857839, 20.004616011002028, 18.910232898259427, 18.947677842263115, 20.08279797293805, 20.26575980693657, 17.670202852639154, 20.099962858593706, 19.719094966951687, 20.405117984766353, 19.797915958977242, 19.497522827848478, 19.785487012988426, 19.337951541179486, 19.774613860650252, 20.174930048152657, 17.991312084238924, 19.45742010563096, 19.917357962472398, 19.844110450818416, 19.77579277121085, 20.01662544723462]
fps.lt:[6975.578377068089, 6800.094483436381, 6811.539998856254, 6558.473611270638, 6629.3973773000835, 6423.4521695149615, 6793.192576943319, 6479.427673880941, 6751.025450621349, 7054.579612552164, 6836.250599604691, 6728.704733275698, 6804.409992407339, 7299.410311231371, 6582.568552255588, 6897.88442957406, 6717.366529614726, 6813.454127970318, 6557.25854470367, 6729.71589602846, 6762.635962660836, 6618.615521097497, 6157.409697866239, 6841.533001437666, 7225.603659594882]
fps.ltu:[264.22460316662915, 254.80093172565122, 254.89461123482207, 234.34716324665143, 240.016446511539, 214.46907134670442, 238.64975279149084, 229.0891261278543, 252.23493864428613, 240.63544909595186, 253.5896770555368, 243.28153856687274, 257.25089415710283, 289.50229481315796, 232.7640510641805, 257.699396793498, 239.22785640322002, 249.96388759317742, 237.2737537409833, 223.25152115512947, 243.71472865109632, 237.66640464139553, 205.76159121206982, 253.10414080290036, 285.64268128449874]
fps.c2:[0.8448190465983814, 1.499104136234096, 1.3733143550483473, 0.5463991537200724, 1.7115006427707526, 1.5850396885733486, 1.3723078067426704, 1.259219011036991, 0.9097548735234331, 1.2858352048185155, 1.7177808712475395, 1.5636792787735998, 1.307224611598046, 2.8427866963555957, 0.9532141100092056, 1.1198132193406267, 1.4038381835027105, 1.8498458068488355, 0.5043044420685451, 1.1964147245097652, 1.2970664793350584, 0.965206202843566, 0.8629241362024226, 0.8190322747076139, 1.3150765269834808]
FC:[[3.944830822043173, 3.887494001941029, 3.9128110622830214, 4.002529816548398, 4.094316433081944, 4.187070303948594], [3.9554949985642383, 3.931470129602614, 3.954836438859915, 4.038454300322248, 4.128770301323548, 4.2260897132566475], [4.036889683840604, 4.052966605262015, 4.099508658773538, 4.172977342795555, 4.2522557896627635, 4.342578482480098]]
FCE:[[0.05255565058189794, 0.027950969914503146, 0.01761795887381049, 0.013988737942769943, 0.011755560094762607, 0.010569190418477243], [0.04090967891376503, 0.021761727115689616, 0.013559270884599411, 0.010775157900874062, 0.009079792102288922, 0.008190189531477115], [0.033581752069848786, 0.018533305901082656, 0.011566269775231874, 0.008926923568625443, 0.007664645303728053, 0.006912657115532292]]
