Ri:[50, 100, 150, 200]
Zi:[100, 200, 300, 400, 510]
FC:[[3.9686916939773242, 3.9272800047672205, 3.9260878014523115, 3.9285376360456365, 3.946625395247198], [3.9306691655339336, 3.920022478995288, 3.936612937971549, 3.9506509964970884, 3.9723972690439178], [4.024363793554711, 4.033700527212358, 4.0530694235491795, 4.070904930097162, 4.099443446595886], [4.645284466879497, 4.698987712535862, 4.719382715161442, 4.729337687322404, 4.742864686521445]]
FCE:[[0.03399667711813529, 0.02364616181602909, 0.019473147976841677, 0.016475955416109397, 0.013531094803179699], [0.017665126345486153, 0.011988749155571203, 0.009363132013177358, 0.007996970340507833, 0.006796514953759373], [0.011425044060414087, 0.00776757534147295, 0.006262892595823731, 0.005368820491507887, 0.004736480130551562], [0.010651787207689289, 0.00723997232521741, 0.005836698063890376, 0.005006766400762094, 0.004407334731822615]]
fps.ts:[1590665864.5964398, 1590669975.94732, 1590674087.2982001, 1590678198.64908, 1590682309.99996, 1590686421.35084, 1590690532.7017202, 1590694644.0526001, 1590698755.40348, 1590702866.7543602, 1590706978.10524, 1590711089.45612, 1590715200.8070002, 1590719312.1578803, 1590723423.5087602, 1590727534.8596401, 1590731646.2105203, 1590735757.5614002, 1590739868.91228, 1590743980.2631602, 1590748091.6140404, 1590752202.9649203, 1590756314.3158002, 1590760425.6666803, 1590764537.0175605]
fps.e0:[10502.064769736686, 10495.664223140066, 10513.440755984288, 10485.02409619337, 10504.081790088885, 10513.608718117142, 10502.165610837443, 10513.976727360247, 10494.540851092383, 10500.551815538609, 10505.188752016133, 10477.034368435992, 10508.011199363516, 10498.707033281713, 10521.416304706116, 10521.918892773967, 10511.48182703745, 10509.55427062226, 10491.448507044917, 10511.738979029416, 10499.039265890047, 10515.66874363418, 10508.571259463964, 10492.727976739332, 10528.37082383812]
fps.e0u:[15.13618465180496, 15.19719595536664, 15.144108670981705, 15.207047359886142, 15.183556791008398, 15.342419419798295, 15.23944172704758, 15.29661285210552, 15.243668146178438, 15.297658740888957, 15.268321221242209, 15.075169126793392, 15.098852550591307, 15.30305371804122, 15.089475284390051, 15.115901510133565, 15.086711523341796, 15.224642879974681, 15.222575051074257, 15.365462794139537, 15.202285015271077, 15.070054354384462, 15.158050231438068, 15.386100026406176, 15.290586445451767]
fps.lt:[24410.02136191424, 22705.789370173366, 22437.767015225334, 26235.355382411184, 23447.835879953425, 20905.031303163003, 25641.32839511962, 22236.082673080215, 24680.332374699414, 20980.51215809945, 23306.702351021948, 30948.821182125514, 23373.824340711108, 22410.893270522876, 21210.18647985384, 21935.228452046144, 20548.23043966068, 22618.566309927213, 25993.598092011292, 20791.166239768452, 24712.87233126948, 23662.17002005444, 21725.56695525165, 23339.668994873384, 20923.236722100744]
fps.ltu:[2549.980687189867, 2219.1253542063278, 2160.54689869991, 2987.3473340465985, 2364.618302888613, 1903.6691623747106, 2846.7618371108388, 2150.0094767686405, 2645.9540390356306, 1914.8844314636206, 2357.6596862673014, 4133.927090590408, 2355.8882803121232, 2197.682456919307, 1935.7005818937844, 2061.084722995676, 1821.135687862308, 2221.1728535891757, 2920.7662487963657, 1892.7177336758787, 2624.1862754975923, 2400.262679590927, 2031.9959882570045, 2390.6122805201, 1886.5996911728157]
fps.c2:[1.1868848301138761, 1.6183824437129497, 1.914796241593836, 4.181345725351507, 1.8014095004680846, 1.9930888507607212, 1.0549763887116161, 1.307946868431281, 1.9302634185479186, 1.8919504350095127, 1.4972975562743875, 1.4045057075742824, 2.1247568633596745, 1.7135091138563099, 2.757913130722438, 1.7692668047395335, 1.6819028631674402, 3.144210686554605, 2.874332728068757, 2.0882680974603574, 1.3513029310953615, 2.2600288714809134, 1.8935468775427882, 1.137157544775847, 1.6105516445144898]
