Ri:[100, 130, 160]
Zi:[50, 100, 200, 300, 400, 500]
fps.ts:[2055.658780002594, 6166.976340007783, 10278.29390001297, 14389.611460018159, 18500.929020023344, 22612.246580028535, 26723.564140033726, 30834.88170003891, 34946.1992600441, 39057.51682004929, 43168.834380054475, 47280.151940059666, 51391.46950006485, 55502.78706007004, 59614.10462007523, 63725.422180080415, 67836.73974008561, 71948.05730009079, 76059.37486009598, 80170.69242010117, 84282.00998010635, 88393.32754011155, 92504.64510011673, 96615.96266012194, 100727.28022012711]
fps.e0:[10940.080273031072, 10930.016742740612, 10922.494951207069, 10914.849963825929, 10923.749333678374, 10949.886928428996, 10932.854721171769, 10937.688731835977, 10906.12341081534, 10937.92921556991, 10912.983875547676, 10891.65641280519, 10940.732053079273, 10926.975365713002, 10939.328568417266, 10944.208088911959, 10924.447616155925, 10930.216053181473, 10895.043595620438, 10934.320499988407, 10916.106743766633, 10935.330077103425, 10939.365226620417, 10927.744558132616, 10943.567379894092]
fps.e0u:[13.5198266137956, 13.644789255628732, 13.574584183538613, 13.617796994647279, 13.419386115716925, 13.422191281791575, 13.677597238969748, 13.468097755318626, 13.603420927243029, 13.450068348537075, 13.682483789701413, 13.624753373104483, 13.372533579407232, 13.583739179945043, 13.512120219085107, 13.479027968160423, 13.461445710275845, 13.539540950882596, 13.667452237393313, 13.64561362564415, 13.505839849172103, 13.462530729235008, 13.562944026367761, 13.667283352608251, 13.639551388489469]
fps.lt:[12581.211875784169, 12132.766542899644, 13044.816213654198, 13583.472281276208, 12948.363111691318, 12044.51348770425, 13138.0583466103, 12831.692042455077, 13770.720794069388, 12064.198963292834, 13754.722041908755, 15089.884479935172, 12903.024372653892, 13018.078659950632, 12762.490939195268, 12470.115116515932, 12843.137076793064, 13030.70427767152, 14908.822299527974, 12427.037903284168, 13634.73082383851, 13278.131039246278, 12330.69588525079, 12883.167876793254, 12224.119771294261]
fps.ltu:[589.0602095127044, 552.8630507545334, 634.0868838476138, 693.0375842598204, 620.9752576397083, 540.7563388284914, 648.3055893840314, 610.7175472162858, 712.7737327123556, 541.3307003459093, 711.1444880482544, 859.1597425438126, 616.8448766176617, 636.9106110166005, 609.1896404188519, 576.1987453294965, 613.4692736031177, 633.3894793842696, 832.3733115016106, 582.1001163777426, 688.9649633463707, 652.9404091996226, 567.4569727525899, 628.7049280530742, 559.8909150307703]
fps.c2:[1.8043668694882924, 1.5936497871535698, 1.4527569527004636, 2.335961788870994, 0.9666605939498889, 1.3790447735878888, 1.0734107210735933, 1.1809376905870363, 1.6086606853082468, 2.6908372338080095, 1.3053818157138946, 1.0317066857836474, 2.1159940531945143, 1.8779859684230902, 2.238294552652125, 1.58450124770003, 2.1066657962755677, 2.713996261930129, 1.1715120958280978, 2.6267651275440564, 1.0040014801391768, 1.4099507058113885, 2.114730054679425, 0.880025991065903, 1.4760702340533884]
FC:[[3.869920316689616, 3.913453923175122, 3.906734812440299, 3.92848056188666, 3.9426886176071543, 3.964893905144835], [3.9096890843001253, 3.9389570275222803, 3.946578574052596, 3.9724241799173132, 3.9915376639196087, 4.0164749261917665], [4.022704267645139, 4.052452774077712, 4.076149784924713, 4.097675059965987, 4.1184183649819355, 4.146788111178653]]
FCE:[[0.02997902437395243, 0.018994192614349984, 0.012427850741397734, 0.009874659348063764, 0.008333146765611187, 0.0073386284782306415], [0.023521283839340164, 0.014633185120762749, 0.009639457312806214, 0.007650101893309957, 0.006319168108075478, 0.005585922236540581], [0.019408885464516124, 0.01205475343597658, 0.00796615583996895, 0.006319257605683327, 0.00537115580088677, 0.004767720279044483]]
