Ri:[100, 130, 160]
Zi:[50, 100, 200, 300, 400, 500]
fps.ts:[1060.351700000763, 3181.055100002289, 5301.758500003814, 7422.461900005341, 9543.165300006867, 11663.868700008392, 13784.572100009918, 15905.275500011445, 18025.97890001297, 20146.682300014498, 22267.385700016024, 24388.089100017547, 26508.792500019073, 28629.4959000206, 30750.199300022126, 32870.90270002365, 34991.60610002518, 37112.309500026706, 39233.01290002823, 41353.71630002976, 43474.419700031285, 45595.12310003281, 47715.82650003434, 49836.529900035865, 51957.233300037384]
fps.e0:[10864.393026206364, 10865.6204790347, 10893.827281327436, 10847.532028998347, 10872.176827077279, 10885.405521787, 10865.250736272303, 10860.5046148307, 10843.61010496417, 10874.276959577252, 10846.431454329759, 10853.306396702661, 10873.506295410429, 10867.769262731805, 10873.124679844314, 10874.477499126555, 10837.646599903019, 10867.866262363354, 10865.504940436158, 10837.022997911527, 10849.1705285869, 10821.446704868358, 10831.485591920908, 10838.345001081123, 10877.147504907514]
fps.e0u:[19.195140349466403, 19.61352671649913, 19.023319074013802, 19.086214368233176, 18.836337762771656, 19.185867613811826, 19.036775934499207, 19.257154915113222, 19.160499445201854, 19.075636261855838, 19.10643843779284, 19.090799705665443, 19.010745915720424, 19.252945939291422, 19.286453309188015, 19.39533234153181, 19.09697460791374, 19.309283468853963, 19.45829350574544, 19.212757494693566, 19.660835739274006, 19.146058253043556, 19.170742364598148, 19.489248578771306, 19.249603945750252]
fps.lt:[5206.630105113897, 5229.712681629838, 5103.381599087468, 5368.284545315015, 5088.626703494952, 5112.999491054274, 5256.875081672158, 5288.67951725012, 5431.942372051055, 5097.404366016224, 5356.8119294510025, 5265.091097820788, 5221.832500463132, 5201.105236430399, 5236.119270157988, 5239.897090950093, 5474.928246065743, 5238.780568899693, 5325.890039837928, 5574.382017438851, 5313.6849858285, 5675.203596796526, 5430.597953468105, 5480.419554500662, 5244.42603387654]
fps.ltu:[143.7976727551733, 146.75972396635245, 135.9982541888302, 151.32882379225484, 134.17834001878768, 138.3641293396304, 144.4950281307813, 147.94741918571108, 155.97954621976783, 136.89535687018738, 151.48031259653183, 147.20990533348396, 141.98127225202933, 143.4391905171386, 145.2688917627227, 144.98056924559648, 157.0379431790895, 145.5588909065772, 151.7080215339018, 163.58072424647239, 152.43495668270785, 169.24041180263586, 155.93594997713387, 160.29079934963795, 145.24650548856854]
fps.c2:[0.5982208345661714, 1.549272657590965, 1.135413052472875, 2.159046630562135, 1.3279859048212848, 1.3713601466051164, 0.9145514291140445, 1.5453613442539331, 1.1748342014910405, 1.4602047730974435, 0.9748755520356133, 1.9318439216763537, 1.6344488301020101, 0.8841724828021869, 1.5746824220717117, 1.8726090512852989, 2.219200605985782, 1.738987271863873, 0.7640146331793063, 1.5492808158024365, 0.8212304836827994, 1.7788180246853156, 0.8158172820970625, 1.6572343453267397, 0.9311343664506049]
FC:[[3.8797657994250394, 3.817822148996193, 3.867516325162324, 3.9361260794481527, 3.987428565523233, 4.040595425380326], [3.856660213872363, 3.8545631708102484, 3.9027436741512527, 3.971675748218027, 4.02517465330157, 4.079640470377902], [3.9086779105298497, 3.9446651758685496, 4.031267612748482, 4.093015874331356, 4.145897677418241, 4.20947828968001]]
FCE:[[0.052228698942810424, 0.026977200149448113, 0.016887657565996327, 0.01323969202889876, 0.011255687514970934, 0.009728431117462084], [0.040320426116607896, 0.02113334691528026, 0.013063861413774755, 0.010266744211540372, 0.008506630160798008, 0.007569021816759767], [0.03417176786436346, 0.017836669723880996, 0.010811818190721235, 0.008480657548310594, 0.007208151679136366, 0.006292278276638546]]
