Ri:[100, 130, 160]
Zi:[50, 100, 200, 300, 400, 500]
fps.ts:[411.4296799993515, 1234.2890399980545, 2057.1483999967577, 2880.00775999546, 3702.8671199941637, 4525.726479992867, 5348.585839991569, 6171.445199990272, 6994.304559988976, 7817.163919987679, 8640.02327998638, 9462.882639985084, 10285.741999983788, 11108.601359982491, 11931.460719981193, 12754.320079979896, 13577.1794399786, 14400.038799977303, 15222.898159976005, 16045.757519974708, 16868.61687997341, 17691.476239972115, 18514.335599970815, 19337.19495996952, 20160.05431996822]
fps.e0:[10804.952521683364, 10769.751519757108, 10750.000559294731, 10792.84198070858, 10783.205473291748, 10803.823556419187, 10842.861959066124, 10746.929733292975, 10838.594930481417, 10761.328250857307, 10711.520431551331, 10775.378885162441, 10767.920080636608, 10768.330791376242, 10823.658300554474, 10686.891707129562, 10723.245210574098, 10725.260289384389, 10754.773417214354, 10786.536083213681, 10791.33545238458, 10870.435909810007, 10760.209012893267, 10767.665863695805, 10847.42893558821]
fps.e0u:[17.75775427186155, 17.929562439155138, 18.472960409772263, 18.307318630585925, 19.245423841171664, 18.51883719645498, 18.744830988641667, 18.24168898244077, 18.19844477128281, 17.665146954771213, 18.898147293439514, 18.55054263449345, 17.991056548167716, 18.094921316170346, 18.631075641387877, 18.104913490014518, 18.3689896634639, 17.740624187791592, 17.864752536811498, 17.952937057966732, 18.250885954256397, 17.413444983618433, 19.05409368408269, 18.269330953488808, 17.934808533191024]
fps.lt:[5885.699140618168, 5937.471126738692, 6038.635114876911, 6040.329485041731, 6129.770420053944, 5532.273472340762, 5364.218571411699, 6057.458146240216, 5400.617118195279, 5959.935615334141, 6501.890327022996, 5873.552799659433, 6094.487720744606, 5835.172971000601, 5364.068209283985, 6542.446661642394, 6489.376334756236, 6525.60704289084, 6060.245733345908, 5967.874556556767, 5841.5434238881435, 5036.680583768227, 6203.892645762296, 5998.102189749238, 5347.293596001606]
fps.ltu:[172.11252089656975, 179.40979902666243, 189.26367325556015, 190.0151764806465, 199.52124580329595, 157.78586723115495, 149.8029660494072, 188.41243009488716, 148.24178273305893, 176.02217838964918, 221.4439628859288, 180.76560006196618, 186.12762165887233, 174.69295741807056, 151.10393199285585, 218.20047827744116, 213.41414365609117, 213.15948232130765, 183.93671047928694, 179.75701384950943, 174.95614680352458, 126.49495144679592, 200.82359251118635, 185.093247978291, 143.71828800526893]
fps.c2:[3.8064423539202057, 4.866356824184016, 2.27222171169082, 2.5883684925247525, 7.000173679268777, 5.996636465498142, 3.441232460123985, 5.849000894602181, 8.438810446994053, 5.072114697108436, 5.507699851768758, 5.413879665812838, 4.822302761573007, 5.779188642476102, 3.545627622411037, 2.642178335943579, 5.211637812602879, 5.112377827119074, 4.27481866427709, 9.712112253842438, 5.040417404453331, 4.222504014739356, 2.4381445305244025, 6.639190695161942, 7.545073195186655]
FC:[[3.8570565589853465, 4.030414311595569, 4.154767683152876, 4.2277225959737175, 4.3006845586635105, 4.358667365450772], [3.883643061147536, 4.083368068256283, 4.171890983608148, 4.254179466207264, 4.326132992892546, 4.397464014071102], [4.006313149510879, 4.2155203973137825, 4.311388739077039, 4.395433570179919, 4.462167577439047, 4.540810704317479]]
FCE:[[0.04764485554625844, 0.027619829982644135, 0.01835924083973074, 0.014267036396354835, 0.011989380660584371, 0.010668707472535547], [0.03699003758105533, 0.02145522659230943, 0.013705003347486274, 0.010743615135209026, 0.009226938778188481, 0.008258302859138252], [0.03159524563713154, 0.018323240529115107, 0.011307890281253851, 0.009017700884211976, 0.007755331540982119, 0.006858052827354608]]
