Ri:[100, 130, 160]
Zi:[50, 100, 200, 300, 400, 500]
fps.ts:[1136.8389200019838, 3410.5167600059513, 5684.194600009919, 7957.872440013886, 10231.550280017855, 12505.22812002182, 14778.90596002579, 17052.583800029755, 19326.261640033725, 21599.93948003769, 23873.61732004166, 26147.295160045625, 28420.973000049595, 30694.65084005356, 32968.32868005753, 35242.00652006149, 37515.68436006547, 39789.36220006943, 42063.0400400734, 44336.71788007737, 46610.39572008133, 48884.0735600853, 51157.75140008927, 53431.42924009323, 55705.1070800972]
fps.e0:[10777.967009488995, 10808.31775143394, 10803.075083340986, 10803.663300499418, 10779.53347634522, 10788.011786474697, 10799.359158648444, 10770.366616777723, 10789.106328973743, 10790.958094722153, 10774.072298738074, 10773.42084531619, 10787.223186067793, 10819.143423019164, 10787.805671763548, 10805.556725701284, 10799.662731620516, 10784.444889228706, 10816.312165239946, 10807.97699324106, 10788.342706126643, 10796.98302347378, 10819.744764206625, 10839.359250397534, 10812.084681083868]
fps.e0u:[14.971311702328554, 15.043242635229891, 15.243036680609164, 15.35957725562404, 15.45378543788989, 15.394246753102934, 15.025794426874025, 15.313718970417165, 14.99765864160499, 15.186425289878628, 15.486085385347497, 15.381982881467748, 15.083030638483562, 15.135681808818099, 14.943585671360882, 15.186694983719478, 15.115365696933228, 15.205570295277692, 15.023941201507839, 14.830012199136512, 15.051546664492792, 15.036874655134357, 14.876233325705774, 14.831946495331781, 15.272770675178664]
fps.lt:[5687.495390861712, 5394.721917360179, 5464.702402183421, 5408.897012288041, 5632.2109238284465, 5619.601555401428, 5572.349564046004, 5781.501666834357, 5675.054494751786, 5654.176688930461, 5787.691853453289, 5690.451594921362, 5629.532008922446, 5382.682542478289, 5632.90227702841, 5449.458785074527, 5602.901101065906, 5656.966682360278, 5412.756443346259, 5499.456784196861, 5637.540085287861, 5526.826025741176, 5497.080925631559, 5647.013811840359, 5784.98036880098]
fps.ltu:[134.1748432310406, 120.19015504159988, 125.43875151626331, 122.6189865883707, 133.9895222346135, 133.12632278549526, 128.58789440505365, 141.3715389381976, 132.86230764682008, 132.63879330553513, 142.49273395705632, 137.51544873203218, 131.2313807297133, 120.91880344582889, 130.44569337114805, 123.76393152332567, 130.29563439269933, 132.9316699793171, 122.15146926677063, 123.72692704569788, 131.4964908388762, 126.33380590388076, 124.23314582573322, 130.0057783495815, 139.3510464371078]
fps.c2:[3.0401219852878976, 1.4196933318820721, 1.3620646178840008, 1.644501801745693, 1.5493034482965815, 1.0105228340598835, 1.4199526573081889, 1.2133706067831378, 2.058496772394085, 0.8612047128555822, 2.755644710674545, 1.5478232861276477, 1.7444283230651094, 1.2093301346163778, 1.507760684411034, 1.1207445085864316, 0.5150868443075727, 1.6340811636659653, 1.0109136573580733, 0.9604516768409346, 1.4848671554965625, 2.0304339280526995, 1.3382313146360643, 2.898858581148645, 1.6435192729158397]
FC:[[3.7745608643940125, 3.8146785052202308, 3.8534863331470874, 3.8990900714758037, 3.9644123839406515, 4.029111561279463], [3.7904873431665442, 3.8467082990187618, 3.899028336955956, 3.9538999835600497, 4.027094777711861, 4.095720108282312], [3.9320240561128053, 3.9599643036194694, 4.015779240409821, 4.0780664936446085, 4.1483521649441, 4.213571920194216]]
FCE:[[0.04376524933278505, 0.022161093206392098, 0.013320211080751395, 0.010279942549447443, 0.008748201115640253, 0.007610551757113847], [0.03438202261106227, 0.01721458748748726, 0.010328896616004793, 0.008017874562105063, 0.006679925851522194, 0.0059769282397628696], [0.02852903720894948, 0.014548052155632365, 0.008498319211831721, 0.006624600529804706, 0.005668850723678185, 0.005070373281985398]]
