Ri:[100, 130, 160]
Zi:[50, 100, 200, 300, 400, 500]
fps.ts:[1291.816859998703, 3875.450579996109, 6459.084299993515, 9042.71801999092, 11626.351739988328, 14209.985459985732, 16793.619179983136, 19377.252899980544, 21960.88661997795, 24544.52033997536, 27128.15405997276, 29711.787779970167, 32295.421499967575, 34879.05521996498, 37462.68893996238, 40046.32265995979, 42629.9563799572, 45213.59009995461, 47797.22381995201, 50380.857539949415, 52964.49125994682, 55548.12497994423, 58131.75869994163, 60715.39241993904, 63299.026139936446]
fps.e0:[10846.475504942195, 10868.97749659094, 10852.984847118561, 10869.648632405422, 10866.467488678905, 10874.122177628475, 10868.69124949747, 10890.943698139474, 10877.458885774196, 10894.381953116232, 10844.585156356992, 10850.65866013035, 10857.658093236329, 10868.331137795874, 10866.836124403671, 10865.886540129626, 10876.324320610267, 10853.967010175362, 10857.83895415619, 10855.69770701522, 10875.099688164648, 10864.973159196916, 10859.532110181466, 10872.285328603357, 10861.143712804114]
fps.e0u:[11.102556295313535, 11.164430678986017, 11.062343988187813, 11.027112931767478, 11.129664424909825, 11.098282372552882, 11.08973147138015, 11.05953757322068, 10.999396971876973, 11.078640864220816, 11.067476213385842, 10.983553148375876, 11.066710330229192, 10.964285774009493, 11.066942760365635, 11.085217371119981, 11.07461932420685, 10.989917707947573, 11.110207969582342, 11.088105051091002, 11.052877294329763, 10.951441301834581, 11.038345182174806, 11.146038983145433, 11.096386189226578]
fps.lt:[6114.587952028254, 5915.186153438571, 6097.941012060278, 5978.897625166326, 5995.923152932768, 5791.5538341373995, 5947.187167818239, 5700.39483698815, 5813.038597843667, 5577.843459622824, 6079.318237109192, 6007.37116881922, 5980.924746405202, 5946.367154388737, 5818.452811717846, 5881.65573347383, 5786.035232737807, 6038.786850832354, 6038.145741025079, 6085.671379362198, 5888.370248049837, 6043.439996115724, 5941.123625956001, 5835.4820541558365, 6018.156999203121]
fps.ltu:[113.79787175611213, 106.61286085701833, 112.91226360937408, 108.31051495818745, 109.30483896211891, 102.32278077414578, 107.05159504370366, 98.93128904997883, 102.04784909023769, 94.73678616818341, 112.72928314022671, 108.65399658388205, 108.33768536498468, 106.56692875975551, 102.79267964003817, 104.88310334424148, 101.41054590712595, 110.30706787455496, 110.66864670533835, 112.48281550619839, 105.12836722951646, 109.54701185924735, 106.53791647295408, 103.95847457073205, 109.93623388257213]
fps.c2:[3.359108086298881, 3.24562301557391, 4.488170678118889, 3.272876565772689, 2.871933743495054, 2.0190440043434155, 2.522947780825679, 3.140499850530285, 2.5549832542983757, 1.9903630793572622, 1.7175326086333256, 3.3560603467482766, 3.313199236088534, 2.8570001987037807, 2.170684634097607, 2.602270950223565, 3.388865092073691, 2.697745109661963, 3.1931641365063257, 3.2333672200750474, 3.0374051277956275, 3.2076903823549143, 1.491089133182693, 2.721837620959424, 2.808533255627113]
FC:[[3.7741479975511703, 3.789732005241621, 3.8409223116646003, 3.8900115048068034, 3.947248964222879, 4.007930763219689], [3.8312813744902456, 3.860158085489146, 3.893859930077866, 3.9475571545234005, 4.008014154891317, 4.068065396145813], [3.9403535648022068, 3.961682667816231, 4.0093222386501965, 4.071087654016575, 4.136536000664195, 4.199593882137079]]
FCE:[[0.0303778943050361, 0.015709794334789924, 0.009749392540103069, 0.007616352963911079, 0.0062841421787872085, 0.005577050621105666], [0.02324661335570038, 0.01232069634633855, 0.007572273223014602, 0.005755859177851017, 0.004891601368051695, 0.00434959658787848], [0.01943006012508509, 0.010104788112747847, 0.006196781618083715, 0.0048525665423977404, 0.004143731205872414, 0.0036980908844210067]]
