Ri:[100, 130, 160]
Zi:[50, 100, 200, 300, 400, 500]
fps.ts:[1739.6528999996185, 5218.958699998855, 8698.264499998091, 12177.57029999733, 15656.876099996567, 19136.181899995805, 22615.48769999504, 26094.793499994277, 29574.099299993515, 33053.40509999276, 36532.71089999199, 40012.016699991225, 43491.32249999046, 46970.628299989694, 50449.93409998894, 53929.23989998817, 57408.545699987415, 60887.851499986646, 64367.15729998588, 67846.46309998512, 71325.76889998437, 74805.0746999836, 78284.38049998283, 81763.68629998207, 85242.9920999813]
fps.e0:[10903.28237218235, 10927.537918949572, 10941.034838053407, 10899.646348672493, 10876.192212764998, 10903.709039141775, 10916.552515473833, 10910.039458175574, 10906.660837022484, 10906.466717873209, 10865.895083502726, 10921.501168459085, 10910.487212079475, 10897.678540398158, 10879.382108817956, 10906.820054747206, 10909.99844068994, 10896.045616698388, 10902.099816352005, 10898.795116388852, 10880.151604819806, 10909.099240386977, 10900.644843061928, 10901.600417263853, 10922.557373418593]
fps.e0u:[17.33335056456342, 17.199119134621018, 17.38042225881455, 17.21949759858331, 17.089841847514062, 17.31922502439088, 17.50068178305111, 17.126225937805437, 17.42154426981833, 17.314086223854666, 17.523744507634706, 17.081766393154783, 17.44080450795063, 17.464230504449528, 17.519108373176685, 17.063214603934863, 17.436966284351094, 17.372540751730984, 17.078062590138998, 17.566487223642746, 17.248836455033864, 17.40201014552697, 17.13987240476889, 17.76384926103963, 17.524566109000396]
fps.lt:[6521.404170298564, 6256.552828775837, 6001.350371178216, 6482.912169279539, 6789.416164226621, 6488.18314643946, 6370.756193935764, 6400.320729394295, 6390.969524914433, 6409.037610827317, 6647.478433111446, 6420.423724220139, 6358.078349575588, 6425.153970019592, 6677.611423195418, 6481.70352749216, 6478.697555261154, 6666.589269691769, 6445.745608179515, 6631.404562574436, 6737.3871011405545, 6345.780487182017, 6429.286000300355, 6486.325270737889, 6272.090198417517]
fps.ltu:[205.88517537246057, 186.72541684159376, 173.91228810842063, 201.88251148878277, 219.29777994294614, 202.5040205986251, 196.1919166634482, 194.9563244905463, 199.1686702129001, 198.43130882558646, 215.9056972802625, 197.61982064849212, 196.02738476985846, 200.78441760846093, 216.4679408228652, 199.6254816636121, 203.26629744813653, 213.95472771638512, 198.15091695566747, 213.15403824837387, 218.04784200618525, 194.82903592917424, 197.02927653401497, 206.1406757996803, 191.31882808181285]
fps.c2:[1.001418770406388, 1.1581910813553558, 0.5652946894804652, 1.9374395229258625, 1.4041902677778013, 1.5640742685562805, 1.090140764157321, 0.7533733394897312, 0.8117902527485638, 1.5118059022827564, 0.722496364874866, 1.8927380245728478, 1.100951426639111, 1.9783736827486254, 0.7371249898741633, 1.6532604264126325, 2.1304272055240197, 1.6052574901245906, 1.08380048196432, 1.7642376133849624, 1.0392856162062847, 1.8397266522232665, 0.9409177955394274, 0.8694804561538985, 1.1957333463896511]
FC:[[3.8052327748621577, 3.8900521117430915, 3.9902936673710023, 4.0238875288934075, 4.061266846336363, 4.091830959241641], [3.9240349199334035, 3.9579001454954845, 4.040575833895754, 4.0774771845339925, 4.1155889580261675, 4.146954406329655], [4.042077751083336, 4.095844433007545, 4.176912296009222, 4.214634042351942, 4.267236098265157, 4.2995772642299395]]
FCE:[[0.0407927897240779, 0.02407703874198264, 0.015601778490199189, 0.01223840767530828, 0.010384437301415545, 0.009187081891742903], [0.032526512395093916, 0.018814666903700643, 0.012144800562039424, 0.009530976204166725, 0.008110710969092674, 0.007197123737958255], [0.02786075715687831, 0.015997475325118093, 0.010302521038807001, 0.00811280367071515, 0.0068522315226799075, 0.0060846211151210725]]
