Ri:[100, 130, 160]
Zi:[50, 100, 200, 300, 400, 500]
fps.ts:[1683.6338000011444, 5050.901400003433, 8418.169000005722, 11785.436600008012, 15152.7042000103, 18519.971800012587, 21887.239400014878, 25254.50700001717, 28621.774600019453, 31989.042200021744, 35356.309800024035, 38723.57740002632, 42090.84500002861, 45458.1126000309, 48825.38020003319, 52192.64780003548, 55559.91540003777, 58927.18300004005, 62294.45060004234, 65661.71820004463, 69028.98580004692, 72396.25340004922, 75763.52100005149, 79130.78860005378, 82498.05620005607]
fps.e0:[10860.980496688575, 10828.556812381477, 10829.173240002325, 10844.574822848424, 10845.684987247972, 10859.733712666437, 10857.978716872802, 10840.987946682673, 10842.037508747077, 10842.336293126558, 10845.969243338766, 10872.378593170772, 10846.906308102349, 10861.563955373029, 10847.705086201126, 10850.668225964671, 10864.203627026562, 10851.435888830441, 10831.109752628581, 10867.446828579803, 10832.85419210094, 10842.22795168248, 10849.204901088639, 10831.127278848679, 10835.394594602627]
fps.e0u:[12.010738706632306, 12.242749114792906, 12.082755216862305, 12.08105720542171, 12.178801893165904, 12.110992482749728, 11.973433424463993, 12.174246846621887, 12.137961479933868, 12.112477000860371, 12.101320152279577, 12.084819391036039, 12.161485028432379, 12.212667890435801, 12.106578804531352, 12.050783242883337, 12.042068996155928, 12.071128935407488, 12.202444651574199, 12.105934863075214, 12.174562144185405, 11.978673596684443, 12.146136216460139, 12.12537844401295, 12.323313643121098]
fps.lt:[8338.601370986693, 8980.91920234445, 8843.869871036715, 8776.812827484177, 8415.385791886489, 8309.962534563027, 8208.187599235334, 8848.566733561038, 8747.357398702043, 8536.106746058338, 8563.899962357451, 8129.6380174532715, 8467.854171879711, 8327.130242359206, 8308.83113230534, 8439.67480441745, 8332.979399950633, 8523.937951919655, 8982.797398741941, 8041.037291117009, 9003.250665584585, 8682.070860645335, 8452.92221541697, 8899.121050952444, 9035.122710409303]
fps.ltu:[230.14675659921744, 273.1631260882891, 262.06627720395056, 256.8302514065106, 238.86006942711379, 229.11850610986863, 223.718923278146, 262.1813955428674, 256.90395383687815, 244.88549103381584, 246.27359738851226, 220.45073213533018, 240.84702292531884, 234.19890489745177, 231.5732385628398, 237.50025490828006, 230.27797058481906, 242.3339299390847, 272.59692412843884, 215.63219168255688, 272.0659775779313, 249.9743541938114, 240.1543172578866, 266.6614911511437, 276.28262707529296]
fps.c2:[2.877767839878837, 1.748299882932258, 1.4824051265359537, 1.377589984122866, 2.3280586529806997, 1.1819927271369453, 1.3504119058814483, 0.5928119098785951, 1.0471589490014683, 2.121721092036588, 1.3924180293370356, 2.2750519866125694, 1.0987630247958187, 2.385047803939478, 2.4419197195206253, 1.5596402283126487, 1.6351849168094457, 1.9519263794961295, 1.9646005021282993, 2.7169416770787085, 0.9791943185828234, 3.6044420439698857, 1.8683186530441713, 1.810869018342283, 1.161130988247241]
FC:[[3.794959794712337, 3.82762690010101, 3.8486971600393187, 3.884895782330797, 3.9197485230855977, 3.955412980186313], [3.8484963710622107, 3.881359161517588, 3.9161293543878055, 3.9480536581734715, 3.9871945137503504, 4.021251044708432], [3.960016237123113, 4.010386897743022, 4.055184396809069, 4.092112511136106, 4.127919670590353, 4.168767584239971]]
FCE:[[0.02928858853349819, 0.016979578926348476, 0.01082996861015405, 0.008547946845703445, 0.007259457202597219, 0.006409271442743522], [0.023009614001462047, 0.013246468880780826, 0.008470981179940355, 0.006661352599841954, 0.005545607199587331, 0.004899175588034954], [0.019575457320624774, 0.010963248563284657, 0.007027552542555215, 0.0055498252309077135, 0.004729417908422914, 0.004104520454440715]]
