Ri:[50, 100, 150, 200]
Zi:[100, 200, 300, 400, 510]
FC:[[4.080323523773927, 4.0771936404845635, 4.145950835483668, 4.133583033579964, 4.128905628914381], [4.12457549976144, 4.1310999149373036, 4.170127400480474, 4.185683312100198, 4.201314246565818], [4.217177945267895, 4.2752955213061075, 4.324115361447246, 4.341641583337202, 4.368508640919831], [4.870968938040143, 4.947302602029589, 5.0013946426478935, 5.034946218626151, 5.054900889707302]]
FCE:[[0.052473898549337226, 0.03736852968828852, 0.030400948987151236, 0.026041294377012164, 0.022850172890126145], [0.02752375698248897, 0.018916413206324725, 0.015311930944312095, 0.013201018788599582, 0.011610272545593646], [0.019217158483285146, 0.013200980833463057, 0.010626158808800287, 0.009152516763202459, 0.008056557384523239], [0.018102476855559546, 0.01238533819257651, 0.01003304429326141, 0.008678400916481211, 0.007659848179298033]]
fps.ts:[1602342749.8677, 1602346071.1431, 1602349392.4185, 1602352713.6939, 1602356034.9693, 1602359356.2447, 1602362677.5201, 1602365998.7955003, 1602369320.0709, 1602372641.3463001, 1602375962.6217003, 1602379283.8971, 1602382605.1725001, 1602385926.4479003, 1602389247.7233, 1602392568.9987001, 1602395890.2741003, 1602399211.5495, 1602402532.8249002, 1602405854.1003003, 1602409175.3757002, 1602412496.6511002, 1602415817.9265003, 1602419139.2019002, 1602422460.4773002]
fps.e0:[9942.511504665814, 9993.040616462838, 9983.029820919044, 9968.531091070743, 9959.9471393859, 9970.625325585632, 9980.453165154924, 9949.030345731779, 9939.912350232324, 9980.110397166436, 9926.767538117221, 9973.913904040035, 9955.127105009868, 9936.776185051713, 9939.043851126642, 9954.148114467478, 9941.124675509094, 9995.78997775642, 9926.570516200947, 9976.659791912165, 9975.847488182579, 9981.540999314046, 9935.696614209155, 9985.126272020469, 9934.173116934266]
fps.e0u:[24.459675645451917, 24.35883989287397, 23.893998729286043, 24.27976245109805, 24.281025451490542, 24.892620617491453, 24.037928248639666, 24.310655018796606, 24.653675562290108, 23.934006703945897, 24.425324573551105, 24.479948309117717, 24.369192145367396, 24.48772876749063, 24.421715209449193, 24.337224004815, 24.39963086865993, 24.628909265514867, 24.184524783653533, 23.857127264776373, 24.070173621469536, 24.40930088936794, 24.79937854007875, 24.39034885107446, 24.665030916605925]
fps.lt:[14930.855657649658, 12598.902086363003, 13563.544105613933, 14912.983088790888, 14218.437428309808, 13900.226912043088, 13323.36136314637, 17099.695621185663, 14240.441695755917, 13433.526340741455, 16170.066111283228, 13387.486430472392, 16278.507966539983, 15498.47228774628, 16704.67508928145, 14502.41124254468, 15522.39728034076, 12087.824504446202, 18485.795297516663, 14809.719369885275, 15048.289463626572, 12899.406528162071, 15120.773588536122, 12916.884744906742, 16138.69684476765]
fps.ltu:[1659.8691176121793, 1163.944006757179, 1331.5548685609645, 1627.821913023826, 1476.3073384612574, 1459.4461317969797, 1303.8521304433818, 2152.570899664021, 1527.218017905885, 1323.2032472862636, 1933.4828410983603, 1334.7925333443952, 1946.7374154440952, 1792.9882693824347, 2074.2481672590025, 1551.8467060844212, 1789.8495390118528, 1087.4947486107062, 2516.1544296831553, 1602.1474160859661, 1645.2079597357308, 1236.0250544317248, 1722.4232233640857, 1239.7404637397062, 1927.8024106139449]
fps.c2:[1.3877812495682893, 1.1521638495077213, 1.6015009479233866, 1.0588214397956208, 1.7442915322461756, 1.7438048812150546, 1.0529346648612359, 1.388188779845905, 0.7035024899278338, 0.7896109637020957, 1.9707722871619309, 0.8430550677717074, 1.1111687156756866, 1.1498021344681737, 0.46232097556080765, 0.7145674352771123, 1.287370960540482, 1.066001437229457, 1.3336969260010372, 2.4479361262841124, 2.8088646872959635, 1.4395748581938235, 1.425897646692269, 0.6565330173393682, 2.2661975182091254]
