Ri:[100, 130, 160]
Zi:[50, 100, 200, 300, 400, 500]
fps.ts:[1691.7988199996948, 5075.396459999085, 8458.994099998476, 11842.591739997864, 15226.189379997253, 18609.787019996642, 21993.384659996034, 25376.982299995423, 28760.579939994812, 32144.1775799942, 35527.77521999359, 38911.37285999298, 42294.97049999237, 45678.56813999177, 49062.16577999115, 52445.763419990544, 55829.361059989926, 59212.95869998932, 62596.5563399887, 65980.1539799881, 69363.75161998748, 72747.34925998688, 76130.94689998627, 79514.54453998565, 82898.14217998505]
fps.e0:[10974.13338915174, 10994.924592595129, 10946.698522242094, 10956.498046820821, 10951.298630518742, 10970.063459583569, 10943.366988812168, 10961.722442279432, 10980.281344694129, 10986.890857439368, 10941.111050197876, 10962.764757692208, 10974.369928693644, 10938.976279112036, 10965.931723728476, 10975.895353094755, 10978.702780959182, 10958.509372316155, 11006.396563119717, 10986.619688728051, 10984.995103781985, 10972.744033508048, 10997.47811293002, 11000.091429211976, 10964.443904194299]
fps.e0u:[15.923604115722528, 15.904980408720657, 16.101054078936038, 16.007392799154765, 15.841536817304595, 16.11068252347729, 16.025839769784408, 16.10737566739562, 15.828938165541363, 16.244728396899767, 16.002808333767813, 16.119741154588013, 15.909236536592672, 16.341283406244138, 16.045331054084805, 16.020194093796686, 15.6716137797959, 16.085340452262145, 15.99368862241001, 16.142347917042116, 15.94529106679747, 16.151015180931097, 15.827798651272833, 15.826993599194493, 16.239303618139584]
fps.lt:[12862.97836814019, 12638.640682615713, 14201.813910315306, 13587.948515826421, 14242.3024827589, 13430.593639850398, 14091.74860709124, 13792.934616721112, 12807.881194822066, 12268.266207153798, 14816.132490666876, 13710.381557356099, 12315.451064070956, 14633.13774552257, 12856.633272917548, 13214.440658174093, 12896.10959857709, 14100.442147581787, 11882.733323713253, 13035.487910156256, 13527.075617666454, 13007.834836780277, 12159.629288987777, 12219.411533420758, 13828.407632352862]
fps.ltu:[725.1101406603003, 700.7929087882529, 894.3015888953787, 811.8240376040103, 894.4486149830428, 796.2114046738632, 882.5316996805244, 841.9910397198906, 715.2705056568731, 673.4939422486218, 967.6226103212338, 831.9447971646437, 669.6503336917391, 958.1253927570187, 734.345159859995, 767.612401144772, 716.4481078301249, 874.1857589973451, 624.8445617629096, 752.292824514501, 799.5327884679893, 748.7364216340573, 651.9020967423788, 651.9541381133299, 852.2558987183908]
fps.c2:[1.0052459509632496, 0.8604921215171385, 1.4008693969735035, 1.0781905511687648, 1.4873922952949206, 1.4330929742907197, 1.6943332828369744, 1.6256083840830333, 0.6367143867923454, 1.2002084181568007, 1.6946137537020942, 0.6954551735941046, 1.6646977096336073, 0.7198771787225945, 1.453663025483706, 0.6477355551931894, 1.0218266393058768, 1.235219197790454, 1.0814777337060044, 0.5789141428429797, 1.3969965529870476, 1.1974297716643945, 0.7856316212379058, 0.8144052124813878, 1.2140037249987952]
FC:[[3.8751327807424665, 3.8898504736583184, 3.894137881075742, 3.915059626158335, 3.9331557292412587, 3.9569864520541755], [3.9513925569382105, 3.964923839091146, 3.956042947926309, 3.973492806046823, 3.9939727669591525, 4.018770308588015], [4.033439475065796, 4.070736122954741, 4.082467090333875, 4.101288976526286, 4.124884272425086, 4.14925559994262]]
FCE:[[0.035132051271962346, 0.021807595874270648, 0.014454549867095146, 0.01149544460575015, 0.009760621676340626, 0.008615850869980223], [0.02770961191138514, 0.01727765866377411, 0.011381643482052776, 0.009007094170613034, 0.00766665094179716, 0.0067803786365924525], [0.022706617692684138, 0.01398138177490309, 0.009204246715764527, 0.007278676710395196, 0.006205537072903912, 0.005502392586577827]]
