Ri:[100, 130, 160]
Zi:[50, 100, 200, 300, 400, 500]
fps.ts:[1749.1034000015259, 5247.310200004577, 8745.517000007629, 12243.72380001068, 15741.930600013733, 19240.137400016785, 22738.344200019834, 26236.55100002289, 29734.75780002594, 33232.964600028994, 36731.17140003204, 40229.37820003509, 43727.58500003815, 47225.7918000412, 50723.99860004425, 54222.2054000473, 57720.412200050356, 61218.619000053404, 64716.82580005646, 68215.03260005951, 71713.23940006256, 75211.4462000656, 78709.65300006868, 82207.85980007172, 85706.06660007476]
fps.e0:[10701.061711158485, 10678.069750860162, 10709.492316666308, 10737.413159620804, 10736.787988624937, 10752.364446294063, 10742.349597166087, 10767.22216124129, 10749.14139532835, 10786.275890225466, 10744.630929448733, 10800.134621127381, 10769.092095213668, 10774.278405176765, 10764.682486514606, 10771.714859581978, 10782.974837741465, 10787.384205239772, 10793.691745967524, 10799.103724927874, 10786.549974399582, 10806.993760618901, 10816.213083713312, 10785.183022281355, 10810.48446502886]
fps.e0u:[8.920572397022658, 9.167998985615869, 9.032513605709964, 9.265344511065184, 9.67260833816716, 9.105226738645024, 8.780998360273614, 8.926477195454034, 9.068347956188184, 8.956598834507279, 9.243469243792795, 9.040823547289683, 9.232494702708701, 9.604229992002976, 9.508544466988608, 9.320911190736794, 9.781398310148633, 10.024955358598385, 9.804159073003332, 9.584773107462969, 10.494616285489835, 10.77219674408306, 10.543619273458788, 10.128821531944102, 9.979246561076248]
fps.lt:[6209.608583937691, 6424.304622977724, 5995.13679156064, 5834.61264417195, 6064.04341902544, 5896.472591002891, 6052.026899534459, 5873.640650765713, 5943.044126831546, 5597.447827349926, 6018.383632337498, 5642.089423091669, 5927.785490053999, 5871.702002206777, 5983.188894404952, 6097.69960580583, 5899.360589558802, 5823.4703334143505, 5839.783201073389, 5696.572824194841, 5900.229891676421, 5859.193219102847, 5846.21847611697, 5915.492879066118, 5795.934777573488]
fps.ltu:[97.36984566542442, 106.72859695386668, 91.56071370608348, 88.41355441097171, 100.0088960213991, 89.15527715721448, 90.98293232200874, 87.52278685900849, 90.77951448989315, 79.14045507827308, 94.5042276539538, 80.65914786272604, 90.9747613178806, 93.45398597489155, 95.80486371836925, 97.47695317497536, 95.59862758771783, 95.19070377763732, 93.59215696362627, 87.14564776799044, 101.76099390255732, 103.31479073694024, 99.75753433313662, 99.51846946732874, 94.31123888032874]
fps.c2:[6.524388423201052, 6.43918062206638, 9.990684128659607, 6.207486108650021, 3.147048254960605, 11.311708019142431, 7.225451652790923, 6.683427826377793, 3.344123450235015, 5.749502072419035, 6.865967989279535, 7.018578695306336, 11.064315072505307, 3.869504304936681, 4.965299824989371, 6.98645214576129, 9.206639201599959, 8.201091140458342, 8.354247206796067, 4.753064101719189, 8.88428438772367, 3.83848593418864, 9.03839266689822, 3.6401311653830115, 6.650841315248631]
FC:[[3.8818891481505413, 3.9312147305531675, 4.022720519940374, 4.08442358689371, 4.15018176376903, 4.2325775932588465], [3.949372272425037, 3.9977700229261575, 4.061664750541423, 4.139573424518073, 4.205101263892838, 4.277387904911159], [4.040967568327422, 4.118646686741505, 4.195176436502193, 4.2793409885115095, 4.336211975751638, 4.408713818831705]]
FCE:[[0.026732728611280707, 0.013772107250233371, 0.008839705954567536, 0.007014322581295977, 0.005933310621106874, 0.005250822707930601], [0.02110667385103539, 0.010808267998160492, 0.0068455143287904485, 0.005390225736586682, 0.004557907295155224, 0.004080551030120379], [0.017712810993295212, 0.009089683666837194, 0.005715718975494854, 0.004484783877287515, 0.0038382626194109065, 0.0034433334578548463]]
