Ri:[50, 100, 150, 200]
Zi:[100, 200, 300, 400, 510]
FC:[[3.974911465248348, 3.950255991134526, 3.9621135778748173, 3.968624654499461, 3.9805120121568365], [3.947685650220657, 3.9604310722216582, 3.981259918777566, 4.003478548838362, 4.021928013282121], [4.089076735914921, 4.098448009238512, 4.123781645264012, 4.14600562820057, 4.167479017473598], [4.753179953798479, 4.772319808468701, 4.811636675906462, 4.828134257245022, 4.824819452498519]]
FCE:[[0.03136293123646078, 0.02106289294050162, 0.017229523280726963, 0.014977195248773958, 0.013200188490105612], [0.015547450059935351, 0.010599250390578756, 0.008622706750872781, 0.007498634193594374, 0.006625875701958007], [0.010593100912259365, 0.007208784544943812, 0.005862284974341839, 0.005076751211022503, 0.0044983520007467505], [0.009711629314798187, 0.0066229415781399814, 0.00538230816939822, 0.004649984678304411, 0.004137569092450916]]
fps.ts:[1611831467.4732, 1611834451.3436, 1611837435.2140002, 1611840419.0844002, 1611843402.9548001, 1611846386.8252, 1611849370.6956, 1611852354.5660002, 1611855338.4364002, 1611858322.3068001, 1611861306.1772003, 1611864290.0476003, 1611867273.9180002, 1611870257.7884002, 1611873241.6588001, 1611876225.5292003, 1611879209.3996003, 1611882193.2700002, 1611885177.1404004, 1611888161.0108004, 1611891144.8812003, 1611894128.7516003, 1611897112.6220002, 1611900096.4924004, 1611903080.3628004]
fps.e0:[11125.648874768656, 11110.031953314001, 11136.045127979722, 11147.145180945996, 11160.54042693018, 11150.650601142488, 11173.873539190594, 11155.838447194947, 11183.398941757874, 11166.17657376534, 11150.776374786352, 11196.804017362405, 11178.84929902192, 11142.599920949759, 11153.831397040847, 11177.753112419057, 11147.130543474817, 11170.520069826422, 11146.580210021282, 11149.892702486932, 11193.364880085664, 11183.370189289248, 11201.288316857466, 11189.239798256714, 11149.616234723459]
fps.e0u:[21.832190447337744, 19.447727408494085, 17.904010501082244, 16.70631232223196, 16.07041964527082, 15.51515095308371, 15.066527710494224, 14.923422140022655, 14.797335955907846, 14.665589117673163, 14.769777859860975, 14.593715534315471, 14.42689245054692, 14.716734468311353, 14.480940107902843, 14.66944230628835, 14.584183021467451, 14.653085917213852, 14.70807159180039, 14.55484545565494, 14.486778954165251, 14.547158277484952, 14.636557594180015, 14.567975099909846, 14.883775006604683]
fps.lt:[16386.70314815286, 18862.50179447885, 17346.96874401755, 17935.466630310453, 16832.625739081817, 18531.14705058511, 17730.936479430005, 17301.118175200852, 16478.06992514592, 17081.007017801407, 18953.36915930635, 15963.725934561402, 18207.42921040043, 19091.069555332633, 19231.295968622908, 17588.978564856614, 20488.60932433149, 17533.483813817264, 18622.812495948077, 20000.286871641525, 16063.822329732538, 15301.2405189766, 15327.334455462513, 15987.926656710053, 18415.36918717078]
fps.ltu:[1601.1320717281492, 1874.188651875061, 1465.7497334371678, 1459.779251292272, 1236.2600375980574, 1445.569378841185, 1284.3980680264701, 1208.7875048645346, 1095.5073323198183, 1158.2545152157961, 1423.1703962329525, 1007.3209067644752, 1298.5534945042627, 1447.411771369719, 1448.5988308923165, 1219.8651595396211, 1651.1440639328248, 1216.0466682014649, 1371.9506633873852, 1577.4683632556987, 1015.2482430906643, 923.8841112978808, 921.5338822657648, 1003.0523675099346, 1370.1972969427563]
fps.c2:[1.6879535182497238, 1.4787838326009384, 2.2316138749529566, 1.24020547033146, 2.1302694171853718, 1.1253975830491885, 1.2847521765343772, 1.2062005502891326, 2.3611441068459973, 1.8548980487506777, 1.4386598956706773, 1.3618997880009707, 1.317173451173305, 0.8657301855419337, 1.784724384324443, 1.6698716295205798, 1.5778188855293123, 1.1595089393627678, 3.1729525343221803, 1.6175492311849617, 1.8552680265792092, 1.724780613194146, 1.6407328679952895, 2.6590971400932943, 1.4943561320648477]
