Ri:[100, 130, 160]
Zi:[50, 100, 200, 300, 400, 500]
fps.ts:[1722.6860400009155, 5168.058120002746, 8613.430200004577, 12058.802280006408, 15504.17436000824, 18949.54644001007, 22394.918520011903, 25840.29060001373, 29285.662680015565, 32731.03476001739, 36176.40684001922, 39621.77892002105, 43067.15100002289, 46512.52308002472, 49957.89516002654, 53403.26724002838, 56848.63932003021, 60294.01140003205, 63739.38348003387, 67184.7555600357, 70630.12764003754, 74075.49972003937, 77520.87180004119, 80966.24388004302, 84411.61596004486]
fps.e0:[10916.847522690154, 10930.144022566563, 10905.09562240211, 10923.772659583869, 10925.292144840427, 10932.780274850835, 10941.590919845672, 10940.302454262399, 10921.013484097068, 10919.787821821466, 10913.149491988726, 10916.309291500274, 10924.815464901525, 10940.601504395234, 10945.562620723793, 10918.279413913398, 10920.635643582827, 10922.895823503442, 10914.061093065573, 10939.781130646894, 10923.63626075379, 10931.69161891614, 10904.40223931236, 10920.083394157138, 10912.804984317683]
fps.e0u:[14.771036504504794, 14.539205634023855, 14.75142810593116, 14.825618858338554, 14.648407433549337, 14.562591014277032, 14.661692413821877, 14.662327184043631, 14.598986720599676, 14.779151165005208, 14.660264996094508, 14.878888045181325, 14.673298996675872, 14.472035383284465, 14.674278961248715, 14.52500470195612, 14.50263671690733, 14.540376269392896, 14.612318072991085, 14.673415579504582, 14.703902204121238, 14.911478237682589, 14.773398237575975, 14.521783772267995, 14.627916412900316]
fps.lt:[13224.87818144088, 12453.449914546189, 13448.0394484984, 12275.43748789331, 13087.874590593143, 12051.267799983087, 12309.272803471422, 12340.571187143953, 13238.403559158953, 12611.970833331638, 12743.71064561401, 12902.20265943397, 12820.633563698591, 11810.370905602485, 11643.686844572643, 13001.627069458591, 13000.464692886271, 12724.835041015138, 13335.438557298958, 12018.407497200991, 12219.577498551429, 12980.953170655115, 13957.57513395716, 13037.66508278567, 12978.882631410976]
fps.ltu:[710.4616011938261, 620.6772596115974, 733.599753743288, 617.4684097482836, 691.5899576469577, 581.947865641447, 614.3275869819508, 613.3813357396909, 707.1307190056357, 649.2394883011211, 661.0182520750423, 682.6873382447397, 667.3702628278315, 561.8442800736296, 549.280392272426, 680.2542350066934, 679.1042478324304, 652.2608311993133, 714.3435187686828, 583.6155616431685, 609.4461397211905, 687.8487127986432, 794.6674755066048, 686.0328945384883, 681.9495655106658]
fps.c2:[1.1158037575255255, 0.8335078016385282, 1.2469310249169285, 1.7655872958805476, 1.1361589528907006, 1.5693051020608229, 1.492900253405183, 1.8016248252749432, 0.5902178694380594, 0.9474092448764293, 1.424802697915695, 1.359985076625635, 1.5928611378505397, 1.6629208647493205, 0.5475568438992495, 0.9529848867728854, 0.9007662497950388, 1.9508775607556774, 0.8907992854551099, 1.4440466568958652, 0.876988484701337, 1.5121870962305803, 1.107288905558213, 1.2069461077676693, 1.4984189736931368]
FC:[[3.8294056019960574, 3.866498482464027, 3.8788326315187116, 3.8896535949899866, 3.929941971661433, 3.955526243924227], [3.894729416765875, 3.9081322810421173, 3.931393002059881, 3.952655050037448, 3.9890967552549537, 4.0161264477222876], [3.9754981446170885, 4.020881399014193, 4.064011594818248, 4.086175744597546, 4.124050814295373, 4.150665396263059]]
FCE:[[0.032033233372326636, 0.020241283838935267, 0.013352279127654677, 0.01050250479512066, 0.008951758679165412, 0.007903555333180918], [0.025405060674869077, 0.015799650112861705, 0.010408204743123158, 0.00821564597789415, 0.007018301060223916, 0.006214479144629028], [0.02088791274124313, 0.013063852764982812, 0.008645980984998122, 0.006830392692241536, 0.005696480077934821, 0.005052432400519454]]
