Ri:[50, 100, 150, 200]
Zi:[100, 200, 300, 400, 510]
FC:[[3.933859644013247, 3.971132773211495, 3.977958100824021, 3.9865332193628493, 4.008729804403979], [3.960334984630147, 3.984406729469677, 4.007664099299544, 4.026285648995526, 4.051877461515651], [4.0564142714516365, 4.09017255238096, 4.117623904174472, 4.142931091832195, 4.17456836873544], [4.373185280606197, 4.421125786568474, 4.461365127458916, 4.497579590404426, 4.532518858515508]]
FCE:[[0.02941489567939338, 0.020262800205737036, 0.01623110999932122, 0.013964638678908807, 0.012281831063187277], [0.014450097924013647, 0.009847346736545512, 0.007930456062914405, 0.006844311067891342, 0.006048144919038116], [0.00988729450506779, 0.006733165604893196, 0.0054287514511387625, 0.0046840615604379875, 0.0041479268576646725], [0.00848128678352717, 0.005772025610855342, 0.004659837329566873, 0.004021718824170655, 0.0035604031188745514]]
fps.ts:[1622462959.0612202, 1622466372.80366, 1622469786.5461001, 1622473200.28854, 1622476614.03098, 1622480027.7734199, 1622483441.51586, 1622486855.2583003, 1622490269.00074, 1622493682.7431803, 1622497096.48562, 1622500510.2280602, 1622503923.9705, 1622507337.7129402, 1622510751.45538, 1622514165.1978202, 1622517578.94026, 1622520992.6827002, 1622524406.4251401, 1622527820.1675801, 1622531233.9100204, 1622534647.65246, 1622538061.3949003, 1622541475.13734, 1622544888.8797803]
fps.e0:[10724.942039949427, 10724.472260569793, 10727.888875226701, 10734.182844769588, 10735.84794597975, 10698.0991867114, 10730.85072934518, 10723.338322823774, 10752.060527270638, 10723.65608568927, 10716.47455953656, 10731.918535783278, 10753.279432726993, 10728.427494841515, 10739.019183808361, 10729.111874397944, 10733.062795361713, 10747.512476914255, 10716.705944233947, 10723.88201790557, 10743.110473572086, 10713.21232654181, 10718.509508060302, 10728.408280108466, 10722.365322049585]
fps.e0u:[14.025718829413577, 13.93372941845278, 13.876030990689987, 13.967193066621377, 13.845038073117822, 14.037716620653727, 13.89762789039136, 13.952181434760764, 13.855000317881007, 13.897433892511007, 14.064829192769373, 13.87772536027456, 14.006763627958364, 13.912482621448687, 14.001391160830059, 14.008319159718718, 14.174970219672677, 14.030663118084902, 13.988087120764279, 13.983820453957483, 13.923510454898523, 14.070002901618636, 13.87964606413843, 14.169055764487302, 14.264668198273872]
fps.lt:[20727.20803692446, 21538.07058350754, 21862.268299319636, 19936.333932067548, 19921.897441638066, 27429.762947022646, 20595.427540388184, 20510.770479184128, 18509.08461182037, 20494.897396133292, 21678.030132271462, 19752.368860819624, 19264.3815154725, 21134.33032379596, 20466.32261687012, 21179.61104099817, 19187.663693022405, 19088.416144902116, 23179.214088379507, 20143.99112406244, 18905.14437572933, 22233.2543635255, 22900.791941655003, 20390.273012513553, 21224.72440845924]
fps.ltu:[1690.7419999057831, 1811.6029629751945, 1860.655811301848, 1556.54793780391, 1548.759973211545, 2949.2797101037863, 1658.683278307258, 1649.8801221720114, 1334.0768228343798, 1643.8427482700974, 1851.2531409474473, 1521.3810683405698, 1458.0136384055743, 1750.3391378425079, 1648.8160669597723, 1765.4670381933988, 1464.71779267469, 1431.1233198520245, 2094.8116317047106, 1594.501958844131, 1399.814536528532, 1960.4746179646022, 2054.116046187569, 1649.512148584627, 1809.1101875969116]
fps.c2:[1.9201994263506021, 1.1321554790017214, 2.9117131998337773, 1.6664573963919658, 2.021560020397728, 1.121505535588472, 3.926633134248876, 3.6846634031527477, 1.0623916129651632, 1.689327954075788, 1.7872393510056297, 2.635383666616256, 3.458178320111573, 1.5735104743412263, 2.284041889195841, 0.9973374839827424, 0.9353184795785248, 1.8899098839144945, 1.627252835943369, 1.9729340472998582, 0.8835604663154109, 1.5827552674410466, 1.5584994062259254, 1.2725762863644394, 0.7500795202107895]
