Ri:[50, 100, 150, 200]
Zi:[100, 200, 300, 400, 510]
FC:[[4.079757782535071, 4.075992733916537, 4.055038205815215, 4.066791896778087, 4.064662328436263], [4.065786079500152, 4.067432505685968, 4.059852656606287, 4.0742382092450455, 4.097325874659798], [4.176977876060133, 4.189808571848738, 4.2061807658651755, 4.230065543678466, 4.2562128106253265], [4.763541702756367, 4.825036825705045, 4.8591920366816455, 4.886153042533463, 4.912653672447386]]
FCE:[[0.04497437491366085, 0.03074664467921846, 0.0245588364528773, 0.02119903238452869, 0.018665290874237177], [0.02243059789391305, 0.015285459255770654, 0.012233266383584976, 0.010523053673755391, 0.00935704303027067], [0.015814699616640598, 0.010736874785275815, 0.008655095300782895, 0.007263149234945533, 0.006436587737740104], [0.014190901825822319, 0.00967497314484585, 0.007826553866503754, 0.006748250870429011, 0.005977475300604012]]
fps.ts:[1618221944.00382, 1618225402.14146, 1618228860.2791, 1618232318.41674, 1618235776.55438, 1618239234.69202, 1618242692.82966, 1618246150.9673, 1618249609.10494, 1618253067.24258, 1618256525.38022, 1618259983.51786, 1618263441.6555, 1618266899.7931402, 1618270357.9307802, 1618273816.0684202, 1618277274.2060602, 1618280732.3437002, 1618284190.4813402, 1618287648.6189802, 1618291106.7566202, 1618294564.8942602, 1618298023.0319002, 1618301481.1695402, 1618304939.3071802]
fps.e0:[10676.434047327433, 10657.575532784986, 10677.365199157668, 10722.69625271532, 10699.316313435478, 10706.080865455011, 10716.025381098376, 10680.483081765116, 10688.154568989376, 10700.0891534198, 10693.949258968034, 10654.838849925178, 10710.91044356502, 10712.15109775403, 10694.59108313725, 10699.541868307859, 10697.684590039393, 10698.004789666806, 10676.361383863385, 10712.129001578216, 10718.89821868368, 10718.318127963319, 10699.889875740017, 10681.4085214698, 10682.896424922155]
fps.e0u:[20.78032730056652, 20.754520729259806, 20.966484142592094, 20.66049175088317, 20.635860538835168, 20.474233924892438, 21.033147755781496, 20.98001611174652, 21.03143565800699, 21.110635084624874, 20.834158496151264, 21.05803344994249, 20.998659273654184, 21.019757332428735, 20.951438954097004, 20.91641305578228, 20.70783313605115, 21.066059857712514, 21.080962760229486, 20.76821051003275, 20.966601358755412, 20.366987685880034, 20.79862467055074, 20.897174904226883, 20.85196264112158]
fps.lt:[19099.03196495366, 23892.418010013957, 17689.63980812983, 15027.159009574762, 17928.157918512123, 17364.810638753243, 15999.251460191632, 18484.795532125452, 22487.255435602976, 17069.520673345716, 17937.378700064386, 21433.565579371596, 17654.45624125777, 16660.023729545606, 20239.017776819484, 16907.325916940124, 18656.670010843198, 17326.70084279391, 20029.767738214316, 19047.080849553848, 16278.325802441926, 17210.39598464664, 17640.515739984083, 20311.57030555006, 21231.33165085391]
fps.ltu:[2136.3500230274367, 3329.5039444354934, 1853.818622048773, 1324.2601020773793, 1867.9971066904716, 1740.7768109105023, 1523.901667998119, 2027.1575769024878, 2955.1793712515214, 1728.6880829760244, 1888.333186484283, 2740.096085386572, 1844.4502753938364, 1646.7501417414244, 2417.5007713819323, 1691.094593451417, 2033.3356279006043, 1778.484430418136, 2382.823256267337, 2104.053833216947, 1575.9438268913423, 1708.3654010760033, 1832.550328488174, 2438.4461078447603, 2639.373889611786]
fps.c2:[1.8515714817401987, 0.849995662115792, 1.5257400040399025, 1.3294905707783033, 1.23441654155174, 1.8265020023851863, 1.2693617859357818, 1.6272749535731128, 2.1232411064325762, 1.0650660877982725, 0.8480359372316492, 1.576657791566143, 0.826060889139636, 1.2428676179331726, 1.2568551872518263, 2.070478927405546, 0.9766444851216615, 1.3481887307885183, 1.2326345984369635, 1.015879267160374, 1.1098196435484142, 2.01097864684873, 1.0523987345955639, 1.3122075146158718, 1.1521012620633246]
