Ri:[100, 130, 160]
Zi:[50, 100, 200, 300, 400, 500]
fps.ts:[1732.6947200012207, 5198.084160003662, 8663.473600006104, 12128.863040008546, 15594.252480010986, 19059.641920013426, 22525.03136001587, 25990.420800018313, 29455.81024002075, 32921.199680023194, 36386.58912002564, 39851.978560028074, 43317.36800003052, 46782.75744003296, 50248.146880035405, 53713.53632003784, 57178.925760040285, 60644.31520004272, 64109.704640045165, 67575.09408004761, 71040.48352005005, 74505.8729600525, 77971.26240005493, 81436.65184005737, 84902.04128005981]
fps.e0:[10467.334042365777, 10478.139779460695, 10489.848572489605, 10506.37993691716, 10494.01148320601, 10555.726038494568, 10509.024514353185, 10530.439046833035, 10533.498244849654, 10546.014481023, 10567.814015806798, 10583.50388751417, 10573.481185756253, 10576.164745417662, 10594.26952743673, 10615.755033026218, 10604.626983318969, 10615.04415667031, 10633.440201360887, 10627.44039553511, 10643.432904075227, 10627.277355781245, 10658.856448859216, 10634.991411161816, 10647.854941808264]
fps.e0u:[16.241888044674035, 16.16957689110492, 15.989265056607332, 16.335317581346633, 16.418260576412926, 16.40147768820937, 16.48735993638695, 16.294948003656028, 15.95153851064428, 16.02464826182813, 16.535367724374492, 16.372561159023654, 16.378690548984704, 16.196266781284812, 16.336944604599662, 16.40150435677253, 16.20590492645348, 16.393679492883074, 16.259208994015758, 16.327461174392898, 16.395432459307745, 16.031170035115153, 16.44190557741834, 16.47084404354371, 16.48052431364502]
fps.lt:[10232.52347099156, 10767.014541903087, 10063.92750417838, 10097.637027126744, 11038.39426974031, 9459.255487084361, 10879.631945823392, 10257.52762479316, 10437.327332911216, 10551.075391062224, 10374.626879539115, 10112.02507846737, 10532.371467550789, 10753.97984201915, 10430.2122978981, 9959.882494359386, 10004.805464963982, 9799.106925612978, 9898.98692018927, 9914.728945771942, 9896.9758227684, 10431.76646356173, 9556.734891339156, 10078.548442760299, 10083.093008979704]
fps.ltu:[484.9406535179269, 534.0690284612631, 466.6584703925741, 475.11991793448965, 570.9071129840323, 421.29993835970987, 559.306664793929, 488.8548016728008, 493.9565770272572, 507.702846311656, 500.7173085916608, 472.0257007781276, 513.9073463696732, 533.3296366133062, 505.34766064943295, 458.5849724638682, 461.2500524476809, 447.53279777507777, 451.3257857527787, 458.5259391904653, 448.61772870926194, 494.6271639937983, 424.11132560799604, 472.68732885397424, 467.33014861335954]
fps.c2:[1.4314172253779358, 0.9016316246885974, 1.2518520510972744, 0.8236252917481336, 1.4959946981919123, 0.773295216806457, 0.6177621653637797, 1.8302106358181087, 1.7202898264850393, 0.9034833560075389, 1.1245411786253272, 0.6118906144976063, 0.638568275814521, 2.340442558656524, 0.9798925800059576, 2.960359911580348, 1.1504087408298642, 1.6189807558074003, 2.00561528293168, 1.0380937726994464, 1.8376102823275875, 2.0219471942889715, 2.6688229091189677, 2.0121777665382146, 2.036142702897714]
FC:[[4.080032146759861, 4.046736410162754, 4.078563995028802, 4.102970045371126, 4.12551329311902, 4.15866235031516], [4.115306171894251, 4.120596092041206, 4.130029424916763, 4.15691128459138, 4.183339206568364, 4.218754618483911], [4.25458140356115, 4.260672319250551, 4.281370245771153, 4.316880012766748, 4.349954972295784, 4.386557224116377]]
FCE:[[0.040996147858478424, 0.02407322331451679, 0.01562973988677657, 0.01223134233620581, 0.010327677818157554, 0.009087761837711188], [0.03194017565063314, 0.01872716465041673, 0.012084486071033922, 0.009498375480095106, 0.008054728605500923, 0.007118384008009783], [0.027550378664257243, 0.01600871450998189, 0.010332123071568288, 0.008157630421291157, 0.006944671805217284, 0.0060143823075079475]]
