Ri:[50, 100, 150, 200]
Zi:[100, 200, 300, 400, 510]
FC:[[4.028066474262014, 4.059056853005753, 4.060873852248171, 4.066439012021835, 4.073986824839027], [4.026937311185546, 4.05408474189544, 4.082687903668438, 4.097744030721244, 4.119291591226405], [4.1982657180144525, 4.204017549495279, 4.223756204385878, 4.245267143382373, 4.2781240978569866], [4.8349127594186925, 4.860089907274623, 4.890372019453541, 4.919206318840413, 4.942670780567077]]
FCE:[[0.04137382829246327, 0.028164243707421627, 0.022749913232918213, 0.019557418012147616, 0.01722611655454809], [0.02067405953907639, 0.014092049597770403, 0.01143849572193571, 0.009867590868637708, 0.008474500432883737], [0.014186818156867205, 0.009588847355701252, 0.007756028568307004, 0.006696880346032768, 0.005955409572980257], [0.013130908586991537, 0.00891982845338968, 0.007205638919836747, 0.006228636223402393, 0.005518513451788426]]
fps.ts:[1618427433.22406, 1618429160.4601798, 1618430887.6963, 1618432614.9324198, 1618434342.16854, 1618436069.4046602, 1618437796.64078, 1618439523.8769002, 1618441251.11302, 1618442978.3491402, 1618444705.58526, 1618446432.8213801, 1618448160.0575001, 1618449887.29362, 1618451614.5297403, 1618453341.76586, 1618455069.0019803, 1618456796.2381, 1618458523.4742203, 1618460250.71034, 1618461977.9464602, 1618463705.1825805, 1618465432.4187002, 1618467159.6548204, 1618468886.8909402]
fps.e0:[10605.409095291021, 10719.604044548567, 10776.041423202654, 10772.679194072904, 10745.682317726596, 10758.33583866036, 10768.552573014122, 10765.063159293904, 10766.269587221877, 10775.39689866714, 10767.263940101004, 10777.25646676168, 10725.594080962856, 10720.572295962214, 10737.872452954305, 10722.435376531512, 10726.703697230154, 10721.137327194912, 10673.909495054606, 10693.513142237223, 10699.002290168395, 10728.249112616604, 10706.574715736579, 10703.209932114942, 10706.499184818753]
fps.e0u:[16.886216857417732, 15.290191217357718, 15.312756580705937, 15.25701753883959, 15.318720694336768, 15.282552139909729, 15.680085894930622, 16.025896222612694, 16.76092799406097, 17.52775594411856, 18.137101078029183, 18.914090764159706, 19.734129145099317, 20.937593545268633, 21.903015406679938, 22.46110712869067, 23.279697973191734, 24.394715345210923, 24.748736125388994, 25.677093246469372, 26.100864290306045, 26.868104997570608, 27.501621867132418, 27.492257846526293, 27.766211882084715]
fps.lt:[13034.58271807769, 14987.63225519033, 14184.0830573829, 16833.50206569891, 19295.08749879767, 18389.474227065548, 20061.783727393668, 18723.548483792878, 18092.678356548586, 18466.386932501082, 17960.736125589607, 18230.279439097943, 22107.176998442817, 21232.108250564288, 18071.508957926977, 21272.251100576028, 18694.87090554014, 19176.876318927054, 28618.846150892816, 21094.905767219687, 21576.62915677229, 17473.20836201718, 17537.633508097097, 19944.06030180878, 17580.079038225067]
fps.ltu:[813.4458073264182, 968.8344444135803, 866.5166530753883, 1208.994935241779, 1598.9004733864779, 1457.0435633688155, 1747.7773553138063, 1580.4330689411659, 1543.6098563211212, 1673.6486733547224, 1639.4524476717654, 1758.447174426989, 2736.7773088450617, 2646.889779517914, 2008.4815579193225, 2859.1381622326767, 2302.2755764004037, 2531.7803677150782, 5651.142506240334, 3238.6292266105197, 3397.775616167985, 2289.2817291942556, 2381.4191698525833, 3095.545086227519, 2428.0904208464112]
fps.c2:[3.1310105768510255, 3.966285157733986, 1.4797607721867923, 1.8343849325959205, 0.8480105319077302, 1.506570155837185, 1.3290242338529812, 2.085737659321839, 0.5017513089938728, 1.049343289751719, 2.349560415736078, 1.4674727763465532, 1.2105221044946952, 1.5911156724745323, 0.8032662309032779, 0.5572479911118193, 0.6082344106627082, 2.134230993206631, 1.6394187602618482, 0.6117039707083711, 1.066431394696272, 0.9371978018613394, 1.4645271387013794, 0.7572143879136761, 0.5677923530615351]
