Ri:[100, 130, 160]
Zi:[50, 100, 200, 300, 400, 500]
fps.ts:[1613.3862799978256, 4840.158839993477, 8066.931399989128, 11293.70395998478, 14520.47651998043, 17747.24907997608, 20974.021639971732, 24200.794199967386, 27427.566759963032, 30654.339319958686, 33881.11187995433, 37107.884439949994, 40334.65699994564, 43561.42955994129, 46788.20211993694, 50014.974679932595, 53241.74723992824, 56468.519799923895, 59695.29235991955, 62922.064919915196, 66148.83747991084, 69375.6100399065, 72602.38259990215, 75829.15515989781, 79055.92771989346]
fps.e0:[11005.647415520889, 10972.571613790578, 11002.087141651084, 11003.561014474526, 10956.11680606406, 10990.49721937153, 10983.86564964876, 10993.047488643359, 11003.481765148443, 10991.357841607682, 10988.920925957105, 10974.597066411947, 10937.8897373333, 10984.861500263822, 11007.527736415122, 10980.340649812568, 10937.64826461187, 10962.84392812912, 10952.054171558662, 10988.112553453851, 10953.062606642632, 11014.024519183182, 10999.890661332647, 10958.329757451453, 10980.016509371007]
fps.e0u:[16.739335155648675, 16.961496583347916, 16.924516536537876, 17.117970692214094, 17.16934643251336, 17.197594431896945, 17.08821803122518, 17.108863717528088, 16.906876992983655, 17.349286003884163, 17.429911840301326, 17.237233163681474, 17.26279772114808, 17.14298912031959, 17.222337732787366, 17.60086296994161, 17.15168071444965, 17.131525915958896, 17.053720637195116, 17.26301915194263, 17.18343295287932, 17.110347984548827, 16.987849423057117, 16.905119024049966, 17.037939987501776]
fps.lt:[12836.77891733131, 13184.712647538108, 11952.312182397549, 12288.391316495497, 14621.84880998111, 13001.778776784982, 12647.7664605912, 12502.41807359668, 12269.509517515417, 12711.789583345759, 12853.429132056228, 13559.41470800728, 15193.086859006664, 12736.385079739597, 12253.641645737283, 13120.050588675864, 15528.68168001757, 13741.972320822457, 14767.979407518105, 13014.448054170925, 14357.666861483332, 11889.62131775345, 11866.300855046167, 13993.095806979905, 12596.934245847857]
fps.ltu:[746.9684641542366, 797.1946060573463, 655.1644557769375, 702.1618033976939, 981.6644993594664, 786.9963156260804, 739.236464400216, 717.1976203032917, 693.4830126667142, 754.567756208371, 786.6189896616322, 854.9690549012664, 1080.343526970953, 751.0757810279233, 700.4374391551099, 815.0976678419817, 1116.5139929694435, 879.0844296804875, 1014.7429230172695, 789.6983899732553, 962.6473358175081, 657.3811883538866, 655.1976640107122, 901.1295010403413, 739.550323458604]
fps.c2:[0.8109049177420327, 1.2232803622874706, 1.6825433181324934, 0.7342238955049365, 1.3071512535971022, 1.474270592642785, 0.7165153915335788, 0.506033226480607, 0.6697950904314174, 1.208587936976921, 0.8329978467192197, 1.408765615023485, 1.5788946518497136, 1.26343769051626, 0.6276976615826945, 0.5342099823129188, 1.5180320075596538, 1.8195598660852295, 0.38720614962566285, 0.8686141567479237, 1.1279824217501746, 0.4429273330328477, 1.2816844877405005, 1.388047453326562, 2.358716518251809]
FC:[[3.850912442719201, 3.900601475339495, 3.895408031395904, 3.911808257097601, 3.9294121024185724, 3.9618851124898873], [3.900083255415522, 3.94335615524587, 3.952047029429347, 3.969967525593676, 3.9865985479159143, 4.014470549964326], [4.031058978469666, 4.058032745263637, 4.0798338523312525, 4.100765715431428, 4.124392697190281, 4.153380100773783]]
FCE:[[0.03805306286795506, 0.024213253302517047, 0.0158423002081972, 0.012439952998801974, 0.010451163909843065, 0.008965000056012515], [0.02955856171202571, 0.01812344112723608, 0.011956078387991903, 0.009443883919196637, 0.007953325353142192, 0.006994996319268847], [0.024664997238607534, 0.015304500479696495, 0.01013399425178144, 0.008015326836244311, 0.006788529475367844, 0.00598537344723431]]
