Ri:[100, 130, 160]
Zi:[50, 100, 200, 300, 400, 500]
fps.ts:[1772.432119998932, 5317.296359996796, 8862.16059999466, 12407.024839992524, 15951.88907999039, 19496.753319988253, 23041.617559986116, 26586.48179998398, 30131.346039981843, 33676.21027997971, 37221.07451997757, 40765.93875997544, 44310.8029999733, 47855.66723997117, 51400.531479969024, 54945.395719966895, 58490.25995996475, 62035.12419996262, 65579.98843996048, 69124.85267995835, 72669.7169199562, 76214.58115995408, 79759.44539995195, 83304.3096399498, 86849.17387994766]
fps.e0:[10849.832516564442, 10853.185137200679, 10855.925124547282, 10859.943075462184, 10852.77511226384, 10857.220326101291, 10854.13184627037, 10839.754203932078, 10847.194753637345, 10855.784469672437, 10855.847963166596, 10854.356156750944, 10851.438499449418, 10853.30365549484, 10863.46944391941, 10846.153538515107, 10861.238705868189, 10848.560073588795, 10850.34270589374, 10871.058582702943, 10852.636034191597, 10859.206057289866, 10858.254620377706, 10850.661050353181, 10854.545517482344]
fps.e0u:[6.881683240068166, 6.774761437336745, 6.802908192312687, 6.734718213153766, 6.791317479707764, 6.7531460000175105, 6.78233813627063, 6.814801324720616, 6.75591087077368, 6.756113592409536, 6.729500079915554, 6.778209669723051, 6.759643309387102, 6.768961172537781, 6.791169616541608, 6.7623316343251885, 6.765044399346244, 6.763923886802931, 6.769605242996677, 6.809929995731148, 6.807334212620454, 6.778070020175128, 6.778444776613942, 6.814829785908366, 6.816769958345354]
fps.lt:[8249.869838283494, 8072.235857291918, 8021.898161843715, 7969.674727707975, 8048.159576924635, 8069.333187034637, 7999.753514736147, 8333.142296952677, 8317.481623051492, 8058.311061356233, 8088.793333072814, 8200.61527596546, 8089.397245607888, 8053.860499344681, 7910.7881500586, 8288.300468807716, 7967.39477833527, 8213.595412826475, 8153.1065771148515, 7824.18773346134, 8084.078670364802, 8122.397803258217, 8001.9214235096615, 8230.139755924098, 8097.271713256183]
fps.ltu:[129.10731929673577, 122.10923277418311, 120.87802069059661, 118.31270451977669, 121.18507048867494, 121.34855418121299, 119.89529047371005, 130.5593817604493, 128.77617670176122, 121.09522277881871, 121.61610512641967, 125.73046662018788, 122.42128775202222, 121.06796474380725, 117.06981416734259, 128.2620889441643, 118.4072211230465, 125.93346435358691, 124.26412939723177, 115.02245580534088, 122.82253729520717, 122.98052924525098, 120.05298082112445, 127.24445140559435, 123.26985254761708]
fps.c2:[3.063875560507478, 4.237920353003206, 5.344754143572359, 2.2626134144992487, 4.052248425179674, 4.88043349799861, 2.34781156650987, 3.0361818180803684, 2.925504417062679, 4.819471377804731, 2.336251685193931, 3.0843687116611984, 2.6314637595345713, 3.7991799289031998, 2.896262659657723, 4.416701103481663, 2.492475409744713, 5.010347833004965, 2.451518163825704, 3.5712069695563358, 4.148406369718073, 3.892581231082938, 4.357203345892452, 1.8794785462402812, 4.7679350019224875]
FC:[[3.800249301232429, 3.8371498566223115, 3.8571508689368694, 3.8849365055155687, 3.9222870738694007, 3.962260000102453], [3.8645091380940126, 3.8847938476820727, 3.9095525535662508, 3.9448944287468843, 3.9842977002883444, 4.021945299503892], [4.004316665166105, 4.028469213251165, 4.0556541827947745, 4.089008338212956, 4.126832150836511, 4.165433960044652]]
FCE:[[0.016497805003599916, 0.009539568944167244, 0.006123061531603522, 0.004792667019237558, 0.004063255957355713, 0.0035064610921695075], [0.013003449548948524, 0.007403614193602114, 0.004742226309320732, 0.00363794150384298, 0.003091940811018594, 0.0027376169091516234], [0.011007779837602066, 0.0061909083946425905, 0.003941509889885823, 0.003097670054575987, 0.0026360755521321034, 0.00234159462426789]]
