Ri:[50, 100, 150, 200]
Zi:[100, 200, 300, 400, 510]
FC:[[4.024967410268981, 4.00614778458103, 3.9861333921048216, 4.0475555768798595, 4.057254441573766], [3.984714865297715, 3.999497226315701, 4.03703767901611, 4.075361539192173, 4.104895795124044], [4.13126217964876, 4.148362013317392, 4.178457089703812, 4.214381412564634, 4.246781836920355], [4.680633409492977, 4.7348960971253735, 4.789175558162354, 4.844107237176388, 4.870192955663561]]
FCE:[[0.05202454914252622, 0.03495642099754981, 0.02834812410652966, 0.024066541509496213, 0.02114916259668203], [0.024663433223101414, 0.01703577957276351, 0.013700422951297989, 0.01180915566873904, 0.010409627945116292], [0.017339934938914493, 0.011793348906163308, 0.009515029269959278, 0.00820343097297127, 0.007266531862131486], [0.01607858900316508, 0.011025675977126394, 0.008825033550878394, 0.0075570724445637285, 0.006680327848154548]]
fps.ts:[1610628261.15948, 1610631874.29444, 1610635487.4294, 1610639100.5643601, 1610642713.69932, 1610646326.83428, 1610649939.9692402, 1610653553.1042001, 1610657166.23916, 1610660779.3741202, 1610664392.5090802, 1610668005.64404, 1610671618.7790003, 1610675231.91396, 1610678845.0489202, 1610682458.1838803, 1610686071.31884, 1610689684.4538002, 1610693297.5887604, 1610696910.72372, 1610700523.8586802, 1610704136.9936404, 1610707750.1286001, 1610711363.2635603, 1610714976.3985205]
fps.e0:[10114.447315764142, 10107.5497583793, 10112.398433386441, 10128.824710353822, 10098.773473529425, 10082.597972644902, 10096.997087179761, 10102.31036152369, 10079.952744715478, 10067.635636917474, 10039.240533328357, 10094.90863712129, 10077.287645964301, 10053.945339371232, 10090.034136199407, 10112.260658682384, 10092.364000249943, 10040.988694423571, 10053.210280925388, 10079.377052830509, 10079.56850299005, 10035.378710364243, 10088.690234327612, 10046.220488907966, 10087.75485785241]
fps.e0u:[22.830303388513048, 22.91748823607636, 22.592005298482373, 22.603508647596424, 22.11684491826724, 22.62455965678867, 22.227242789270903, 22.42450911030742, 22.77684426145393, 22.839789479784297, 22.418822790657618, 22.72144440737176, 22.584320468092738, 22.477243939791773, 22.196089182362012, 22.422296097655373, 22.46696477115512, 22.4513013693892, 22.55752779797476, 22.487821229025137, 22.36061159526105, 22.418859143422974, 22.4044826188969, 22.16932146819176, 22.215801805234342]
fps.lt:[13823.86371726238, 14831.944679639111, 15057.916176670724, 14497.13564015404, 16452.68120296468, 16465.985296392122, 16098.410695188022, 14334.816649897282, 16566.869593743933, 19151.306533892017, 21097.315711914198, 16462.69235930975, 15742.902558927584, 19675.57644678823, 16397.000815154355, 14903.613373070297, 15896.237723239377, 20141.142230244954, 18923.00582705153, 15636.658582372147, 16586.577172053774, 19140.865085097357, 16861.199746778984, 19437.94967275346, 16505.608005245358]
fps.ltu:[1307.2657274084359, 1491.9174800805786, 1533.5256625849133, 1409.5085497784062, 1795.9013652883336, 1821.7759994329447, 1716.9678305536895, 1389.5702024510247, 1863.3907527771103, 2478.991609925648, 2964.8070415716115, 1826.1061017445245, 1662.7884141627142, 2593.275932347436, 1798.4861438647538, 1464.6729684446627, 1677.6403524363252, 2703.631002275704, 2407.5063558933325, 1642.504316662155, 1828.4690840600147, 2444.783366011259, 1900.75956421657, 2508.720511421935, 1786.1087106217565]
fps.c2:[1.4365453996220705, 1.9403549742712132, 1.5110411981228784, 1.1221264822556996, 1.0817860090724984, 1.0377971555336585, 0.8826875240378853, 0.5540504024373967, 2.206695786212281, 1.6109942177687724, 1.1491918244452568, 0.6048864084533457, 0.8109137915192473, 0.9990508048415455, 1.1718134981175206, 0.7944036859543877, 1.858080884305856, 1.4380022691540044, 1.2787092472976056, 1.3552384580795476, 1.1743358130917503, 1.7736642009226786, 1.1711630050277833, 1.7019462418367224, 1.2651565201382011]
