Ri:[100, 130, 160]
Zi:[50, 100, 200, 300, 400, 500]
fps.ts:[1706.3209000015258, 5118.9627000045775, 8531.60450000763, 11944.24630001068, 15356.888100013733, 18769.529900016787, 22182.171700019833, 25594.813500022887, 29007.45530002594, 32420.097100028994, 35832.73890003204, 39245.38070003509, 42658.02250003815, 46070.6643000412, 49483.30610004425, 52895.9479000473, 56308.589700050354, 59721.23150005341, 63133.87330005645, 66546.5151000595, 69959.15690006256, 73371.79870006561, 76784.44050006865, 80197.08230007172, 83609.72410007476]
fps.e0:[10529.372994019957, 10621.67063518458, 10616.513694861105, 10623.483270661194, 10624.200859416389, 10627.241892511327, 10636.054667502573, 10622.223963171897, 10631.688259260864, 10633.130614713413, 10650.289272346292, 10666.371471402463, 10636.850154215876, 10681.742040472485, 10688.929257127886, 10642.94166193799, 10670.709426060095, 10669.44856244085, 10676.583807160066, 10649.83936209016, 10671.26078877615, 10663.570819450117, 10631.9108895151, 10685.020680276235, 10658.62098653703]
fps.e0u:[12.690694573485848, 12.783457638766151, 13.574563895917894, 14.36978647472952, 14.979908903971255, 15.276296778032492, 15.85204129301396, 15.877520967701493, 16.070038999812027, 16.003483340522862, 15.973208140104369, 16.04199304382, 15.969847753987317, 16.166232707033977, 16.362331238441538, 16.24867534634256, 16.321188668655033, 16.14616271912225, 16.487455607699545, 16.334812964896496, 16.30332469630341, 16.07000151480261, 16.477430569591217, 15.88842711867683, 15.92127494601613]
fps.lt:[9084.353049316309, 9119.02075216476, 9827.07719784445, 9633.66346668166, 9427.161126226618, 9778.102392046212, 9410.96046978301, 10202.033866067577, 10023.14268250034, 10332.518026579879, 9621.742550144956, 9069.377608492634, 10437.941092674011, 9517.230115988352, 8910.032213894256, 10163.173957183542, 9932.897261862814, 9706.7515787206, 9735.755704467025, 10578.078937998269, 10138.906088668864, 10063.12303934466, 10870.583321997574, 10126.620735715487, 10622.150138052457]
fps.ltu:[296.2639428538949, 298.45656948929116, 368.62744722560706, 374.6992285484468, 375.6220930658851, 410.140732618806, 390.46050916608084, 465.63274155914195, 454.2107499563304, 475.9035790385172, 414.65626126197964, 371.34678738253854, 487.4839640642143, 407.7589913458825, 363.3215616064805, 470.473804274235, 450.58660587609796, 429.4921088300864, 437.4102788400975, 512.7102157353956, 466.6184568490726, 456.4607045714701, 543.5038247087489, 454.9614408119839, 509.38758434104676]
fps.c2:[2.0365973914624687, 1.2647384427382962, 0.666802984313872, 0.42484400300216546, 0.9954654348786864, 1.0032292428122207, 1.6331685870852037, 1.4694249347807469, 1.4176724772364742, 0.8889434278243088, 1.4563907284728133, 1.175498777363377, 0.5563319938871106, 2.2372213641393137, 1.2736811576823812, 1.3206081088203463, 0.6586439103463303, 0.9012192600184084, 0.9855401412974865, 1.1480524376430465, 1.2327042836752513, 0.7222694901227992, 0.9147682073631562, 1.1606110622518846, 2.2534951948906867]
FC:[[3.8363747693804617, 3.8981877155531084, 3.948840598769152, 3.9884200665234304, 4.029698105378424, 4.070244590149876], [3.9211173194710542, 3.947774492686397, 3.998928959705595, 4.035353403036852, 4.079668342502708, 4.116135396169828], [4.0642564289233665, 4.079098353483955, 4.125410520407856, 4.162670889868692, 4.204042886686283, 4.243344528930247]]
FCE:[[0.03698112641766725, 0.022394811793463497, 0.014646410349265861, 0.011566518760852462, 0.00955934091337703, 0.008461949454408861], [0.02911913198954286, 0.017417572284830245, 0.011059675245156369, 0.008724213689984557, 0.007437499904831103, 0.006592546772726282], [0.02445885669262775, 0.014436493180220408, 0.009399254559134528, 0.00743255094688528, 0.006340521022441703, 0.005629325780807827]]
