Ri:[100, 130, 160]
Zi:[50, 100, 200, 300, 400, 500]
fps.ts:[1672.6605999994279, 5017.981799998283, 8363.302999997139, 11708.624199995995, 15053.94539999485, 18399.266599993705, 21744.58779999256, 25089.908999991418, 28435.230199990274, 31780.551399989126, 35125.87259998798, 38471.19379998684, 41816.514999985695, 45161.83619998455, 48507.15739998341, 51852.47859998226, 55197.79979998112, 58543.120999979976, 61888.44219997883, 65233.76339997769, 68579.08459997654, 71924.40579997539, 75269.72699997426, 78615.0481999731, 81960.36939997197]
fps.e0:[10871.686343090207, 10902.555105905254, 10892.570323910903, 10873.459609735246, 10915.75782977212, 10890.990911082321, 10878.357015139558, 10889.916656217905, 10890.727916781767, 10855.584139155693, 10865.59141468805, 10904.372580653417, 10865.29507657764, 10883.365185061944, 10888.526710196289, 10852.690963446406, 10893.743741238997, 10878.867080510478, 10851.312783174933, 10873.42693645025, 10865.089570647688, 10878.565070382161, 10885.350972696006, 10881.940639640461, 10866.263872012121]
fps.e0u:[16.808797251365743, 16.712943418954215, 16.920542773875194, 16.547405701210774, 16.720257617376895, 17.02807423363162, 16.82186335711185, 16.939575832068957, 16.75335437674973, 17.019506638677353, 16.888260503666537, 16.848187618607827, 17.09222083643876, 16.780796518469298, 16.775893456806223, 17.017335039407335, 17.134381796710343, 16.719317579725548, 16.824251651292396, 17.085582518091027, 17.10344188521661, 16.84085686129289, 16.83778265652327, 17.094568575727223, 16.884218629705344]
fps.lt:[12698.723666219368, 11582.832119262514, 11999.177490694898, 12806.31494370716, 11489.881676811565, 11774.12537361337, 12589.479688237858, 12370.74175245905, 12431.430519990148, 13102.225869030519, 12869.74337205112, 11523.727755449514, 13456.54986062377, 12158.046390182466, 11914.61495539677, 12956.526660344, 11920.957411648382, 12831.103397037366, 14017.942735405079, 12578.557558962755, 12917.97863873798, 12371.3370160255, 12330.38198281883, 12186.265042602843, 13010.481750911022]
fps.ltu:[749.4434371666047, 621.0630130051578, 672.1470531240731, 756.552499509411, 609.6415254160805, 650.533850829341, 736.1731268610056, 723.4126581835113, 709.8060847997044, 807.3313401852917, 766.2945394071638, 623.3369213591451, 855.7142854596639, 682.8843287803459, 659.6095383006705, 787.7486366313293, 663.533359065872, 763.6073573298784, 914.9005038456437, 747.733183963221, 787.1041697616902, 718.2868011737241, 707.6113833921464, 701.5242201534854, 794.2292134608836]
fps.c2:[2.489423032901678, 0.8334065612569479, 1.445018726254021, 0.7246798856999214, 0.7034303449822905, 1.1715356525072531, 1.0713908523752298, 0.9359163943917415, 1.4560779847522778, 2.282157659296723, 0.6797324518539448, 3.0252515987140387, 1.1553702305470024, 1.86686750629337, 1.326500219264197, 1.9331716017860363, 2.0607782083678896, 2.1876000242639897, 1.1738948494013877, 0.6071952434779331, 1.2565421324187165, 1.4448749829556529, 2.6760247772137187, 1.5910185715865954, 1.6691225263848959]
FC:[[3.814314441480672, 3.846185143883214, 3.864940016813486, 3.8982727654258227, 3.9247013637767747, 3.951880008721743], [3.8343255932719047, 3.8939339882788917, 3.919892818480067, 3.9480924269995237, 3.9739268104228236, 4.002383843343031], [3.97462819815587, 4.0169042905377905, 4.049506286863879, 4.084834812259641, 4.11029669189352, 4.13384637322243]]
FCE:[[0.037027310518756795, 0.023290295097749703, 0.01549948340439553, 0.012240625299826191, 0.010363149587959506, 0.00911559751873091], [0.02843732646967311, 0.018046104152299895, 0.011986513510689627, 0.009476217084542634, 0.008034929289091835, 0.0069318908516554575], [0.02431583772642919, 0.01494109546132367, 0.009892800014523532, 0.007850637811266754, 0.006675339779124825, 0.005908070402147992]]
