Ri:[100, 130, 160]
Zi:[50, 100, 200, 300, 400, 500]
fps.ts:[1737.6637399959563, 5212.991219987869, 8688.318699979782, 12163.646179971694, 15638.973659963607, 19114.301139955518, 22589.628619947434, 26064.956099939343, 29540.28357993126, 33015.61105992317, 36490.93853991508, 39966.266019906994, 43441.59349989891, 46916.92097989083, 50392.24845988273, 53867.575939874645, 57342.90341986656, 60818.23089985848, 64293.55837985038, 67768.8858598423, 71244.21333983421, 74719.54081982613, 78194.86829981803, 81670.19577980995, 85145.52325980186]
fps.e0:[10901.719940303961, 10934.999879621562, 10910.803466479036, 10896.223873789077, 10900.525849696402, 10922.580700483497, 10913.533508169447, 10926.926716420985, 10926.142404997949, 10933.946629418608, 10931.694029925211, 10931.23754787414, 10916.281347258342, 10930.767925784416, 10930.689699449049, 10935.095784915402, 10905.72900938088, 10927.370471435293, 10950.041988463316, 10943.49318664899, 10936.625697455376, 10932.897020228065, 10961.411814569368, 10913.860978619332, 10917.898563359538]
fps.e0u:[12.048348297854707, 11.914888472720717, 11.951489226673768, 12.286317869550219, 11.83254892810723, 11.921938119889301, 12.075464635858578, 11.983410347521286, 12.65189620484865, 12.11290590898193, 12.130920990373072, 12.014952528877332, 12.145108685065331, 12.00797656471182, 11.998799015825394, 11.962586796821684, 11.966905530924707, 11.912095076430797, 11.994276394157405, 12.02242558543863, 11.923879822404276, 12.000477234323299, 13.018682194149013, 14.40576507753606, 14.457434027242167]
fps.lt:[6546.863204260716, 6248.575171101917, 6414.657322431692, 6580.406838092361, 6513.12828640663, 6303.096499350915, 6470.450555264483, 6319.396331982623, 6307.309986398355, 6158.215371956684, 6160.256957225895, 6335.0361905275195, 6434.369898716536, 6216.143917408794, 6289.496052599651, 6160.246168766964, 6571.638621862436, 6259.733052385862, 6036.452677604406, 6146.50090920278, 6200.007531418346, 6287.697197366309, 6000.416965093359, 6509.623115546397, 6408.837083737787]
fps.ltu:[141.30789439499694, 126.73439710855054, 134.71197019722362, 145.2125552944261, 137.66292140740933, 129.8680257436894, 137.57833321303306, 130.78665185865816, 136.94638090866476, 124.7401965088133, 125.19530372701853, 131.78300948730435, 137.14190254816617, 126.83688076420643, 129.66301576410277, 123.56959113082978, 140.86801189412856, 128.34010392824, 119.15147687890088, 123.55384234685822, 125.83746419726634, 129.67317640591625, 127.3552094236989, 167.332951456889, 162.5570515163384]
fps.c2:[2.036056438651299, 1.4912593577380895, 3.286990117849131, 1.566501120242587, 3.088843700345128, 2.8804219626710013, 2.6007527308557203, 1.6656074616084229, 1.971143201456557, 1.8646888204615901, 1.948139345351304, 0.9264735049014342, 1.7942060083186002, 1.0331815740016572, 0.6968895601022032, 0.7610887730452931, 2.4555173179805525, 2.834363617883893, 1.2890517679743856, 2.243540931230548, 3.0614374088573766, 1.9315602113494728, 1.386538766675139, 1.5391775324990107, 1.1909731011080262]
FC:[[3.8646709127322096, 3.8764031377745085, 3.928295083615537, 3.9813527343171686, 4.05613460499639, 4.147493091136763], [3.901547369620711, 3.9042841025389725, 3.95586843118098, 4.028506478906232, 4.109294886434437, 4.20530525785153], [4.0024599289862195, 4.028144838925219, 4.081468886667555, 4.160365951147428, 4.239990026267024, 4.3353239242080575]]
FCE:[[0.03198611737561584, 0.017744720754620608, 0.011135116331164966, 0.008502600202305083, 0.007271707790607607, 0.006571895264555347], [0.025131573132336157, 0.013814825944603835, 0.008358707591955556, 0.006596687395707103, 0.005669146723469222, 0.005015581182877875], [0.02144170926634838, 0.011388919826735188, 0.007053690567201983, 0.005463732764489654, 0.00469046498218968, 0.004153883189209342]]
