Ri:[100, 130, 160]
Zi:[50, 100, 200, 300, 400, 500]
fps.ts:[1733.5242199993133, 5200.57265999794, 8667.621099996566, 12134.669539995193, 15601.71797999382, 19068.766419992447, 22535.81485999107, 26002.8632999897, 29469.911739988325, 32936.960179986956, 36404.00861998558, 39871.0570599842, 43338.105499982834, 46805.153939981465, 50272.20237998009, 53739.25081997871, 57206.29925997734, 60673.347699975966, 64140.3961399746, 67607.44457997322, 71074.49301997185, 74541.54145997047, 78008.58989996911, 81475.63833996773, 84942.68677996635]
fps.e0:[10605.54074073198, 10638.0992597095, 10681.223435642924, 10697.408073392719, 10698.849112576707, 10684.780403163642, 10727.616751450021, 10703.564919588254, 10728.38761015138, 10756.974437604364, 10735.660633759764, 10768.074709485576, 10778.988362896946, 10782.559164460734, 10775.112946239333, 10778.943685976377, 10813.721092031466, 10798.0911286329, 10817.7693252734, 10824.258884926581, 10812.576302256319, 10852.072370703625, 10804.942333266066, 10845.884487310102, 10855.983658653684]
fps.e0u:[15.001343321865681, 15.457310007975634, 15.033638325908008, 15.368861516941866, 15.135338401567138, 15.138386011169397, 15.353444209475173, 15.494281092212415, 15.107866716464716, 15.133164394929784, 15.38448963290877, 15.28687504590371, 15.326246471464213, 15.357341017834713, 15.41255589617932, 15.434836843629016, 15.29798508384392, 15.579939154823602, 15.496923020882049, 15.342695462775373, 15.222323293981127, 15.274895743740819, 15.677076753348837, 15.439416939671748, 15.634599671085171]
fps.lt:[14415.83403876738, 13540.004976206159, 12008.703812000129, 12681.774582023914, 12941.172934071285, 13783.942145048099, 12349.061457768159, 13572.780169971142, 13410.274892305995, 12898.211319671607, 13454.993278290432, 13182.423065796926, 12954.105962626003, 12434.999201352459, 13665.489372475391, 13848.795314657902, 12495.749202747, 13319.503558971925, 12828.180176554217, 12327.592002376505, 14436.428200046796, 11836.535794039783, 13981.779818995932, 12157.860643039132, 11689.262421458257]
fps.ltu:[882.718379958227, 796.6434315531703, 616.8047345405428, 694.2067534597289, 712.8761104468568, 808.7444873711471, 659.1407147520013, 799.7225722339301, 759.8914906126449, 706.3613330488491, 780.4174162846551, 744.5891949295501, 714.3455195268454, 666.0532189406415, 799.2142647692896, 828.4412934216967, 661.2318713477899, 766.8053681644295, 708.9684670370892, 649.199201012181, 885.2710649382343, 595.8769549600319, 849.305084233163, 635.8936039874043, 591.8296952996991]
fps.c2:[1.3795599644046275, 1.4498275193601027, 1.1597976982039475, 1.0095145678377433, 2.245691869524318, 1.4739993757442633, 0.4575329460174358, 1.2983400143359332, 0.6236270244729339, 1.0524692280606085, 0.8568588355379227, 1.4588834981632195, 0.8867537347763824, 2.4722278133562012, 1.684813898646419, 1.513129030041398, 1.8937404322548141, 1.7821584033600395, 2.1899745741375907, 1.0231089136644576, 0.8306791953945625, 1.04608693527527, 1.7318018963323354, 1.465505678889426, 1.7489843990723568]
FC:[[4.078907591288302, 4.126300889692195, 4.154329275459414, 4.166416557165501, 4.179931245431601, 4.200870045733237], [4.130598401577231, 4.1593394481335855, 4.182740399834057, 4.203731351689333, 4.223527484694585, 4.2467117454585], [4.261860012862367, 4.279557841387845, 4.30442389626157, 4.32390833932418, 4.344775655506133, 4.365347589223204]]
FCE:[[0.03742285325994595, 0.023019525566283037, 0.01531141531677695, 0.012036279885675122, 0.010160891354259046, 0.008915971698559894], [0.028569189430647898, 0.017752149873115255, 0.011738572866565723, 0.009270024596965425, 0.007670308640636535, 0.006751910875840107], [0.023652905321034853, 0.014607696714322781, 0.009653589703591415, 0.007623042527005345, 0.006483871129564677, 0.005717946954244231]]
