Ri:[100, 130, 160]
Zi:[50, 100, 200, 300, 400, 500]
fps.ts:[1008.6732400035858, 3026.0197200107573, 5043.366200017928, 7060.712680025101, 9078.059160032271, 11095.405640039444, 13112.752120046614, 15130.098600053787, 17147.445080060956, 19164.79156006813, 21182.1380400753, 23199.48452008247, 25216.831000089645, 27234.177480096816, 29251.523960103987, 31268.87044011116, 33286.21692011833, 35303.5634001255, 37320.909880132676, 39338.25636013984, 41355.60284014701, 43372.94932015419, 45390.29580016136, 47407.642280168526, 49424.98876017571]
fps.e0:[10849.511017295632, 10827.90556221141, 10819.322668455961, 10857.000337376028, 10833.851960309445, 10846.75161916461, 10818.768602361071, 10844.001772872336, 10868.726843381693, 10843.535270700786, 10875.056834681336, 10828.273416569424, 10800.306727234003, 10847.040044523568, 10818.846173286316, 10858.208725045364, 10827.169606739059, 10835.000878283277, 10851.30448596821, 10818.18038217561, 10826.566463697223, 10851.234036290258, 10827.524527496875, 10831.937143090607, 10865.724392029157]
fps.e0u:[18.320613760194714, 18.385364862874216, 18.247435661390313, 18.513407664859834, 18.556513775513285, 18.567847262344802, 18.90724063835033, 18.455317786181514, 18.41647832816402, 18.595207203081312, 18.243264055777747, 18.201629502025344, 18.539198378917337, 18.5724984512966, 18.53025276213276, 18.227252100706814, 18.647152801459914, 18.727730169509805, 18.521605486473664, 18.725833084044503, 18.709614505285565, 18.423807923634453, 18.76135426877544, 19.060552523876627, 18.78533404163214]
fps.lt:[10696.735412578608, 11273.547427997391, 11463.325041781296, 10317.193584494878, 11528.377192684058, 10413.891281284767, 11566.43474450049, 10857.432553402097, 10141.424439113282, 10351.106649358073, 9608.327230252304, 11329.968499963546, 12307.397806900608, 10133.330890743917, 11017.448950402884, 10792.138012157568, 12027.137590039052, 11683.403923175845, 11283.880513033591, 11818.948540608535, 11422.466535567411, 10895.289161393937, 11131.096794982857, 11401.283040492597, 10629.24443421462]
fps.ltu:[579.5426088963145, 652.328881327123, 666.9263793075316, 551.982592575493, 685.5035065570081, 565.3461803429234, 698.4415507660534, 607.2361289186459, 524.9656655149961, 560.0465256136657, 471.2140166852347, 649.9673196068738, 779.3172404394812, 536.8787099119983, 630.5955884003945, 590.9093507611404, 749.5279972536821, 705.466819872698, 655.5872223310404, 731.4048343598355, 673.8887084089993, 607.0279503165277, 643.2392966994064, 683.1619231541213, 588.0909840064686]
fps.c2:[1.1376605417194534, 0.5279370221297955, 0.977726720142613, 0.7608066341080124, 0.6273453660972231, 0.4856542476198059, 0.7710997400316573, 0.5051578532797795, 0.9533847892393605, 1.4227779469676018, 1.1748685828086736, 1.0468154750515157, 1.613070861428611, 1.4118804282440574, 1.1743416922548904, 1.3604542300247855, 0.8927951028294494, 0.6013916680959726, 0.2577953857164533, 1.5064450403548895, 1.5359972774780604, 0.7035516983715321, 0.7399615405787439, 0.7876346637584384, 1.4242198655903064]
FC:[[3.7827027559625503, 3.811921811919895, 3.8391748623392425, 3.8723646046384332, 3.903238583617425, 3.929471313691951], [3.826055150982373, 3.876378164758226, 3.907112004468367, 3.9377893175044663, 3.9633720723584713, 3.9937878933013886], [3.986247041163996, 4.018655586138565, 4.047380304998539, 4.0799722320409355, 4.110985187427525, 4.1426337536290125]]
FCE:[[0.042220022684939545, 0.025078977580299526, 0.01653859166940862, 0.013070096595109704, 0.011128978805352572, 0.009822173346155254], [0.03211295743719922, 0.01968698768873497, 0.012981651733870381, 0.010261385482952676, 0.008514938583419647, 0.007536651740193156], [0.026914435194408316, 0.016373295716422525, 0.01080025999670727, 0.008551378897789784, 0.007300632930584281, 0.00647833121343242]]
