Ri:[50, 100, 150, 200]
Zi:[100, 200, 300, 400, 510]
FC:[[3.9801571892107477, 4.0212206484740545, 4.030961131184842, 4.024782889588188, 4.04096379585631], [4.004906424617819, 4.017110306163008, 4.043335625323009, 4.060949021902583, 4.087645554999818], [4.1321186192364845, 4.153364579984625, 4.1872672857006785, 4.212133706774169, 4.244135430990543], [4.787449724550964, 4.837755222865873, 4.865205607143276, 4.891379889175535, 4.909556838847012]]
FCE:[[0.04012478813884985, 0.02761476916432862, 0.022431849496605313, 0.01925862685075843, 0.016974616020803433], [0.02043224776557665, 0.01384233129781865, 0.0112113629666435, 0.009660200369914806, 0.008540540443129522], [0.014361501676960587, 0.009719463982428391, 0.007654042280480818, 0.0066088882342464576, 0.005855123003345042], [0.013111846226507929, 0.008863091958657867, 0.007146451802263169, 0.006168062552034286, 0.005444083001375578]]
fps.ts:[1616411136.32798, 1616414541.41394, 1616417946.4999, 1616421351.5858603, 1616424756.6718202, 1616428161.75778, 1616431566.84374, 1616434971.9297001, 1616438377.0156603, 1616441782.1016202, 1616445187.18758, 1616448592.27354, 1616451997.3595002, 1616455402.4454603, 1616458807.5314202, 1616462212.6173801, 1616465617.70334, 1616469022.7893002, 1616472427.8752604, 1616475832.9612203, 1616479238.0471802, 1616482643.13314, 1616486048.2191002, 1616489453.3050604, 1616492858.3910203]
fps.e0:[10699.992479686427, 10710.45293521676, 10687.866048729036, 10676.13097548522, 10685.123600444313, 10674.891895683464, 10676.742926947483, 10688.512712262473, 10694.552101456335, 10668.849436162229, 10683.257471699219, 10654.750218848914, 10635.96583873424, 10683.938491759462, 10691.382907551786, 10699.292427091466, 10658.436982965144, 10660.348565851205, 10677.158598232454, 10692.18073555649, 10683.495334517585, 10686.305472437081, 10738.925867349673, 10683.751112484357, 10677.41731348233]
fps.e0u:[18.69094242051568, 18.732557896924, 18.942932466724976, 18.89564268208921, 19.218104956346362, 18.85825915829891, 18.856241796818765, 19.03934629860149, 19.12633923733972, 19.117491462879425, 19.2658909057918, 19.259445478638572, 19.232602660518467, 19.008732263173023, 18.91129107376338, 19.0463034316402, 19.239929717289996, 19.10815737321608, 19.016490908746047, 19.286731558606263, 19.15056653615563, 19.23797895210041, 19.04313834895262, 19.13057375479636, 19.349286609418513]
fps.lt:[17194.24355411645, 16084.176158455804, 19760.45857725257, 19223.72885005254, 18143.829293381656, 20299.989593625647, 19502.27021004956, 18632.67470421375, 18242.686266402277, 20622.65290364058, 18705.36687466659, 21378.79320274739, 28499.481754806373, 17166.389201761576, 17594.272893982714, 16935.93008253206, 20514.50646269325, 21611.442205396004, 20194.66030266793, 17497.66803749713, 18458.40628589149, 18275.81951579849, 15558.64154305012, 18834.9482834907, 19066.26329005916]
fps.ltu:[1556.4607176065333, 1371.6496449690896, 2072.612685820684, 1963.5331833905716, 1780.991051872565, 2197.591405900621, 2023.2962723529447, 1854.5037842900235, 1786.9227051089802, 2270.10241549294, 1887.972012041867, 2482.8650209559805, 4378.149533965995, 1589.0466967723585, 1659.1383191183206, 1538.2130738928017, 2283.9082711855785, 2504.535310220055, 2187.0598069886055, 1674.1816753741325, 1840.3309375345805, 1813.435407491363, 1288.266064947153, 1903.6978192594515, 1974.736049965848]
fps.c2:[0.6286290550922187, 0.6873057697401805, 1.6250128851533565, 0.7399512950856609, 0.9119372941194123, 2.018713576627144, 1.0518176633244445, 1.0597789770294856, 1.1175402875048175, 1.0284357175672776, 1.1558664314193308, 1.824809927880658, 1.3914462086665256, 1.1352015853986157, 1.020867611326769, 1.614924846764445, 0.8591615305901711, 1.9205610292659387, 1.122650683084071, 1.1400938282627548, 2.656651859766656, 0.824232107645898, 1.0468187254708683, 0.732328260997339, 1.2323725510370809]
