Ri:[100, 130, 160]
Zi:[50, 100, 200, 300, 400, 500]
fps.ts:[739.1708599996567, 2217.51257999897, 3695.8542999982838, 5174.1960199975965, 6652.537739996911, 8130.879459996224, 9609.221179995537, 11087.562899994851, 12565.904619994164, 14044.246339993479, 15522.588059992791, 17000.929779992104, 18479.271499991417, 19957.61321999073, 21435.954939990046, 22914.29665998936, 24392.63837998867, 25870.980099987984, 27349.3218199873, 28827.663539986614, 30306.005259985926, 31784.34697998524, 33262.68869998455, 34741.030419983865, 36219.37213998318]
fps.e0:[10609.505614175907, 10608.413780982282, 10611.401515907168, 10625.332332581997, 10622.4169931238, 10588.00404692377, 10617.908394987331, 10625.708833797484, 10635.14747779448, 10602.035091264444, 10647.717787685458, 10650.507023138696, 10617.47008743671, 10654.842175904954, 10567.467136585627, 10605.599551008581, 10648.986573965798, 10605.471585450623, 10625.62678861287, 10643.759315960906, 10642.785899453715, 10606.695366238413, 10651.894962951288, 10667.324173338704, 10662.872802381833]
fps.e0u:[19.756469468863585, 19.962874535338585, 19.450493904260455, 19.319373969392835, 19.395156608596967, 19.680301939914465, 19.500253124058325, 19.726577757020685, 19.249529910171706, 19.86430176272134, 19.55394520959408, 19.49716592953818, 19.319576269998056, 19.268295974581193, 19.570030957419828, 19.615432274720934, 19.78833529699226, 19.372448911050984, 19.318347040640806, 19.154050268239637, 19.376452126264176, 19.819810702178557, 19.475566748689825, 19.706659228598287, 19.794618864261917]
fps.lt:[5305.355204891254, 5078.0680892277405, 5347.183509200044, 5185.26835952798, 5183.14759381237, 5459.258772762641, 5250.226967129477, 5136.426736380283, 5199.423368157785, 5328.827566651889, 5162.6631784000065, 5109.058251094753, 5373.239469727712, 5013.800096467639, 5713.127022454564, 5459.525939377578, 5251.82363850113, 5524.699678575845, 5340.086866368856, 5336.509765737424, 5358.1023304476685, 5517.780236655765, 5264.010838464249, 5111.995808467399, 5304.476121786797]
fps.ltu:[154.43377778708862, 142.74896822037246, 156.4789605624395, 145.94116937854722, 146.10549701646053, 163.07149725365724, 149.87254482810172, 146.18365843378527, 146.2749504980788, 157.0132507020195, 145.87489817384167, 142.62193098771806, 156.30698360790188, 136.56995739974883, 179.09309958714266, 162.95872327338688, 153.02301588633537, 167.4003033251677, 153.81476325592325, 152.98442996335797, 155.72987148979652, 168.96412352177725, 150.98492192127287, 143.92509979355094, 155.81680253145225]
fps.c2:[1.2365972254744517, 1.0343678859076681, 0.7750880005696718, 2.448313052424349, 1.9240338442458127, 1.4311560135820076, 1.2820113594252254, 1.8312641089768638, 0.7582088586186698, 1.6490963752984238, 2.7612792752614386, 1.2648698217114946, 1.0086525040376033, 1.1746260925548677, 0.8714979984600034, 1.4046514681369708, 0.814183291251772, 1.0412522725893163, 1.5107362793588097, 1.0118071903605108, 2.8249772254565184, 1.5361249414567024, 1.004251541731139, 1.4343807944957392, 1.7654102160696847]
FC:[[4.074039945064409, 4.048535042609998, 4.076558283698925, 4.126158524755196, 4.179109673851633, 4.238759012482371], [4.0731756461313156, 4.0738682239212185, 4.105188477103387, 4.171439666965855, 4.222468313306696, 4.27645154406203], [4.1241064666760066, 4.179382682903103, 4.219905011647866, 4.2875857638537065, 4.340512619438278, 4.397854933604722]]
FCE:[[0.05657054925927959, 0.030813494861713028, 0.018788329779540747, 0.014598116165199498, 0.012149180162737859, 0.01076576971003943], [0.04388892217135547, 0.02393684228334592, 0.01443094385602368, 0.011052977877931542, 0.009364152471695222, 0.008301122738668175], [0.03646313665796598, 0.01935078330868944, 0.011886381189982989, 0.009320827670833148, 0.007913232704941427, 0.007034985930789762]]
