Ri:[100, 130, 160]
Zi:[50, 100, 200, 300, 400, 500]
fps.ts:[1715.5081799983977, 5146.524539995193, 8577.54089999199, 12008.557259988784, 15439.57361998558, 18870.589979982375, 22301.606339979167, 25732.622699975967, 29163.63905997276, 32594.65541996956, 36025.67177996635, 39456.688139963146, 42887.704499959946, 46318.72085995674, 49749.73721995353, 53180.75357995033, 56611.769939947124, 60042.786299943924, 63473.80265994072, 66904.81901993751, 70335.83537993432, 73766.8517399311, 77197.8680999279, 80628.88445992468, 84059.90081992149]
fps.e0:[11002.426729146911, 11000.039247863164, 10991.484876638173, 10960.33911673954, 10997.467311060642, 10984.527792180435, 10972.92168861348, 10995.193773698547, 10990.169921702942, 10977.526081798938, 11004.386049407582, 10992.960083198092, 11001.8299697199, 10996.646063161688, 10965.842528077377, 10985.985886891853, 10982.276841169643, 10980.744268230232, 11003.996245701937, 10973.962296050644, 10968.08952683214, 10975.524281257403, 10987.039378465648, 10987.69507639698, 10972.671706202118]
fps.e0u:[16.740891777499094, 16.93562256858546, 16.93661272285839, 16.709014227770854, 16.775607829823826, 16.8541359464952, 17.6661307608529, 16.96487820817157, 17.063004909311374, 16.861267541945978, 17.085411341564896, 17.03141043397096, 16.92020234714244, 17.183832907895972, 16.946352729597635, 16.926447697440857, 17.000549638258757, 16.81923174004744, 17.229024133709057, 16.729678315548156, 17.16412181820541, 16.996222916501537, 17.0689536924964, 16.95533257392693, 16.78353448550647]
fps.lt:[12967.639165616352, 13490.97467907489, 13574.725248415205, 14701.430967527598, 13383.067380153318, 13247.247334242822, 14753.155721347493, 13728.017034681601, 13353.433211391324, 13737.074079850363, 12524.320859090263, 12722.35611748483, 12580.405698603403, 14432.398995114003, 14245.270182582382, 14151.407742263465, 14065.865544766537, 14394.392650622303, 12457.584091044315, 14826.47190507765, 13219.541075354475, 13039.427403179281, 13862.419903515492, 13293.020509520757, 14766.403345818746]
fps.ltu:[779.2906524787456, 842.2043927232133, 863.9608255489516, 995.1728151828753, 827.4761484991358, 822.4848930710164, 1050.7090839305758, 877.3214326655662, 836.2719053824984, 870.3231934329548, 734.911610643726, 758.6790454613806, 732.3502034566129, 973.8126969025462, 947.0626247627945, 926.9946274829598, 913.6375898940508, 963.0331339845371, 731.7451947139458, 1014.0536505086654, 825.6380501375845, 797.3232217989145, 899.6419095182487, 825.0376369215151, 1011.5577068918778]
fps.c2:[1.6476495617243154, 0.9871846913747266, 0.7437550545880722, 1.2149737650857129, 2.168644588650369, 1.0172559966698855, 1.3505382065701865, 1.0764494144894754, 1.7543912188598807, 0.8668893286344107, 1.767552510079006, 0.9818072376078292, 0.9477835332734365, 1.1132060684098828, 0.978672246334201, 1.2705874658317755, 1.585523588715463, 1.3427358398944365, 1.5404501131326227, 1.0113376665029679, 1.2121340501674724, 0.604538883770035, 1.754149577513876, 1.2182422577744807, 1.9694535666229451]
FC:[[3.779540343580621, 3.865320638672199, 3.872882954406871, 3.9159238065242232, 3.9415511932058434, 3.972495755228097], [3.850867127774097, 3.887595555513724, 3.9271221310396403, 3.9580201256087, 3.9879164417586224, 4.016807676468454], [3.977028150068732, 4.027666840278882, 4.065992948702564, 4.090210426106938, 4.117611865590409, 4.148084701118654]]
FCE:[[0.0356039655299384, 0.02310780638055649, 0.015344287169941363, 0.012231827230819912, 0.010396941535465986, 0.00921237957053144], [0.028043251949591844, 0.01779822269262815, 0.011934721986070613, 0.009476990425907791, 0.008076011921985395, 0.0069771195061828955], [0.024043262970205783, 0.014907329205267798, 0.00994648203651639, 0.007874957092525224, 0.0065504375145155535, 0.0058208296482681835]]
