Ri:[100, 130, 160]
Zi:[50, 100, 200, 300, 400, 500]
fps.ts:[1635.627019996643, 4906.881059989929, 8178.135099983215, 11449.389139976502, 14720.643179969786, 17991.897219963073, 21263.151259956358, 24534.405299949645, 27805.65933994293, 31076.913379936217, 34348.1674199295, 37619.421459922785, 40890.67549991608, 44161.92953990936, 47433.183579902645, 50704.437619895936, 53975.69165988921, 57246.945699882504, 60518.19973987579, 63789.45377986907, 67060.70781986236, 70331.96185985566, 73603.21589984893, 76874.46993984221, 80145.72397983551]
fps.e0:[10630.561209385718, 10671.346052356603, 10666.57688804449, 10678.81785932724, 10680.57222622757, 10693.45209671781, 10697.01321212253, 10720.239132318033, 10696.103863057584, 10719.098311009257, 10724.887775760382, 10714.905638662296, 10740.64673186897, 10720.347066699283, 10759.922697567781, 10730.146759335845, 10749.991529704923, 10754.743877895162, 10728.723180040413, 10730.54613404288, 10749.105612966341, 10766.795812793953, 10743.184556745902, 10786.954149697056, 10754.238206398544]
fps.e0u:[14.835002120143113, 15.00501429289334, 14.615818637459878, 14.84933029970204, 14.708556633556153, 14.932308383667936, 14.988120637283336, 14.796001057806912, 14.928312114449175, 14.81610187110511, 15.05895878954551, 14.950733732607745, 14.848711237813196, 15.03541463061596, 14.897445301981557, 15.259018057586987, 15.115968420929436, 15.067875138298668, 15.063188604121505, 14.953844162379578, 15.26509284459508, 15.05388507990555, 15.16012586412185, 14.985726686454639, 15.132735870852413]
fps.lt:[11968.004672013674, 10703.116560877581, 11235.733052074536, 11618.488467944408, 11635.498435588703, 10823.195741519425, 11615.146007329098, 10741.350311216034, 11604.117133810669, 11001.743835429646, 11294.092022805038, 11578.248206333687, 11423.680900101246, 11848.724828834507, 10852.230221782556, 11978.043487254141, 11279.521265987496, 11267.13719714925, 12086.87730006172, 12500.145991944824, 11656.575233228166, 10691.10188402129, 11985.73112427031, 10564.869912636013, 12124.790377195746]
fps.ltu:[596.1193712345934, 482.29518069413575, 520.6304228599575, 559.7941279752808, 559.1839238252832, 491.79526145312747, 565.8794713684275, 482.3362854071617, 565.7439046981805, 503.3291188900688, 538.4716512757373, 562.7499896898381, 542.5303466198962, 589.3335319114781, 489.8913775025926, 621.4620217119173, 534.4700653052511, 534.197356257479, 613.682202041693, 655.2613026531169, 579.9648974056987, 481.76418611194345, 608.1760137044779, 467.7323456145339, 615.5812618676824]
fps.c2:[1.2314581754445644, 0.7503425122077052, 1.7316260529132153, 1.3655682816443215, 0.6310466777277587, 2.1266995634425183, 0.6835700218119553, 0.924466287632145, 1.1945725171845922, 1.8278243106566712, 2.0075979636763894, 0.9084352543558692, 1.040033179692986, 1.2907258415759193, 1.4216328824492572, 1.291585660086206, 1.0014384417955953, 1.8022998759214064, 0.8582484197726923, 0.5630649172235062, 1.5940360623038798, 0.9379366446236774, 1.0952243548582898, 1.0369849427405642, 1.1630137168438848]
FC:[[3.9381269129546244, 4.007759200363318, 4.002972578336424, 4.014530805933221, 4.033809379865192, 4.0586763122140725], [3.9759036010151645, 4.038226715109308, 4.032917305811023, 4.053297229700585, 4.0784144027826486, 4.107502926491206], [4.089921757310326, 4.141351152474413, 4.152359519564062, 4.173618167835556, 4.204581824070561, 4.23650393761205]]
FCE:[[0.0353562139042644, 0.022371269102014344, 0.014420905103700568, 0.011303845381257326, 0.009576523091972801, 0.008430410885728455], [0.027400263132226595, 0.017196968817099798, 0.011107089312699749, 0.0087293416425252, 0.007424806831420526, 0.006571006843571047], [0.022704837847997098, 0.014070142753977177, 0.009147158378250655, 0.007029656192545106, 0.00599261278277746, 0.005313234234930365]]
