Ri:[100, 130, 160]
Zi:[50, 100, 200, 300, 400, 500]
fps.ts:[1646.26265999794, 4938.78797999382, 8231.3132999897, 11523.838619985581, 14816.36393998146, 18108.88925997734, 21401.41457997322, 24693.939899969104, 27986.46521996498, 31278.99053996086, 34571.515859956744, 37864.04117995262, 41156.5664999485, 44449.091819944384, 47741.61713994027, 51034.14245993614, 54326.667779932024, 57619.1930999279, 60911.71841992378, 64204.243739919664, 67496.76905991555, 70789.29437991143, 74081.8196999073, 77374.34501990318, 80666.87033989906]
fps.e0:[10894.761607893934, 10913.995349447712, 10924.988024100827, 10867.0904907047, 10887.00061652221, 10895.410761699744, 10897.022643213557, 10920.587580682539, 10904.604269799345, 10884.137528516618, 10897.426805425357, 10890.049600503162, 10895.179815737292, 10901.785325200599, 10889.772940793337, 10897.157130087575, 10873.34045915141, 10900.677313042792, 10893.604886157493, 10905.514311571576, 10869.384581883627, 10896.01655354296, 10883.899644087134, 10890.674522132687, 10899.900126051554]
fps.e0u:[14.965010858257289, 15.067406810946535, 14.843690380626056, 15.132346447312266, 14.944691208293738, 14.968716375106018, 15.046382174993598, 15.004803727719471, 14.927928725829737, 14.861630217904526, 14.872387760269149, 15.029069667109832, 14.967060901149889, 15.193906969895552, 15.033625988201713, 14.960493074522265, 14.959520948450768, 15.094318117617934, 14.900912036551643, 14.974045353757274, 14.853843104354166, 14.983832986515152, 15.072095672577786, 15.030510626117069, 15.051174877130645]
fps.lt:[12580.344411004988, 11922.161026805834, 11681.033869100413, 13296.68309863072, 12999.5356087256, 12281.399161435858, 13121.88274990886, 11472.85623946009, 12237.784180180952, 12741.591601062597, 12641.774021282154, 12905.8202584867, 12273.260101928536, 11747.495081987357, 12665.837025139095, 12205.248354878739, 13465.604317128309, 11979.795003218664, 12667.955979321101, 12295.350017408762, 13966.64546362527, 12992.970908129908, 13175.822259848583, 12549.281797228638, 12083.915910892889]
fps.ltu:[651.2283851391051, 588.0593787651817, 558.1887921147513, 735.6911125179361, 699.357219606278, 621.7473150263781, 713.5148025456734, 546.6585488875297, 619.1998079336762, 666.4280695421328, 657.8532286398831, 690.7328919168945, 622.4823665041822, 576.0618011159149, 668.7807818650022, 615.1962298294534, 752.7131821687094, 596.5189676578391, 659.780884716313, 621.4146910893876, 799.9205196892025, 699.3858824030957, 722.1937311285128, 652.8010587805437, 608.0203894448525]
fps.c2:[1.9209546162479627, 2.8043780005954817, 0.6684705853491419, 2.280682304200896, 1.853284464817194, 1.1325935697361182, 1.2994997114937026, 0.9374754926956446, 0.5546038279234895, 0.31531085516157753, 1.0986578985216882, 2.3988985317067404, 1.0420282065513218, 1.7528143615020613, 0.5270144580714999, 0.7515080061193381, 0.9377816048411322, 0.6773486378993301, 1.416917142821203, 0.3889625999581129, 1.1018561039905372, 1.1296032940898533, 1.5685494849180324, 1.1754236215991694, 1.393861033352022]
FC:[[3.814118245500323, 3.8608894165278183, 3.8738940431702518, 3.895791391177154, 3.929991690263905, 3.9506487482320978], [3.8554715224636205, 3.8998496853906004, 3.926481636763834, 3.951978012499782, 3.981345319156313, 4.003045101494653], [3.9616157767410587, 4.024303707544891, 4.058047914653577, 4.086486210629878, 4.111936667094692, 4.1349820921523195]]
FCE:[[0.033246978560046034, 0.020582394340340416, 0.013593575350553349, 0.010809841079799189, 0.008978343945987295, 0.007878684512272796], [0.025464679838735956, 0.016031667401919643, 0.010330074477561757, 0.008200382086399427, 0.0069744276747459024, 0.0061484755016375636], [0.021088720945959104, 0.01318030495043168, 0.008757463068523421, 0.0069614435539497276, 0.005928580842113109, 0.005243803573512897]]
