Ri:[100, 130, 160]
Zi:[50, 100, 200, 300, 400, 500]
fps.ts:[371.04723999977114, 1113.1417199993134, 1855.2361999988557, 2597.330679998398, 3339.42515999794, 4081.5196399974825, 4823.614119997024, 5565.7085999965675, 6307.803079996109, 7049.897559995652, 7791.992039995193, 8534.086519994737, 9276.180999994278, 10018.27547999382, 10760.369959993364, 11502.464439992906, 12244.558919992447, 12986.653399991988, 13728.747879991533, 14470.842359991075, 15212.936839990616, 15955.031319990157, 16697.125799989703, 17439.220279989244, 18181.314759988785]
fps.e0:[10579.26955273166, 10597.272608818055, 10600.959731581634, 10564.96617624173, 10622.147684795775, 10594.029586405608, 10608.050141155154, 10582.750875620422, 10540.40549085276, 10617.516707746323, 10611.66914839038, 10596.56192363527, 10586.479231265173, 10597.19688025781, 10631.123495637847, 10630.338553281112, 10621.637704693765, 10642.982330393252, 10638.135798012347, 10629.395176476923, 10620.687189531907, 10650.093907905119, 10647.36600659547, 10663.241186719106, 10721.565481264774]
fps.e0u:[23.705296718725908, 23.97700133943352, 22.976014029230985, 24.10551227789682, 23.48114506086144, 23.682742478312367, 23.631623802389797, 23.760862461817602, 23.850375576202076, 24.07153384940312, 23.479761556756667, 23.252235303672244, 23.513767094970245, 23.73628114798088, 23.496944023978237, 23.776939662495074, 23.13224362402864, 23.269541778952554, 23.61366537567861, 23.257519315597012, 23.437663148632684, 23.294242663468122, 23.208800171874035, 23.831923968534813, 23.42726624026381]
fps.lt:[3227.458076322587, 3160.816662773347, 3167.6569213322564, 3281.1225387501613, 3105.3321906466153, 3184.000199106028, 3129.061630035553, 3217.8775813526518, 3294.12989398131, 3059.4628531423573, 3145.114494020136, 3153.1590055985553, 3211.2683380666176, 3172.1710671456244, 3076.919977077704, 3059.2613286906844, 3159.0669053588094, 2999.8010878278938, 3080.571931629159, 3072.164379004418, 3099.4127899728105, 3050.400210657529, 3071.6404244033097, 2954.9788542458427, 2794.6361777902052]
fps.ltu:[73.08712900815773, 70.88844427563093, 69.114609896988, 76.26720409810261, 67.25993440067977, 72.46514105963305, 68.83636617162676, 72.84675674183647, 77.07023211433179, 66.83352789191268, 69.14710184510793, 68.61027996947466, 71.70642814681426, 70.89073417081022, 65.58376595234402, 65.48090693561538, 68.09173279438761, 62.14312132865804, 65.61726725443856, 65.16979544101261, 67.23867564314298, 64.37580588673595, 64.26738896250164, 61.4255291909503, 54.66529759348543]
fps.c2:[0.5814340497478439, 1.0671097920285713, 2.12134461543228, 2.01355803356148, 1.0281071126776238, 1.1642561872681345, 0.6656509111498898, 1.438497901749915, 0.7378147448511103, 0.6661024672903437, 1.3305987653291094, 1.0082436906639978, 1.0067390507393077, 0.9929109604481504, 0.7805456122145564, 0.8797909807785328, 0.9794957719979686, 1.013061496220753, 1.7183535578302733, 1.3985236375502201, 0.7173347767178033, 1.7825882022302073, 1.1996597906671629, 1.3970432881678099, 0.5351269848000532]
FC:[[3.8098845910686325, 3.845935062733232, 3.893937852044116, 4.010216805490637, 4.095016012754599, 4.16195017561477], [3.876207050395671, 3.867994980044879, 3.9516409118999376, 4.066285279009538, 4.143041729118417, 4.217333450279384], [4.057845324069348, 4.039335024351343, 4.1070176158239065, 4.214768875665185, 4.297045789936445, 4.383853657119348]]
FCE:[[0.06090566301936346, 0.031169961380190705, 0.019643915459570446, 0.01576930445509924, 0.013808899689916438, 0.01264365743717297], [0.0490416096296968, 0.024052987502935885, 0.014894327161132799, 0.012276615528876112, 0.010786727340014958, 0.00988792137838068], [0.04296987032196286, 0.020612909534637056, 0.012887167491894435, 0.01059440975150762, 0.009134396511466495, 0.008243751585152245]]
