Ri:[100, 130, 160]
Zi:[50, 100, 200, 300, 400, 500]
fps.ts:[1707.012000002861, 5121.036000008583, 8535.060000014306, 11949.084000020026, 15363.10800002575, 18777.132000031474, 22191.15600003719, 25605.180000042914, 29019.204000048638, 32433.22800005436, 35847.25200006008, 39261.2760000658, 42675.300000071526, 46089.32400007725, 49503.348000082966, 52917.37200008869, 56331.39600009441, 59745.42000010014, 63159.444000105854, 66573.46800011158, 69987.4920001173, 73401.51600012303, 76815.54000012873, 80229.56400013447, 83643.58800014018]
fps.e0:[10888.560599222892, 10894.772154411045, 10896.79399441788, 10942.977611963483, 10917.785547630527, 10893.439142593328, 10905.039981376947, 10898.265860377222, 10904.542791415126, 10898.416982569755, 10911.89449019142, 10913.645891004247, 10900.326671806544, 10926.455495033704, 10907.735301181156, 10933.307366164103, 10905.183679784765, 10914.53852254649, 10905.014038726775, 10920.927494901767, 10909.333922956563, 10922.525948727107, 10909.221668155982, 10909.987914897798, 10913.676819588482]
fps.e0u:[14.44748538479741, 14.530908686870314, 14.368875751323385, 14.29762247951003, 14.398791072875232, 14.336623181232985, 14.510423707150668, 14.376664388031404, 14.399858220312726, 14.554638111008071, 14.420405839767191, 14.417406310523416, 14.50730661879085, 14.51616921253663, 14.491172748948307, 14.093903150356317, 14.472507745889533, 14.324689623629597, 14.377828092060339, 14.517407038008274, 14.473548566321266, 14.38791657085894, 14.317885159335148, 14.255963332469696, 14.380320882684533]
fps.lt:[13385.723150652868, 13245.267084176536, 13037.58725714996, 11180.903001651393, 12529.86554321149, 12647.5328773505, 11854.303938838517, 13148.71201921656, 12105.957702925853, 12840.607358206775, 11818.895089821315, 12612.135971450745, 13109.017345358538, 11691.337536941313, 12065.124724126636, 11764.982410084644, 12461.771016077255, 12621.640574744268, 13013.230489527126, 12126.448087832821, 12212.887845527544, 12503.76945759899, 12366.458165545522, 13035.325971124546, 12548.21341805677]
fps.ltu:[714.821014859237, 700.8126027599178, 670.1552562904179, 489.8536074959521, 624.3911625388976, 633.9161045346905, 567.9314526316967, 682.8273411294012, 585.1894802899807, 660.3308219563172, 556.6883346802878, 633.2136626486711, 688.0437560290533, 550.574116102113, 582.7739770149699, 539.5705057402396, 616.4401251326987, 627.7444294404032, 669.3599112636186, 589.24387879499, 595.7692796226198, 623.1532527429142, 606.4198576689283, 672.6487756066069, 629.485781648133]
fps.c2:[1.3848555666489057, 1.4848484237529673, 1.819065014811356, 0.4613621885999522, 1.828039004088566, 1.7741967284945561, 1.3725236021196325, 3.52341799510765, 0.752490537909211, 1.2300974502430266, 0.83695164210115, 1.1626728595143434, 2.3141201847880173, 0.8149005877599453, 1.3796278906384423, 2.0125580070679563, 1.3552347045747142, 0.8126492662903111, 1.6068530677131814, 2.103666299377511, 1.2614936080207841, 1.638581787921105, 1.1647402984729212, 1.1462643776601138, 0.7082559695954116]
FC:[[3.832826250911726, 3.8918383263471528, 3.8991374242504633, 3.9158259129501016, 3.9333812799192227, 3.9530218258656444], [3.8804171582031457, 3.9243954432782635, 3.9399912534776766, 3.9609362580050136, 3.9864614968942504, 4.0087487802318105], [4.008662717051573, 4.049333017517084, 4.0670083446964735, 4.085888973723237, 4.112209509143949, 4.139461552712024]]
FCE:[[0.03150575109555241, 0.01973779501540215, 0.013204336336867411, 0.010426938669691061, 0.008813243680462534, 0.007773048876540185], [0.024857245336223768, 0.01534374395716972, 0.010215882567553224, 0.008086671150766007, 0.006866239468954678, 0.005919655058902685], [0.021231365304755216, 0.012827867070172135, 0.008458486397739886, 0.006697819767956683, 0.0056985765302024925, 0.0049390523565730855]]
