Ri:[100, 130, 160]
Zi:[50, 100, 200, 300, 400, 500]
fps.ts:[1750.898320002556, 5252.694960007668, 8754.49160001278, 12256.288240017891, 15758.084880023003, 19259.881520028117, 22761.678160033225, 26263.47480003834, 29765.27144004345, 33267.068080048564, 36768.86472005368, 40270.66136005879, 43772.458000063896, 47274.254640069004, 50776.05128007413, 54277.847920079235, 57779.64456008434, 61281.44120008945, 64783.237840094574, 68285.03448009968, 71786.83112010479, 75288.6277601099, 78790.42440011502, 82292.22104012013, 85794.01768012524]
fps.e0:[10913.89974547505, 10889.931710541608, 10891.565238599027, 10860.683979135665, 10888.418416050967, 10889.322709308553, 10886.167038656242, 10907.72904768372, 10908.630027770572, 10883.879422674881, 10892.81989019768, 10892.455008827004, 10926.364231298649, 10892.475843474569, 10906.81705253007, 10912.559769313855, 10906.693515335453, 10925.40045218685, 10910.827999450014, 10898.681609388777, 10887.743209301207, 10915.881103393176, 10898.223331448913, 10900.91422588153, 10884.449731380375]
fps.e0u:[13.240524960384395, 13.191515556689408, 13.220835888920895, 13.34629493909995, 13.097532069241309, 13.360910542239013, 13.331089278321002, 13.288438954120519, 13.416428809077841, 13.230528705446746, 13.346826696985728, 13.473292228350529, 13.214004416720396, 13.258921852910971, 13.341411931603917, 13.1823256245404, 13.31647024613376, 13.299911173776563, 13.112840122503126, 13.222484895971629, 13.08438322299786, 13.254751080224338, 13.26291006062712, 13.127305404615262, 13.673689539395843]
fps.lt:[6172.1680370222775, 6478.429224301529, 6527.137158256368, 6744.125965937757, 6329.930591188747, 6349.170601286751, 6445.9052289120455, 6290.521819876992, 6190.222736662766, 6443.369311385382, 6361.309123188355, 6245.355547591473, 5983.537303419731, 6316.562139989019, 6264.85247165426, 6213.733428611609, 6443.076693803755, 6170.344331595012, 6370.2964906964, 6505.551917931339, 6617.033878232801, 6185.951732130844, 6416.073662219569, 6295.602600474183, 6559.327189664475]
fps.ltu:[136.40699895637545, 150.81688806272123, 154.0077296081616, 165.11404532166458, 143.40516653062429, 146.59127929246696, 150.82894281064674, 143.21046017696784, 140.14710450432912, 150.21372975937447, 147.20298597046005, 142.97993192174363, 129.4706686175271, 144.24196817348263, 142.38836453504348, 138.11365565143552, 149.85909330798907, 137.19073537857608, 145.28399421488066, 152.31501779453012, 156.68423829122005, 138.81353430471003, 148.5355961247178, 142.4866958906778, 159.44723196271696]
fps.c2:[1.2579453174825852, 1.412409059503479, 1.6569771706827323, 1.5691032955808342, 1.3838036584924382, 1.7565645702427295, 1.9735125864956076, 2.0178694237369665, 1.5486573038251956, 2.2711295553764868, 1.1386481880482113, 3.404055005215456, 1.502899826764414, 1.5965874350528844, 0.6577042971916593, 1.3653523204114077, 1.4616190953950314, 1.5753883897051384, 1.6842901110451824, 1.0345806124722392, 1.1373445468763195, 1.4689735095325491, 1.6810160384977886, 1.5084038321828173, 1.5469478763788596]
FC:[[3.8228415795545665, 3.815617517609622, 3.880221553167911, 3.9526051988810798, 4.052422442717193, 4.15173184500834], [3.88227101386912, 3.860015816412346, 3.928246794655671, 4.019810347812623, 4.1302260857151945, 4.2585118239412525], [3.98423311592599, 3.9840711717767427, 4.048985034340799, 4.141354398103812, 4.246557616342689, 4.366871895153522]]
FCE:[[0.03661770137473539, 0.019087409695997523, 0.011810963852490738, 0.009245064161107982, 0.007765576154704666, 0.007017720343708372], [0.029216353309713068, 0.014880522937315338, 0.009168511885333405, 0.007048693940610378, 0.0061049588741961145, 0.005470954757759792], [0.024346381537010974, 0.012718352615608334, 0.007559413733518492, 0.0059606285411083985, 0.005161198550606105, 0.004486136861319184]]
