Ri:[50, 100, 150, 200]
Zi:[100, 200, 300, 400, 510]
FC:[[3.946239655845651, 3.9644939556191523, 3.9844579815278736, 4.001174720245075, 4.020900327534992], [3.972723373115862, 3.9935541797621537, 4.018862387849773, 4.039776515417685, 4.059608088223266], [4.068176085525446, 4.087993909154618, 4.117360073801086, 4.1424197905399165, 4.170279389066559], [4.374948925342014, 4.413567520435594, 4.457743914550398, 4.493341692372751, 4.525441357685049]]
FCE:[[0.027874038928504073, 0.01922520228362154, 0.016066789795306114, 0.013932852833292358, 0.012316220127525632], [0.014185278172404628, 0.009702188604875456, 0.007829254641609376, 0.0067428713887286666, 0.0059653718238173396], [0.009870019443816196, 0.006674881343000273, 0.0053817145074332865, 0.00463645272222164, 0.004100364166798688], [0.008305022316171144, 0.00564074582616726, 0.004556094866353941, 0.003936317108137307, 0.0034825630712059835]]
fps.ts:[1622208780.60072, 1622212213.1521602, 1622215645.7036, 1622219078.2550402, 1622222510.80648, 1622225943.3579202, 1622229375.90936, 1622232808.4608002, 1622236241.01224, 1622239673.5636802, 1622243106.11512, 1622246538.6665602, 1622249971.2180002, 1622253403.7694402, 1622256836.3208804, 1622260268.8723202, 1622263701.4237604, 1622267133.9752002, 1622270566.5266404, 1622273999.0780802, 1622277431.6295204, 1622280864.1809602, 1622284296.7324004, 1622287729.2838402, 1622291161.8352804]
fps.e0:[10752.8598727571, 10724.91411170138, 10738.715878777557, 10740.77500106441, 10762.655223386053, 10757.332865487808, 10738.195216034552, 10735.980785678117, 10725.724951659879, 10749.955024088988, 10760.528544711859, 10709.998938724868, 10735.078459664815, 10745.521923469094, 10714.604804244525, 10718.713747588372, 10755.42950778877, 10755.20244817014, 10752.853293895456, 10744.25633192909, 10731.91913281949, 10725.012099241792, 10728.187241812962, 10745.737046195687, 10739.037005337515]
fps.e0u:[13.728076902973395, 13.750005525362294, 13.697766260735184, 13.83545903475249, 13.832775948248313, 13.8641055052323, 13.873715296551334, 13.81410942295134, 13.826879227894866, 13.832547413325294, 13.805384986152403, 13.854068608086024, 13.874177290004727, 13.683335459043539, 13.87041424176089, 13.808038801735314, 13.907706905615173, 13.79818795111894, 13.764683605895774, 13.752246145391078, 13.754854512720206, 13.808513995924567, 13.884002000147227, 13.771741886092816, 13.85311318220703]
fps.lt:[20029.550355088075, 22216.847135863263, 19532.555029923362, 20901.660379105986, 18613.320870569707, 18428.261000686118, 20616.1743740837, 19325.392940945785, 22036.550886764686, 18193.4311700137, 18555.215705532093, 22990.653208888703, 20558.672666432856, 19493.443365213723, 23739.597709512294, 23043.001520017624, 18680.594267108947, 18800.927039078517, 19828.20107713391, 20838.969946376044, 20619.663843201528, 21711.87071827101, 22268.532815223734, 20415.96672666991, 21860.17768857199]
fps.ltu:[1544.193234706253, 1903.9134157245774, 1476.1508058592167, 1692.6987688939976, 1340.0200443405797, 1313.4127300804973, 1652.1824887569085, 1452.314648144326, 1881.4081397652008, 1284.4972881874098, 1329.7015309341227, 2058.2777250941062, 1631.6864689877596, 1463.3861479705936, 2185.6105273659077, 2057.982027442097, 1350.9630635683948, 1366.085667564533, 1514.9659839599453, 1671.2468613399778, 1646.517926208406, 1817.5602867729342, 1921.3396414254682, 1613.46187985544, 1858.480262665418]
fps.c2:[1.1262300385848756, 2.266813405066485, 1.1130749175409573, 1.0351172918073046, 3.7798680344758955, 1.0661034265510367, 1.8597495634440746, 1.1799450877314268, 0.6643004159691824, 1.9179883673847888, 1.2399217305310246, 2.131498177143061, 1.8349280422980412, 2.186182883499246, 1.3767936388087532, 1.9118896921142148, 1.426436374016826, 1.7358332667386012, 2.8432528007786613, 1.0073718668954805, 1.4168767811391976, 1.8357361650993238, 2.388419650923161, 1.575222376237557, 2.095404221111956]
