Ri:[100, 130, 160]
Zi:[50, 100, 200, 300, 400, 500]
fps.ts:[3388.3056399965285, 10164.916919989586, 16941.528199982644, 23718.1394799757, 30494.75075996876, 37271.362039961816, 44047.97331995487, 50824.58459994793, 57601.195879940984, 64377.80715993405, 71154.4184399271, 77931.02971992016, 84707.64099991322, 91484.25227990627, 98260.86355989933, 105037.47483989238, 111814.08611988544, 118590.6973998785, 125367.30867987155, 132143.9199598646, 138920.53123985766, 145697.14251985075, 152473.75379984378, 159250.36507983686, 166026.9763598299]
fps.e0:[10751.102195347785, 10738.311689301603, 10740.993078190275, 10712.82156322265, 10717.578517712274, 10699.820929938649, 10701.289182628205, 10694.38812002486, 10699.059614756383, 10699.443283994447, 10697.48284043212, 10682.438666045959, 10671.664644961425, 10694.44510228697, 10696.719917187489, 10688.191718330692, 10671.14801850305, 10679.070543980108, 10672.360558096298, 10679.90057026475, 10690.831577943827, 10686.455696074489, 10670.154838902537, 10685.125521012536, 10671.759130275053]
fps.e0u:[6.705003739098311, 6.93681408576462, 7.057839624193147, 7.252318136816835, 7.310345242510265, 7.347123583703732, 7.372533134367667, 7.345636764818862, 7.371648434299342, 7.376573740501987, 7.364967783718093, 7.376033293697918, 7.433677748228292, 7.444876991328997, 7.511890969967083, 7.56193681319169, 7.59538495423289, 7.661824593684897, 7.646304317741819, 7.664257736799661, 7.718843100603669, 7.732618050698606, 7.79669481704425, 7.754826630101966, 7.864970283740435]
fps.lt:[5075.301374212765, 5058.82510292517, 4984.3116998807145, 5220.220215153713, 5136.1805754881525, 5198.902869991747, 5232.3818420549505, 5303.53696693003, 5221.621234128433, 5249.03948020984, 5238.976369543569, 5352.718024979136, 5391.426555937446, 5234.19848974823, 5221.706069455923, 5282.99573115738, 5437.625197393555, 5420.965809823427, 5446.410642354842, 5393.3485357139125, 5320.7829501395345, 5313.560170039025, 5402.6258915731005, 5331.818752704693, 5405.908710968885]
fps.ltu:[48.22425406027331, 49.86882904862757, 49.28352737111858, 55.25377589576388, 53.882788312715086, 55.63163218415269, 56.390476188561, 57.98107180338458, 56.50244418871544, 56.809307255425246, 56.79946510292115, 59.16364614896515, 60.85251283715099, 57.28180407686491, 57.4118223039919, 59.186163573180416, 62.980019421612255, 63.09654863561883, 63.829943281075714, 62.72851124089176, 61.51170518055052, 61.78183212859238, 64.27735754126614, 62.46535218658008, 65.0709266121809]
fps.c2:[4.267795441283181, 4.499998741028389, 6.279389321655575, 2.878959260238447, 3.7769468663870693, 4.001281388257779, 5.559247746281612, 3.3743837942783435, 2.883288903452556, 3.970570517372638, 4.924499449010918, 3.539799701133453, 3.5515649829130265, 4.062645204915177, 3.831041099493902, 2.6093225738204966, 4.222403988396393, 1.920297093932909, 4.333709238245656, 4.744981861390575, 4.564887550418245, 5.181007205351615, 2.3997646594547493, 2.788142785740963, 2.051341052687985]
FC:[[3.693561832351592, 3.746773847711073, 3.802458576664794, 3.8581298728943767, 3.912482284889922, 3.9668978052858623], [3.7377012651678143, 3.774435755932136, 3.829431829446559, 3.8855265204054907, 3.945037374303417, 4.003292092432153], [3.8258665285595836, 3.8431038030522884, 3.899581051317264, 3.959282759387359, 4.022280442330111, 4.0864981606666015]]
FCE:[[0.0213915599298982, 0.010789988766333044, 0.0065478271981093145, 0.005140330502342635, 0.004397045025152026, 0.003930309008797308], [0.016923329096943572, 0.008294219902999271, 0.0050170618396577675, 0.003948718112185346, 0.0033954406884555226, 0.003044184584037853], [0.013958456961746546, 0.006859333466659804, 0.004143781904122162, 0.003274132897085341, 0.002826700135630632, 0.002481565275043414]]
