Ri:[50, 100, 150, 200]
Zi:[100, 200, 300, 400, 510]
FC:[[4.031976313284349, 4.097691729992084, 4.145122293850692, 4.152390182216503, 4.167025164866615], [4.141688763845395, 4.1687740778231115, 4.191644044350948, 4.203697026438562, 4.22487528413285], [4.285495511732962, 4.3111732661360795, 4.344860893978759, 4.357921174722756, 4.378040956977746], [4.901482701097082, 4.9784185405009564, 5.034598282121607, 5.061293995184824, 5.078686128076583]]
FCE:[[0.0519635503877121, 0.03622132354514869, 0.029659445381419042, 0.025701518465171838, 0.022604423738600412], [0.02714795481048362, 0.01844198561827809, 0.014947006102368054, 0.012845100288182884, 0.011313579663801688], [0.018857068143337825, 0.012801361690605435, 0.010349995074862542, 0.008890307023251186, 0.007843603419285389], [0.01769458971940401, 0.012124613691220337, 0.009817633101629138, 0.008485172011142104, 0.007490048217081209]]
fps.ts:[1601812806.81674, 1601816262.92622, 1601819719.0357, 1601823175.1451802, 1601826631.2546601, 1601830087.36414, 1601833543.4736202, 1601836999.5831003, 1601840455.6925802, 1601843911.8020601, 1601847367.91154, 1601850824.0210202, 1601854280.1305003, 1601857736.2399802, 1601861192.3494601, 1601864648.4589403, 1601868104.5684202, 1601871560.6779003, 1601875016.7873802, 1601878472.8968601, 1601881929.0063403, 1601885385.1158204, 1601888841.2253003, 1601892297.3347802, 1601895753.4442604]
fps.e0:[9971.327903435675, 10000.497909783044, 9974.495312442887, 10008.319848921408, 9977.810156733589, 9981.740850806955, 9966.36264866548, 9968.25134587803, 10017.696629317465, 9956.452031764951, 10034.902416717023, 9949.531672227818, 9985.667945480356, 9953.590367427583, 9992.633491260489, 9970.865110158122, 9899.236325458536, 9997.772718517686, 9972.510289862657, 9964.95686585259, 9940.478629287749, 9966.05929504176, 9961.190979914149, 9977.532531089611, 9929.837268076242]
fps.e0u:[23.38749269878215, 23.425871355178042, 23.400916993490885, 23.923771377501104, 23.391130652897406, 23.709017785577746, 23.755988379363128, 23.5375610824962, 23.772115261621483, 23.58943422476689, 23.74901747755502, 23.702408336836644, 23.778835945392157, 23.81756441044819, 24.081790410569802, 23.402414423699337, 24.338643716069903, 24.223744300249283, 23.76578751203738, 23.670205714403636, 24.054289766069683, 23.887850821003205, 23.69716713848465, 23.42216931105872, 23.978322351909124]
fps.lt:[13520.510657361336, 12159.772950057997, 12865.273308008638, 11455.514787521419, 12999.042932555205, 12670.01716007292, 12951.696786933098, 13526.804931633666, 10922.599777900183, 15562.582221709114, 10574.929900379515, 13126.966269411483, 12308.7042691011, 15171.548466020393, 11281.134434545544, 13312.307770596468, 16786.82363451414, 11977.002601406963, 13526.479333536163, 13925.386272028876, 14413.473371915488, 13424.502322465289, 13999.586930717884, 13332.735621369517, 16283.071625984707]
fps.ltu:[1294.6380880687007, 1046.4106962317364, 1179.6609597898628, 954.2287644059755, 1198.699539224746, 1154.6418854577394, 1208.337913102442, 1311.8934991885985, 859.439083793598, 1752.3717770790215, 802.1761224650529, 1250.4676577332548, 1089.7754077143115, 1665.9968810946298, 926.9725435491451, 1268.8382862339722, 2065.7153421263274, 1050.120112413028, 1310.770240586376, 1402.0598522631105, 1511.6295348046528, 1296.0899910622893, 1418.7220462499738, 1266.8709955276847, 1924.8468207851063]
fps.c2:[0.8580479706155983, 0.7032387093947754, 0.9591651491518408, 0.36785485831254905, 0.9459491127314504, 1.8341961271835883, 1.2201991440466533, 1.459453003803733, 0.9190019961276494, 0.8521513339150791, 1.660970593918569, 1.046023436837225, 1.247913835667924, 0.575933293217109, 1.2715755449505144, 1.8069871891275278, 0.5310574023343245, 0.7279170534694644, 1.2456907800573218, 1.086006827646527, 1.196655955568589, 0.9565934491903493, 2.163457338669426, 0.9359036910471731, 0.7306666518503013]
