Ri:[50, 100, 150, 200]
Zi:[100, 200, 300, 400, 510]
FC:[[4.230975078950038, 4.2327374146608205, 4.240347664536342, 4.262746910275568, 4.269064595284449], [4.265944735397987, 4.286432917523784, 4.30991300279719, 4.323186516391623, 4.339104268279631], [4.410988077387764, 4.419573011164914, 4.436589209376229, 4.451558092095924, 4.472305604625391], [5.060823282945707, 5.0860708724767, 5.111994774307052, 5.129531101047328, 5.146124277391512]]
FCE:[[0.041807871317007014, 0.028479561472917463, 0.022647890776455962, 0.0195470313128482, 0.01726555116308168], [0.02107106211855646, 0.014032823653116403, 0.011319247805512737, 0.009749414110727739, 0.00864420319636964], [0.014359125475407887, 0.00973735313931765, 0.007849089783117224, 0.006777306306909177, 0.006008816008106535], [0.012943809818378905, 0.008790973506760596, 0.007123153594771901, 0.006157305997541332, 0.005455704874404102]]
fps.ts:[1612290515.4798, 1612292513.8854, 1612294512.291, 1612296510.6966, 1612298509.1022, 1612300507.5078, 1612302505.9134002, 1612304504.319, 1612306502.7246, 1612308501.1302001, 1612310499.5358, 1612312497.9414, 1612314496.3470001, 1612316494.7526002, 1612318493.1582003, 1612320491.5638, 1612322489.9694002, 1612324488.3750002, 1612326486.7806, 1612328485.1862001, 1612330483.5918002, 1612332481.9974003, 1612334480.4030004, 1612336478.8086002, 1612338477.2142003]
fps.e0:[10352.745783721364, 10402.219417862525, 10406.250334768263, 10426.411603147828, 10427.00829935292, 10447.95374542169, 10439.582149108057, 10444.65911106854, 10492.07546753261, 10477.178954347362, 10503.506320247954, 10512.523234784574, 10524.832451745942, 10556.119668786501, 10525.513761641336, 10567.545100216486, 10574.573161741258, 10588.815485696668, 10593.260548400664, 10573.586689835138, 10610.556932150703, 10609.580131247796, 10562.957474419036, 10585.801803139535, 10575.410424316708]
fps.e0u:[17.581932230905895, 17.70047690254813, 17.601548447836286, 17.735454477520335, 17.594008931774486, 17.68378278673726, 17.80332527366973, 17.761609453703702, 18.001354732204394, 17.64893307149819, 17.99555021745398, 17.89343095235842, 17.99577684071062, 17.881996514884055, 18.016707080228514, 18.030375227385242, 17.871854035501343, 18.070035592635953, 18.08927425664865, 18.553408422649085, 18.143768871381297, 18.33829112159818, 17.951018299405767, 18.168766243831612, 18.40510431228799]
fps.lt:[26167.378826830143, 19369.425464431966, 21206.90761154409, 18395.69578708632, 21588.06134959944, 18649.031995239005, 25154.437212993995, 25087.95919762077, 18786.32063003583, 21027.329974805187, 20327.56417837239, 18548.69890839539, 17817.94907428581, 16048.959872734376, 20082.595106372988, 16876.991740403806, 17583.737149047043, 15216.723985312263, 15763.852547180004, 17961.616070384138, 16947.420065807666, 16779.90659101388, 22662.209120685788, 18354.395913317338, 22848.210578160484]
fps.ltu:[3493.468798282121, 1929.9691506003694, 2301.174275845315, 1755.141865730274, 2389.648227371508, 1795.4178590956253, 3303.2765282911346, 3255.529436865824, 1854.4942351217846, 2280.531362829518, 2156.658681278365, 1795.1975591478697, 1664.556511100872, 1348.0374680351456, 2116.817839532585, 1474.1101521976616, 1599.8042281520193, 1208.2338614539156, 1302.5121361287133, 1727.6881404751348, 1508.3014017124892, 1491.5608788292122, 2657.642921603893, 1757.2172013208426, 2744.3265685883694]
fps.c2:[1.6859284895370301, 1.8513609187044084, 1.5232074142564613, 1.5602990050440821, 1.3617127561568014, 0.9504703896579924, 0.8472052980368802, 1.5391108479679216, 0.9220978246768373, 1.4723100335960273, 1.7171603262042936, 0.8642236487185918, 2.3306559935186764, 0.9345672975500444, 1.8753915549171687, 1.4681331638686381, 2.1826855279696025, 2.3087467898145593, 0.6595069029671689, 0.8390209396054193, 1.8670181170211426, 1.0591602198763808, 2.204912244564931, 0.769946576944322, 1.6032982309650519]
