Ri:[100, 130, 160]
Zi:[50, 100, 200, 300, 400, 500]
fps.ts:[1125.1678999996186, 3375.503699998856, 5625.839499998094, 7876.1752999973305, 10126.511099996567, 12376.846899995806, 14627.182699995043, 16877.51849999428, 19127.854299993516, 21378.190099992753, 23628.52589999199, 25878.861699991226, 28129.197499990467, 30379.533299989704, 32629.86909998894, 34880.20489998818, 37130.54069998741, 39380.876499986654, 41631.212299985884, 43881.54809998513, 46131.88389998436, 48382.2196999836, 50632.55549998283, 52882.891299982075, 55133.22709998131]
fps.e0:[10025.098029222852, 10063.443589509205, 10088.904612132395, 10094.001715410079, 10115.995890786207, 10115.33384807599, 10147.080835815206, 10178.87694081367, 10162.749511841776, 10227.943562170221, 10235.116586377944, 10267.10340117809, 10240.363817163068, 10261.66234076074, 10258.141244940001, 10277.748223753768, 10289.340713093254, 10330.519952991113, 10325.560888996935, 10347.898729388706, 10336.834068125303, 10311.500099018194, 10358.533359453639, 10364.17698845402, 10334.732917057503]
fps.e0u:[17.068160892950402, 16.983531800708473, 17.386900852863622, 17.504931433521396, 17.708321369212786, 17.64046704004315, 17.858730704976274, 17.953388088263758, 18.086099369543696, 18.045058895884004, 17.986776631398758, 17.8744181074494, 17.945915577711023, 18.320711913567635, 18.19661280998861, 17.844607339795072, 17.93024026861132, 18.098637299145967, 18.360459113896777, 18.15165645430898, 18.01131800810231, 18.042348620940242, 18.053403670552647, 18.13896014866397, 18.175552084888228]
fps.lt:[5171.918312339806, 5375.642706285221, 5353.521094870157, 5726.766981161696, 5931.127358301518, 6471.268150133021, 6565.244425835005, 6270.47382928545, 7024.674534130931, 6415.014815889, 6676.4485605943655, 6432.706390584787, 7154.766813878059, 6735.198456314742, 7065.16132404143, 7065.265486895101, 7106.022473364601, 6645.343672265657, 6915.947684189382, 6959.247949241186, 7260.68598256847, 7523.9469003093245, 7184.8676467870055, 7259.894999735875, 7754.637857173382]
fps.ltu:[138.7238912405005, 148.84433108216027, 149.2891370199233, 170.97725262940844, 185.27960209135279, 217.6382510327146, 225.27431226922153, 206.86157775633708, 262.09096462266297, 216.4250152057411, 231.97241938293578, 215.44443803420677, 267.3677383325038, 241.05565175554887, 263.6251688890001, 258.9673071208681, 263.4758589636506, 231.00084006665583, 251.78793941901833, 252.97619259509855, 275.71781527006084, 295.6135835695847, 270.57865724034497, 275.3239632873457, 313.24430477725093]
fps.c2:[0.6152773506061059, 0.8363755928478316, 0.7856308753067995, 1.7355235052640965, 1.0124805048535235, 3.445706430132271, 0.30817847498245976, 0.9531444632671351, 1.689899218899499, 0.8032203052593838, 1.7220618250652484, 1.14698284328006, 2.063994165728578, 1.6887860478867418, 0.6979128104330765, 1.7541263143452475, 1.516718689228137, 1.2419682107584329, 1.9135433513421725, 1.0985605597800463, 0.7525628702220717, 1.0338071115619043, 2.8189915260305614, 0.6564852926986091, 1.724318740653779]
FC:[[4.503167986309106, 4.670897525291202, 4.77583846049111, 4.867609611212943, 5.00523602770084, 5.1599057750966395], [4.579236122027618, 4.674431625698759, 4.810360967010902, 4.919059191559376, 5.0551890390697185, 5.210413407300938], [4.67945540816173, 4.768539563653598, 4.896511771642085, 5.025414491536541, 5.178565155366825, 5.324592617880082]]
FCE:[[0.053432074779960925, 0.032766623294291086, 0.020782730188605405, 0.016029201996980404, 0.013961992002728121, 0.012519465762788586], [0.04165736824947996, 0.024341234413430765, 0.016006997439117304, 0.012425547983961047, 0.010817254586932562, 0.00969887307491914], [0.03506670826109452, 0.0202411519639091, 0.012906446476759615, 0.010379769873904134, 0.008921135504948866, 0.00795376320595727]]
