Ri:[50, 100, 150, 200]
Zi:[100, 200, 300, 400, 510]
FC:[[3.929678507462967, 3.9335027367479762, 3.9581843992798658, 3.9835114921047055, 3.996733121232846], [3.938814707017222, 3.962579136100226, 3.986322084082537, 4.010006716204487, 4.034704747967377], [4.044658327860626, 4.066397553560922, 4.09600087262819, 4.125228455772373, 4.1613134647974785], [4.367209056214538, 4.406655585722233, 4.452046827935274, 4.486605622132337, 4.512922194478845]]
FCE:[[0.027989892713129627, 0.019020167513226164, 0.015538746107560333, 0.013577572108853263, 0.01160634912978564], [0.013480086299236067, 0.009221516382551986, 0.007472316556881408, 0.006475632986384458, 0.00572416278145885], [0.009416301814670859, 0.006403288130968243, 0.005177980114739906, 0.004477667532633675, 0.003859601348256463], [0.00790031918559708, 0.005374612717999564, 0.004347084959414942, 0.0037474096298878118, 0.003311201105570066]]
fps.ts:[1621420370.5939, 1621423819.1157, 1621427267.6375, 1621430716.1593, 1621434164.6811, 1621437613.2029, 1621441061.7247, 1621444510.2465, 1621447958.7683, 1621451407.2901, 1621454855.8119001, 1621458304.3337002, 1621461752.8555002, 1621465201.3773, 1621468649.8991, 1621472098.4209, 1621475546.9427001, 1621478995.4645002, 1621482443.9863002, 1621485892.5081003, 1621489341.0299, 1621492789.5517, 1621496238.0735002, 1621499686.5953002, 1621503135.1171002]
fps.e0:[10738.521854650242, 10739.98957450881, 10753.158969826774, 10731.207796735283, 10723.032025394263, 10724.960487366403, 10763.340120429271, 10737.609986731904, 10723.907774475587, 10748.928261510942, 10748.037841454117, 10796.208887832106, 10733.55473597883, 10742.020919964662, 10758.269928376347, 10732.936409536029, 10748.598640176078, 10720.12531979044, 10738.355659658993, 10733.301646673517, 10739.776772794634, 10732.48450574776, 10739.650386744692, 10716.737007565336, 10726.272770441994]
fps.e0u:[13.044323572347443, 12.94049400587674, 13.06588044488809, 13.12856017847861, 13.196732251108951, 13.048014559318053, 13.131808836407512, 13.16610778797782, 13.278540317067268, 13.163887644793167, 13.27354572759968, 13.24366300223751, 13.15139114266949, 13.143420850098257, 13.159165666052969, 13.192673331936248, 13.20415532902475, 13.246357177515382, 13.244347783704956, 13.251045450785348, 13.20826128161936, 13.263754211375115, 13.222414336753445, 13.222457992401214, 13.547530020542787]
fps.lt:[19236.68644039472, 19974.875979235418, 19162.430742579407, 20616.09866740077, 21057.39070193712, 20876.198906080263, 17995.133217078786, 19254.32016521074, 22600.905146591835, 18301.961839154446, 17216.426441506675, 15370.897425588422, 18476.184498318653, 19354.59216770624, 16950.887420719744, 19731.14876960191, 18589.288721005923, 21250.262599826277, 19789.468485507896, 19475.73290109675, 20341.0207945072, 18968.77871012874, 18549.766553343787, 23038.915218214977, 21216.998467337187]
fps.ltu:[1357.6940214491751, 1448.5416634993012, 1344.727874082477, 1574.1873881728282, 1639.7274110107667, 1600.8148104847799, 1191.779227898102, 1374.4727907368288, 1900.0138320572855, 1240.930123534266, 1102.2662390202374, 875.481633021878, 1267.996816669632, 1382.7100679675923, 1062.411216516945, 1438.7053913063164, 1274.0048177057906, 1674.8555249184542, 1451.2714845664182, 1404.7488011925707, 1529.628403517337, 1329.9499916704829, 1272.5997269812167, 1964.087275080159, 1702.9751375633728]
fps.c2:[1.0972842735497383, 3.8302386480435326, 2.3438292040349467, 0.9739132618719197, 1.4217179571010594, 2.8003292438819574, 2.085258423354514, 1.9678206995310605, 1.7819698504160455, 2.283897585133621, 1.1240031555679946, 1.607172161674701, 1.211763031610118, 0.6707296063250898, 1.8356392475415668, 1.733054647909797, 1.9609188906429416, 2.2537574134796303, 1.7896418828790224, 1.631378292916729, 1.8457661423876033, 2.1000625535564295, 2.120916068882931, 2.812579004045098, 1.0527600663004755]
