Ri:[100, 130, 160]
Zi:[50, 100, 200, 300, 400, 500]
fps.ts:[1721.5774599981307, 5164.732379994392, 8607.887299990654, 12051.042219986915, 15494.197139983178, 18937.35205997944, 22380.5069799757, 25823.66189997196, 29266.816819968222, 32709.971739964487, 36153.12665996075, 39596.28157995701, 43039.43649995327, 46482.59141994953, 49925.74633994579, 53368.90125994205, 56812.056179938314, 60255.211099934575, 63698.366019930836, 67141.5209399271, 70584.67585992336, 74027.83077991963, 77470.98569991588, 80914.14061991216, 84357.2955399084]
fps.e0:[10919.758900852888, 10944.12810940235, 10939.763512781125, 10938.085334544628, 10915.399241661116, 10923.910320948884, 10927.439670114029, 10941.999100280873, 10943.971062707578, 10926.55106504447, 10940.925191411596, 10924.126788921085, 10928.285497315086, 10950.286068057552, 10952.467011141045, 10952.376404025736, 10948.70903160319, 10943.568745224115, 10932.193957822543, 10945.732191751928, 10936.088580910055, 10957.985517268911, 10829.589404986933, 10926.276741139116, 10911.68770362674]
fps.e0u:[14.554101055335495, 14.545397202052897, 14.61109644259736, 14.310325306474562, 14.862640996678762, 15.578359035233643, 12.844142486035231, 12.303420622241928, 12.311674312863477, 12.322983275570945, 12.02504313351051, 12.36063432086117, 12.340487674804672, 12.33627969684179, 12.041235048660864, 12.239203422105948, 12.510574049257617, 12.210456175650915, 12.261433840128003, 12.300556216185328, 12.210773479646939, 13.018658813471536, 14.656440010184108, 15.44160556479903, 14.736538827632891]
fps.lt:[6315.653426921371, 6237.864449301237, 6155.887610735093, 6313.185690767133, 6404.483429500222, 6454.284343282366, 6304.878229017215, 6096.568530870981, 6154.994128601806, 6214.9608985992845, 6248.623079327628, 6355.559255488986, 6367.465072127356, 6062.248516698352, 6026.1108196700525, 6072.927976326752, 6080.263566483886, 6255.715253183284, 6309.710648702606, 6062.494331899484, 6248.035040718852, 6090.118922006849, 6460.480556181543, 5980.465793682338, 6080.856205301346]
fps.ltu:[158.1004202691463, 154.41910407480395, 150.64667217941505, 154.57477760124002, 166.72978537595534, 178.40518313061102, 139.996533973371, 125.26172034788964, 127.26985863918901, 129.72791600151183, 128.0842981147723, 136.8428838573561, 136.45052214727406, 123.7635398399855, 119.51486216321723, 123.38021036973545, 125.31289654897361, 129.98147059533574, 133.43550308755877, 123.70386698211537, 130.19638615863522, 131.290514529893, 168.9330014331699, 151.41025315619655, 150.62675980723975]
fps.c2:[1.4102618528984023, 1.1005331327458243, 1.4425564805420334, 2.5167278868929044, 0.8777016119260771, 0.9188776148231573, 1.418115651963644, 1.2271531117074388, 1.2330742473426426, 1.4336828324419584, 2.1217644065103474, 1.065595041674589, 1.1000646844822297, 1.2181866780389294, 2.7259547641990705, 1.4572194805227778, 2.4176085542495644, 1.5597296043158384, 1.4794395482529183, 1.2845297846550092, 1.51389005024593, 1.9196022236770296, 1.3237601441288116, 1.7373618395865145, 1.7959090455312716]
FC:[[3.922810449761834, 3.929350833880186, 3.931525540026826, 3.981768129336036, 4.020048556521287, 4.060686501402534], [3.994670911234773, 3.971068131699428, 3.9848562906724845, 4.025756306499682, 4.068849275162977, 4.117361952564545], [4.1124006181482935, 4.08182211250265, 4.105824895554367, 4.153432177638231, 4.200906795358322, 4.246288829197116]]
FCE:[[0.03607835707715509, 0.01914021647101192, 0.01162690511358157, 0.009073897176980424, 0.007691715846054939, 0.00681789809357861], [0.028234226116201876, 0.014994901749929622, 0.009098821325589763, 0.007063945049665776, 0.005987987719328509, 0.005219662945727458], [0.023708806510010005, 0.012285406671937131, 0.007511674497434066, 0.005857339834338356, 0.004980808613196884, 0.004431950330948828]]
