Ri:[100, 130, 160]
Zi:[50, 100, 200, 300, 400, 500]
fps.ts:[1685.4602799987792, 5056.380839996338, 8427.301399993896, 11798.221959991455, 15169.142519989013, 18540.063079986572, 21910.98363998413, 25281.90419998169, 28652.824759979245, 32023.745319976806, 35394.66587997436, 38765.58643997193, 42136.50699996948, 45507.427559967036, 48878.3481199646, 52249.26867996216, 55620.18923995971, 58991.109799957274, 62362.030359954835, 65732.95091995239, 69103.87147994994, 72474.79203994751, 75845.71259994507, 79216.63315994263, 82587.55371994019]
fps.e0:[10737.494652183645, 10752.094094467908, 10754.292869527408, 10719.792076020736, 10778.173300954557, 10751.486401324797, 10789.529214961021, 10784.877732288362, 10793.610290692888, 10768.64170956439, 10775.92393766105, 10786.050315754166, 10778.662758120998, 10782.143571720382, 10796.99268188882, 10776.268845587538, 10802.215267603502, 10803.16421922461, 10789.539531144113, 10798.324170361078, 10807.167090583707, 10812.489120315106, 10813.412635839682, 10822.48524182036, 10823.1018641118]
fps.e0u:[12.876500395674164, 13.061998876541388, 12.948495778002556, 13.117464274622753, 12.939386237951938, 13.029813789241425, 13.062108530558518, 13.213420479650958, 13.171337481733337, 12.989396609282522, 13.249286406601442, 12.906224351895212, 13.166335460141887, 13.121970884984385, 13.051135624542232, 13.210669770251537, 13.101441872328383, 13.019100825862564, 13.239866862172539, 13.01644872192289, 13.12827181471808, 13.152076533882214, 13.040631467986472, 12.998031095278355, 13.12811387205496]
fps.lt:[6802.4358788000445, 6411.789434583732, 6631.701964831728, 7013.344825213811, 6430.81512176959, 6542.735621251433, 6275.496946736058, 6442.114454365456, 6341.1556782744565, 6738.700040737772, 6571.649372373856, 6547.131821894037, 6549.691894259646, 6659.650858076272, 6577.150583679193, 6659.021582349292, 6432.233018265422, 6529.407394084075, 6633.071102196729, 6572.396402038005, 6608.645926672959, 6355.117184991395, 6541.729144241917, 6438.857544790286, 6463.421810813033]
fps.ltu:[163.81920100964936, 147.4692825096517, 156.8358932910764, 176.70633615064048, 146.1061741719446, 153.05179378605956, 140.60513412870716, 150.18073024409608, 145.1781276297979, 161.7649718625993, 156.53204255411757, 152.17160349344184, 155.24502795570697, 160.12389142210355, 154.9658578599508, 160.23977877879403, 148.04666624113753, 152.18121683857458, 159.57540222824608, 154.04523986869788, 156.95812464130893, 145.7171655164586, 152.23311047939353, 147.41346478096142, 150.11784744971052]
fps.c2:[2.3755468479659294, 1.2613668428540774, 1.3224938371156831, 3.0880216362823747, 1.8862129047676401, 2.5979985883035783, 1.353374735218042, 1.535802099035409, 1.0714842410300518, 0.8076965749986816, 1.1814061110372054, 1.8407891110854868, 1.327169037887674, 1.1769958720706066, 0.6750311551358552, 0.8806469167036824, 1.9149719897708755, 1.5211826974495763, 1.2772063958986073, 1.5651913528957475, 2.8024683674554476, 1.9831526972280473, 1.2862041157570563, 1.83716314143885, 1.4834757734701542]
FC:[[3.8262406744005912, 3.838147197462651, 3.8887091662321374, 3.9239739772514803, 3.9636622697594497, 4.007388772494724], [3.837817144760606, 3.8665709163208044, 3.9134504262114054, 3.9566066010871705, 3.9998219449624215, 4.044390795734311], [3.9458848348139726, 3.985985420110883, 4.031718769926779, 4.079482902364307, 4.121797271873715, 4.165460601563309]]
FCE:[[0.03715606865221607, 0.019810405557957506, 0.011806289375292687, 0.008836649546113432, 0.007428921511493187, 0.006537220247680949], [0.028939487190561615, 0.015391637926591185, 0.009126396600133658, 0.006843074011557479, 0.005768158522752231, 0.005087148396062826], [0.024587719009990235, 0.012372998775143562, 0.007495835852943302, 0.005794733749061492, 0.0048894705218794875, 0.004320470045060138]]
