Ri:[100, 130, 160]
Zi:[50, 100, 200, 300, 400, 500]
fps.ts:[1681.2509600019455, 5043.752880005836, 8406.254800009727, 11768.756720013618, 15131.25864001751, 18493.7605600214, 21856.26248002529, 25218.764400029184, 28581.26632003307, 31943.768240036963, 35306.270160040855, 38668.77208004474, 42031.27400004864, 45393.77592005253, 48756.27784005642, 52118.77976006031, 55481.2816800642, 58843.78360006809, 62206.28552007198, 65568.78744007587, 68931.28936007977, 72293.79128008365, 75656.29320008756, 79018.79512009144, 82381.29704009532]
fps.e0:[10836.381642278393, 10842.837588443008, 10852.208120908823, 10815.936662563292, 10835.517888329943, 10847.083017925721, 10842.000498915033, 10844.649655059793, 10834.344660981542, 10842.47647369686, 10826.40747250978, 10843.39772961928, 10836.090722420962, 10837.045740425656, 10833.890037519974, 10856.197787842295, 10848.274644621359, 10857.70818058647, 10849.531540768163, 10839.225962917497, 10862.290387926141, 10842.084223321692, 10842.550071999587, 10854.879641734098, 10841.929838599259]
fps.e0u:[6.8753430473470205, 6.906600696050415, 6.881271333210285, 6.939666158539126, 6.920398869310261, 6.870250222434536, 6.885049455655789, 6.916382762877763, 6.963645756849916, 6.944460909432844, 6.9755382665875905, 6.9217854733710045, 6.885620196989274, 6.906339026114991, 6.96848419100386, 6.918881020680446, 6.90968878173102, 6.8858800084580025, 6.942649113704464, 7.018873890750667, 6.936388835355956, 6.934521981908467, 6.893195710991627, 6.886041798422293, 6.969239058352457]
fps.lt:[7668.065953969185, 7537.272734843388, 7455.865784410491, 8065.934340253097, 7754.96314936623, 7532.138257108305, 7665.184964433473, 7636.836199867101, 7793.680910268939, 7603.96087690861, 7994.65806699718, 7634.46588893284, 7780.192929704952, 7782.107899887724, 7871.994423621434, 7606.807578880631, 7714.334959383855, 7618.136573420676, 7759.959577087099, 7917.150007540476, 7426.135214664116, 7848.508201413574, 7825.403556419342, 7752.260384594864, 7893.702933428283]
fps.ltu:[112.4296890103382, 109.25896536745073, 106.2225367835331, 125.6355414252862, 115.5386122125876, 108.40145805017875, 112.80634614801826, 111.87204278192957, 117.30347397057636, 111.21712476750182, 123.32119478000426, 111.86180063807238, 115.70978929656353, 116.02313679441893, 119.65379188641117, 110.89096808779892, 114.02268103973222, 111.23312987692623, 115.54317334859984, 121.8479735040299, 106.18994746067241, 117.97534066998656, 117.16933073791871, 114.54911752571645, 120.37838537872712]
fps.c2:[2.293749934134102, 1.5480386742260825, 2.190677447059735, 2.8298882044534497, 1.6827102177468651, 3.029760900233195, 3.3821308665393066, 4.33690293569143, 2.258000623145593, 2.669760519401229, 3.261681847875122, 2.1685283615466235, 5.258054068762947, 2.9794468684587008, 2.358429744603982, 2.3558296233014033, 2.14555055231959, 3.5889332512676098, 1.9015871623400733, 2.339033738925401, 1.5026950674373383, 1.9378420909889593, 3.0581712428221652, 2.6800320866497143, 2.611175433160591]
FC:[[3.874644450482903, 3.8574723988432686, 3.8726253890417945, 3.8969926304784566, 3.9355776487330867, 3.9756855773880995], [3.8995943830396325, 3.901091492132647, 3.9207342953431374, 3.9523617598355654, 3.993858713182089, 4.0335323970491785], [4.027286709719613, 4.028371132874052, 4.0539548570209005, 4.090135723744905, 4.133697932331114, 4.180748069810803]]
FCE:[[0.016943993761240894, 0.009776133640489505, 0.006179604455971597, 0.004827980920328276, 0.00411369439562429, 0.0035695711834736023], [0.013208612020187097, 0.007635377692550646, 0.004818226886171954, 0.003776407277943538, 0.0031392230466248585, 0.0027938470968183558], [0.011363387906165924, 0.0063309794042285955, 0.004005026713022531, 0.0031463546273370743, 0.002687215984041401, 0.002349902166816488]]
