Ri:[50, 100, 150, 200]
Zi:[100, 200, 300, 400, 510]
FC:[[3.956513434740687, 3.9229804227756864, 3.9614540224726196, 4.001242817862963, 4.034611710748365], [3.981161539023193, 3.9930232273476527, 4.029584178490876, 4.064581096096217, 4.0829289769708135], [4.112165813179627, 4.144454033153834, 4.177270375553897, 4.220494178769825, 4.240794749856903], [4.680627259281503, 4.743079768949159, 4.789491969187206, 4.840438812614549, 4.861824649214109]]
FCE:[[0.052576883868580976, 0.034969743530767324, 0.028706640003287882, 0.02519853695820616, 0.022371246292902176], [0.026501379479788194, 0.017349719700216468, 0.014182657046747576, 0.012283884776804537, 0.01086700608431602], [0.01812152242293655, 0.012278517677066553, 0.009923642542946856, 0.008616589145326857, 0.007614477774528269], [0.01671830477877106, 0.011398004002669104, 0.009222132130844897, 0.007991188030884498, 0.007069530448058746]]
fps.ts:[1620724297.7006803, 1620727455.42204, 1620730613.1434002, 1620733770.8647602, 1620736928.5861201, 1620740086.3074803, 1620743244.02884, 1620746401.7502003, 1620749559.47156, 1620752717.1929202, 1620755874.9142804, 1620759032.6356401, 1620762190.3570004, 1620765348.07836, 1620768505.7997203, 1620771663.5210803, 1620774821.2424402, 1620777978.9638004, 1620781136.6851602, 1620784294.4065204, 1620787452.12788, 1620790609.8492403, 1620793767.5706005, 1620796925.2919602, 1620800083.0133204]
fps.e0:[10775.864898290443, 10723.533289442037, 10769.086602845535, 10701.21593484584, 10797.13079299224, 10747.207864089662, 10717.364503513543, 10801.731406032568, 10761.041768547022, 10731.507539313056, 10753.472235447894, 10727.043784638481, 10748.047402685166, 10711.290774144534, 10773.348773757389, 10730.53344499125, 10786.73975364261, 10733.54924443589, 10776.829866488215, 10796.140162547526, 10781.761574157437, 10773.117142681656, 10691.884464990477, 10774.420271957277, 10774.677670503837]
fps.e0u:[25.35022588902649, 25.543101700880428, 24.99298235970166, 24.816442357734946, 25.14149876232844, 25.492435941278526, 25.24531573558799, 25.55703242411633, 25.13731390325384, 25.676777972470333, 24.78394192075649, 25.180267945644218, 25.0345608855469, 25.74715222020588, 25.10900154872267, 24.87300803820209, 25.174373188808488, 25.117879498512288, 25.398579701264826, 25.254147283780277, 24.949383185235963, 25.519526439357044, 25.170416644536893, 25.458556025333735, 25.392157936325063]
fps.lt:[17359.709613698546, 23016.747204101877, 18919.681871354256, 24584.228011126506, 15408.23917303571, 17390.66551286402, 19770.23336433407, 16091.432456974446, 20693.499362124607, 19240.85209608115, 20283.331984046523, 25527.29563283762, 20657.601021416045, 24589.201088763886, 18843.603977330833, 19691.50581488229, 17901.834652204663, 20491.28757405692, 15061.54717172338, 16617.32056966655, 17811.33034841619, 18853.421263495664, 27851.842717115065, 18252.04162065627, 16769.616997467285]
fps.ltu:[2129.393134290141, 3752.627659646417, 2522.6537942055625, 4224.950683423328, 1699.950591142109, 2152.98402430703, 2776.405448875639, 1864.126950999089, 3026.765620543168, 2651.230945871742, 2882.9504889680143, 4583.631620810473, 2999.2074400558404, 4308.85690139466, 2507.3472849843365, 2726.2163209496407, 2273.194564710285, 2952.1819550638916, 1615.7717160365598, 1948.9434606161262, 2224.9993499287148, 2540.6214932089147, 5465.679996918124, 2348.470139731428, 1995.822412835984]
fps.c2:[1.3983302549282077, 1.4401030200711746, 0.9215215970226789, 2.427811544096751, 1.0852762370416955, 0.6516037916831319, 1.505238112842917, 1.9566242734279462, 0.7170643460461362, 1.7990241765734116, 0.8257545220079361, 0.9251524179773722, 1.0639707228335102, 1.7147477284449992, 0.6834034138023456, 1.2079012744989654, 1.1707277088138486, 0.8142213812272848, 1.1259828879180127, 0.8747884554764338, 1.1683299650941117, 1.112847503329278, 0.9679518827491125, 1.3656070341776305, 0.7242359272881552]
