Ri:[100, 130, 160]
Zi:[50, 100, 200, 300, 400, 500]
fps.ts:[1612.17765999794, 4836.53297999382, 8060.8882999897, 11285.24361998558, 14509.59893998146, 17733.95425997734, 20958.30957997322, 24182.664899969102, 27407.02021996498, 30631.375539960864, 33855.73085995674, 37080.08617995262, 40304.4414999485, 43528.796819944386, 46753.15213994026, 49977.50745993614, 53201.862779932024, 56426.2180999279, 59650.57341992378, 62874.92873991966, 66099.28405991555, 69323.63937991142, 72547.99469990731, 75772.35001990318, 78996.70533989905]
fps.e0:[10852.846644878804, 10890.038226942099, 10843.289689115267, 10848.337582320464, 10878.608586947883, 10864.417475768552, 10862.953884822788, 10872.866236774715, 10883.491614444682, 10865.02970155168, 10869.126216594334, 10877.193472276573, 10890.339114255192, 10886.201698966044, 10873.981114194445, 10878.61778311108, 10884.973131196619, 10856.028524994561, 10835.873895136669, 10876.635062316796, 10888.572393765327, 10877.817704003948, 10864.119644968981, 10871.569346935603, 10881.73306711685]
fps.e0u:[12.346958004017596, 12.217486085202069, 12.417918495681134, 12.328636357797697, 12.454775524527285, 12.286933524800832, 12.34152431289004, 12.296681802915796, 12.222557734414481, 12.462242331621777, 12.321911554636577, 12.32725703516026, 12.357111461754322, 12.245173527865044, 12.322435582790991, 12.371226423478982, 12.350258348775151, 12.451597324521893, 12.40259002882352, 12.447468655801282, 12.286166448038292, 12.343316482406102, 12.447494778441374, 12.330281523556748, 12.393263398172163]
fps.lt:[11001.200673269666, 10034.871451460607, 11137.629717899861, 11185.409665763982, 10099.131294033928, 10562.626301359747, 10677.943010600417, 10335.952662514708, 9962.932948841042, 10635.994019618302, 10273.476896607273, 10267.588380842697, 9605.699931820423, 10063.29196395476, 10477.655311854922, 10067.431335533081, 10238.191631190686, 10851.039391718783, 11395.982492398805, 10064.129603088311, 10113.78222669104, 10322.853484667592, 10503.668696661802, 10476.673944536946, 10027.884846135099]
fps.ltu:[411.07014535022415, 339.2456994848441, 425.677332194437, 425.66937238340745, 350.61850688097894, 377.77509269234235, 388.403502289932, 363.50877284761924, 336.7287015813365, 387.46888097142926, 360.63012935750197, 358.3583692553606, 315.1961833373223, 343.4354519544425, 374.131542464753, 346.3186719009352, 359.5022036595808, 404.67128745138206, 444.97391204634835, 348.2819169261281, 348.7335659993611, 364.73443020998616, 377.8061661162557, 373.57943661806456, 344.97654261188353]
fps.c2:[1.1042691500168718, 2.718647541818282, 0.8248818737442593, 1.9328693432847457, 1.1778922820291404, 0.7244212839194051, 1.4514708420308595, 2.3464293838965946, 1.4599270422777622, 1.4379488650608594, 0.7853153458855928, 1.5695160091117821, 0.9569264033089989, 1.9663331038087604, 1.9171691640812023, 0.991295934467069, 0.7204896116391686, 1.1896275463354664, 1.5737206321892179, 1.8922272853948137, 1.552822161351864, 1.7799340571643956, 0.5105619446169949, 0.7191861314417439, 1.5363513372672355]
FC:[[3.79803072998101, 3.8407249136182844, 3.8540936222455926, 3.890006489196609, 3.9099316874669876, 3.9463044383482906], [3.823324542267277, 3.8787200147044167, 3.898276802543218, 3.933348115367294, 3.9621846629639563, 3.995492749018528], [3.976956344302853, 4.003160327575238, 4.027652598367572, 4.058362951582888, 4.085736576981551, 4.118217631520277]]
FCE:[[0.028961479100686614, 0.017172791749067145, 0.011148974530235133, 0.00882951688435518, 0.007454977739832581, 0.006603140368980915], [0.022349366373743264, 0.01331825661249065, 0.008637589551283669, 0.006831534804825093, 0.005661432416972028, 0.005011941720375551], [0.018281873384262605, 0.011030357769476994, 0.007169813487711045, 0.00566287422833781, 0.004809228120732774, 0.004270030928092608]]
