Ri:[50, 100, 150, 200]
Zi:[100, 200, 300, 400, 510]
FC:[[4.068840572300539, 4.071946962763531, 4.086511273645089, 4.088240143568135, 4.112637467404558], [4.056568869733508, 4.081531958178117, 4.108286445889362, 4.129052267230741, 4.156715941473139], [4.1884392758932, 4.23141207939828, 4.259019358404705, 4.285101111670108, 4.312758447235998], [4.862580054181649, 4.920311524579972, 4.961214832486249, 4.983326881012946, 5.001028701603049]]
FCE:[[0.0383045362439531, 0.025796223447757623, 0.02102608192431233, 0.01818613040801866, 0.01602632426103377], [0.019267657548783935, 0.01316462780304339, 0.010754210654559433, 0.009288273578513771, 0.00799315842834919], [0.013145834690841414, 0.009024116520680511, 0.007328772350256716, 0.0063317157370166004, 0.005600299629285129], [0.012255176247555115, 0.008371574401099762, 0.006795148736658091, 0.005863276310399614, 0.005178363536768624]]
fps.ts:[1618929478.22464, 1618932928.2719202, 1618936378.3192, 1618939828.3664799, 1618943278.4137602, 1618946728.46104, 1618950178.50832, 1618953628.5556002, 1618957078.60288, 1618960528.6501603, 1618963978.6974401, 1618967428.74472, 1618970878.7920003, 1618974328.8392801, 1618977778.8865602, 1618981228.9338403, 1618984678.98112, 1618988129.0284004, 1618991579.0756803, 1618995029.12296, 1618998479.1702404, 1619001929.2175202, 1619005379.2648003, 1619008829.3120804, 1619012279.3593602]
fps.e0:[10718.66368971947, 10706.47874393162, 10703.131391953833, 10730.715804175892, 10693.375087649983, 10719.88092604381, 10702.777272306965, 10683.813764251083, 10714.693649214369, 10728.44713943578, 10743.755320534483, 10747.241068349773, 10695.282049842324, 10709.195702652667, 10713.205573134968, 10726.582060653685, 10715.533524809083, 10737.232083675437, 10709.156166457073, 10739.212552098781, 10355.246152339287, 10672.185064055308, 10759.974059497375, 10792.29416855704, 10813.20410161409]
fps.e0u:[21.96160543075806, 21.872420147276788, 21.697019715691678, 21.743081595836777, 21.637570849127705, 21.90303493937936, 21.985095308459297, 21.8689150125341, 21.967595946507718, 21.89976919330628, 21.579833170759517, 21.87357570028853, 22.31505311246869, 22.288035235058747, 21.994409218214816, 21.923697837388435, 21.661569091902344, 21.652101193682554, 21.743597710051127, 24.21934528811738, 16.856603250635334, 11.112766931693317, 10.845069530335676, 10.828739950713242, 10.934893349342662]
fps.lt:[18574.679238152352, 19915.657585743116, 17628.289464043035, 17074.79502212617, 20425.128706916377, 17909.398786091264, 19751.531161131847, 22774.069315853918, 18347.184143868155, 16793.350953328925, 17266.59147893278, 15885.35332177163, 17536.491033182312, 19053.85522646754, 17109.14975522414, 16031.60650636477, 17997.978350204055, 16630.419935104423, 19157.18471877063, 23975.62837582886, 40897.09917487908, 15480.132706910324, 17431.43364379965, 17587.15107411767, 16528.400131892053]
fps.ltu:[2123.115118398774, 2435.034347450214, 1901.5819212508097, 1781.395743097007, 2527.1972496003964, 1978.0402548026816, 2402.121224465407, 3191.4189586898356, 2073.116465781857, 1726.0034344426097, 1808.898714450367, 1546.2483055322134, 1929.2393425652986, 2274.116359652444, 1805.115665777354, 1594.144032181448, 1964.8891407368528, 1682.497726222176, 2254.9302538020156, 3872.8208112828947, 7845.606642903503, 752.9580227181489, 924.1560492784561, 938.8518071637234, 836.9792903013763]
fps.c2:[1.2931532273768493, 2.1217922605070743, 0.7920039574274299, 1.2824450083279106, 0.8218578611025881, 0.7458088366840395, 1.566286504979268, 1.644039091268043, 1.058297623853524, 1.8606353020977655, 0.9189506539166832, 1.5746267565833878, 1.3021977276473633, 1.4876003888425728, 2.130469188022394, 0.753469296663054, 1.0907560671917866, 2.122055674016645, 0.9824753382452381, 0.7501219194754666, 17.025790820937438, 6.849846207682027, 2.540902041956514, 1.7723100833576049, 2.3794659250584456]
