Ri:[50, 100, 150, 200]
Zi:[100, 200, 300, 400, 510]
FC:[[4.073748836047499, 4.0502639299902645, 4.041250441023476, 4.055390109557442, 4.057069034635617], [4.0158279503041525, 4.026249678986224, 4.048244971579704, 4.066923540300658, 4.093307065067253], [4.148856561380862, 4.158690840310414, 4.191026537122888, 4.213763096423987, 4.245065690508607], [4.769353296968135, 4.7888446901837165, 4.830650736391134, 0.1969863522950927, 4.8813128122147935]]
FCE:[[0.04199898609695427, 0.02807203304413895, 0.022539365365431874, 0.019425000256607337, 0.017031220826990583], [0.020753493988913817, 0.014035687666247361, 0.011336711328096888, 0.00977325188495753, 0.00862953187620856], [0.014159339411245303, 0.009196291205579831, 0.0074396836623861606, 0.006415977409343747, 0.0056842359486697965], [0.012876766780549732, 0.00871985094045663, 0.00704906689493431, 106461.43872119887, 0.005390746683938144]]
fps.ts:[1604832948.9775, 1604836432.8085, 1604839916.6395001, 1604843400.4705, 1604846884.3015, 1604850368.1325002, 1604853851.9635, 1604857335.7945, 1604860819.6255002, 1604864303.4565, 1604867787.2875001, 1604871271.1185002, 1604874754.9495, 1604878238.7805004, 1604881722.6115003, 1604885206.4425, 1604888690.2735004, 1604892174.1045003, 1604895657.9355001, 1604899141.7665005, 1604902625.5975003, 1604906109.4285002, 1604909593.2595005, 1604913077.0905004, 1604916560.9215002]
fps.e0:[9888.240261429904, 9922.531426451287, 9886.48806238296, 9916.27424395451, 9903.744022520756, 9915.917452170215, 9889.345516601921, 9900.033422731825, 9914.055776028965, 9927.457471338746, 9934.214580785814, 9917.360952680541, 9941.807443322503, 9905.310777496963, 9910.419985771792, 9905.680362849904, 9885.928700119577, 9904.857800061818, 9895.9420232686, 9917.727129430392, 9936.098320943373, 9885.97675215909, 9927.914820272696, 9921.097215656171, 9933.766411352206]
fps.e0u:[17.416863078028687, 17.34314437821607, 17.6419676088646, 17.53825371597499, 17.55879035600475, 17.411078901998273, 17.709805369043067, 17.532184014477192, 17.673331507096545, 17.387413914705654, 17.597639652572653, 17.975438156783365, 17.561319697435245, 17.598518919260723, 17.426481482428166, 17.572853036730653, 17.628455689726383, 17.54764667745834, 17.5809766992816, 17.493000204788896, 17.635426398346716, 17.56297550940214, 17.169417647734058, 17.560503260678377, 17.828889439049483]
fps.lt:[18733.697320558505, 15013.560883226606, 17252.16965710507, 14684.025099506234, 16737.343289931665, 15099.291041398154, 15980.777488099704, 18209.822102983624, 14910.314890800952, 15896.946139405189, 14669.656761922442, 14684.838025131832, 14461.007689446355, 16458.266315002005, 16753.92559800516, 16673.29434091475, 16753.448534556, 17055.995853061282, 18347.338068993027, 17153.739815557983, 14191.429973187398, 16969.27054385597, 15070.516606204223, 15052.75586289935, 13919.009443555517]
fps.ltu:[1849.415210737662, 1188.5476467015235, 1582.558222104418, 1151.096136374657, 1488.3395546519273, 1209.1703320641234, 1366.2751018494623, 1748.6146344958622, 1190.5526121640632, 1336.6154762278331, 1145.3890625172075, 1166.3637672900081, 1110.6495166477102, 1435.0242410908247, 1483.5096680951224, 1485.7469462408117, 1503.5357497262464, 1559.5988406479223, 1791.8920897013024, 1562.6209374555817, 1075.6430241855733, 1535.7384747021113, 1185.798577984663, 1205.6931688530683, 1048.3316818005812]
fps.c2:[1.7884692068647752, 1.277064403437622, 1.6496723413709338, 2.6235249905300173, 0.9253100770837451, 1.1205142309468294, 1.3308521196744725, 0.9845680434558232, 2.102131639457354, 1.2208000671569037, 0.7241965261248955, 1.1261352152568447, 1.0569820221116673, 1.1686184394081685, 1.8308131054617385, 1.6409744494106364, 1.028171083007264, 1.499930378333065, 2.4161402070710203, 1.7692361022029235, 0.8777008050286201, 1.2243755878870959, 1.9226087014410085, 1.9027746446224054, 1.308841086170015]
