Ri:[100, 130, 160]
Zi:[50, 100, 200, 300, 400, 500]
fps.ts:[1707.4846000003815, 5122.453800001144, 8537.423000001907, 11952.39220000267, 15367.361400003432, 18782.330600004196, 22197.29980000496, 25612.269000005723, 29027.238200006486, 32442.207400007246, 35857.17660000801, 39272.14580000877, 42687.11500000954, 46102.0842000103, 49517.053400011064, 52932.02260001183, 56346.99180001259, 59761.961000013354, 63176.93020001412, 66591.89940001488, 70006.86860001564, 73421.8378000164, 76836.80700001717, 80251.77620001792, 83666.7454000187]
fps.e0:[10656.511445847638, 10674.95524007505, 10668.095456078692, 10663.377563871389, 10667.20669371051, 10680.76335238543, 10690.953175151013, 10676.946583455256, 10679.401834529659, 10685.260261239453, 10698.574778782691, 10699.442754466114, 10700.533025272245, 10694.039939183122, 10717.509059650201, 10725.365331079833, 10714.985682024257, 10727.130754820606, 10725.217888170893, 10709.434150435725, 10727.880266040273, 10707.31735150312, 10724.414394855152, 10707.91418165592, 10715.507592694115]
fps.e0u:[12.616375308176906, 12.46086756786333, 12.614296194084863, 12.390591124343292, 12.611001673778315, 12.729479396940855, 12.59990982093338, 12.851916699160553, 12.878257287138277, 12.843852706708855, 12.849287248487242, 12.779165340462997, 12.858776327279726, 12.695646908346884, 12.757455453754353, 12.708986773349666, 12.87987259494242, 12.917725922104504, 12.846137967137796, 12.821155235546502, 12.848593697206828, 12.904862154500124, 12.959964609500553, 12.883635742654516, 12.995963189420111]
fps.lt:[6192.839652003352, 6103.435739907608, 6306.67732306202, 6583.362834123685, 6457.038001982498, 6524.653645856628, 6545.986254412687, 6738.538859229427, 6869.88732615594, 6723.363932307089, 6682.224456567086, 6715.297090546875, 6915.498200031713, 6930.273584319949, 6759.96937776716, 6797.670149016283, 6966.155621274152, 6984.591988707047, 6838.780758216437, 7013.824277893211, 6808.083662860189, 7190.9866996600385, 6812.015212636732, 7071.599714244214, 6990.292982314291]
fps.ltu:[130.8741047494787, 126.04952109440998, 136.91224966861333, 147.31849693021647, 143.66884453333188, 146.99337932075807, 148.5377837820989, 159.69651587965336, 166.13042654551327, 159.78124645933443, 158.0814523545459, 159.74483470749547, 169.19556480167412, 168.65359607856226, 160.41507413497663, 162.20329237232409, 172.17518286524643, 173.43899840268526, 165.2164903451243, 173.48646442062542, 163.7622216744344, 184.34889982108757, 165.03598988753976, 176.3598646160467, 174.7646543269275]
fps.c2:[1.8000414511392617, 1.48363442666717, 2.2446376676002737, 2.7738743641783867, 1.5337783735659292, 1.811447881278278, 2.1626115682445826, 1.7099815089365398, 1.2150463624844297, 1.3926323227999082, 1.8913068142521894, 1.5865414012467687, 1.6424518338350944, 1.9147433942955239, 1.9183028365483434, 1.9908012134147497, 1.3207307219113953, 3.1333186221389706, 1.4958673863875522, 1.6086325243045363, 2.744974795181903, 1.2179416801741334, 1.8647038033495855, 2.599888896370703, 2.5204018534550485]
FC:[[3.830973464643649, 3.9001513934816887, 3.943653420631292, 4.01878261212025, 4.101762426288788, 4.190900541174194], [3.852962249622784, 3.92180848265618, 3.971211088305768, 4.047920941840326, 4.1257918715348465, 4.206100826485219], [3.9474135246779505, 4.019736296566406, 4.0810023013269445, 4.151363578253165, 4.229245118225046, 4.306250365565694]]
FCE:[[0.03704073265721183, 0.019849399397965758, 0.011982687719751526, 0.009368554844275774, 0.007766544471389948, 0.00676203639786345], [0.028764965373546475, 0.015234495211097371, 0.00918254938294191, 0.007186998544292955, 0.0059658784298381945, 0.0051877774463598035], [0.02454322235716493, 0.012760885802585196, 0.007525031162200882, 0.00587406799085843, 0.004876044622454809, 0.004347861358542843]]
