Ri:[50, 100, 150, 200]
Zi:[100, 200, 300, 400, 510]
FC:[[3.980678239706113, 4.0434515606313886, 4.0387921111195535, 4.0520506570596275, 4.065020460476592], [4.000569024619469, 4.028771747650696, 4.03837172156348, 4.05397673830467, 4.08150765438483], [4.112110483004241, 4.145317953414181, 4.1669703502664905, 4.194825556746939, 4.22063116923666], [4.762449748581045, 4.8094176158374395, 4.843859822142383, 4.868784115779202, 4.886000292239572]]
FCE:[[0.0332952799709905, 0.023399153158099015, 0.01903767748773812, 0.016449627647655826, 0.014486526836730485], [0.016978287734406995, 0.011671133945651106, 0.009435490117873613, 0.008171722869452072, 0.007250417706340828], [0.012004040188598651, 0.00818961044850879, 0.006630859536279864, 0.0057449366941324945, 0.005088643412353171], [0.010985039028801439, 0.007507504060704845, 0.006097048557293357, 0.0052667504697160574, 0.004652844415851961]]
fps.ts:[1613990402.2013998, 1613993837.4182, 1613997272.6349998, 1614000707.8518, 1614004143.0686002, 1614007578.2854, 1614011013.5022001, 1614014448.7189999, 1614017883.9358, 1614021319.1526, 1614024754.3694, 1614028189.5862002, 1614031624.803, 1614035060.0198002, 1614038495.2366, 1614041930.4534001, 1614045365.6702003, 1614048800.887, 1614052236.1038003, 1614055671.3206, 1614059106.5374002, 1614062541.7542002, 1614065976.9710002, 1614069412.1878004, 1614072847.4046001]
fps.e0:[10713.585488786395, 10732.788127897387, 10717.69457938292, 10728.99120931975, 10673.960303238619, 10727.514274459181, 10732.62264292868, 10713.138113807998, 10740.049933242146, 10692.223971481371, 10725.743962495642, 10740.633500372414, 10729.084068968274, 10687.271630888139, 10717.189654126501, 10718.590443573723, 10731.445209867858, 10743.948751651611, 10701.61947942465, 10704.6046025278, 10732.044439958558, 10736.714313869676, 10723.237105612636, 10723.969177454968, 10718.108846017072]
fps.e0u:[16.163875263387162, 16.46446579691703, 16.247566839090748, 16.19092554695327, 16.192977779313786, 16.27061521590612, 16.19926670597721, 16.254774283653425, 16.119513382729885, 16.118733742012914, 16.012007637687972, 16.25897552707728, 16.348893965233767, 16.287831644216944, 16.281432246674814, 16.278136744956708, 16.34720205410163, 16.248016071669316, 16.013273696761054, 16.258389154512887, 16.10351921732434, 16.182280999691617, 16.38124923002397, 16.105810672908902, 16.141247688829985]
fps.lt:[18514.9946581614, 17585.47021548617, 17763.830013743136, 18270.61408402651, 22472.297181211743, 18247.401725877113, 17092.33150524545, 19990.42448879026, 17474.815938579763, 23656.136253870376, 17472.20008642118, 17994.264168277266, 17036.15091098368, 21270.521680831927, 18257.644133167934, 18812.137822727185, 17116.859624708257, 16032.676104420672, 21147.679411276356, 18641.70472110341, 17448.697296051636, 17385.31105329967, 17282.12389662018, 17589.394130311248, 18122.037201710096]
fps.ltu:[1558.6209896858352, 1419.4966273649707, 1442.8514351493811, 1523.160815924906, 2323.114925439295, 1509.914835970268, 1330.1938901588726, 1822.8629907570632, 1386.9954571928363, 2533.613688293566, 1375.8231795665754, 1470.196153774689, 1325.0961128210909, 2059.1004228968545, 1533.9359430361515, 1612.731326224415, 1343.8332378370258, 1173.6720698461806, 2021.889451828342, 1593.3155078519364, 1381.2249764359713, 1379.746739253095, 1374.290588067685, 1403.146160241338, 1496.8579275332677]
fps.c2:[2.8877122076169526, 1.0846444962438562, 1.353643525632072, 1.0258775329709162, 1.6838608343301664, 0.9171957069411806, 1.2003641563879541, 1.9127830248965876, 0.9259369257992524, 1.6596009471978803, 2.157222606338958, 1.782435177301665, 0.8374929424500418, 1.771143854522081, 1.1635819954620876, 1.6459321154771667, 1.5211500987663895, 1.8025911087487894, 2.1208775392328096, 0.7583520066226174, 1.1865612920013517, 1.150871052747022, 1.05276190191228, 0.5980303541009188, 0.643522856755089]
