Ri:[50, 100, 150, 200]
Zi:[100, 200, 300, 400, 510]
FC:[[4.096412134529796, 4.069174786142893, 4.060138631021594, 4.070004323159068, 4.086303537396312], [4.048761688012089, 4.055189067106574, 4.077883760922831, 4.103760195447234, 4.123529531351314], [4.14387935863373, 4.174092532445595, 4.203743699479901, 4.228493694220184, 4.2641317687952816], [4.733494386973854, 4.784671142111419, 4.821632865961759, 4.849448997277034, 4.872632075180431]]
FCE:[[0.04701506391163934, 0.030963084038698956, 0.024820867319580418, 0.021192102879764557, 0.018699612263263252], [0.023328564922447045, 0.015647517054512658, 0.012538493214741856, 0.010797850279530972, 0.009546821972944704], [0.016131890411438754, 0.010991197404049755, 0.008849449742887499, 0.00762786404692755, 0.006593307285195472], [0.014863021712499118, 0.009979116827463191, 0.00804964028362763, 0.006948538124081468, 0.006144980208877172]]
fps.ts:[1607943337.42924, 1607946776.0817199, 1607950214.7342, 1607953653.3866801, 1607957092.03916, 1607960530.69164, 1607963969.34412, 1607967407.9966002, 1607970846.64908, 1607974285.30156, 1607977723.95404, 1607981162.6065202, 1607984601.259, 1607988039.91148, 1607991478.56396, 1607994917.2164402, 1607998355.86892, 1608001794.5214, 1608005233.17388, 1608008671.8263602, 1608012110.47884, 1608015549.13132, 1608018987.7838001, 1608022426.4362803, 1608025865.0887601]
fps.e0:[10066.697938738394, 10068.745713439854, 10059.036482081068, 10117.934645366218, 10053.771981037245, 10092.621249354195, 10100.833647627098, 10079.339337243686, 10056.320298093788, 10083.14437518121, 10091.887665041497, 10080.197265830157, 10084.741703634507, 10120.02946497047, 10110.870048074754, 10101.090636337576, 10130.944565423479, 10116.635095855678, 10110.499547892297, 10104.777622908156, 10129.005967840598, 10118.822611669879, 10108.053923714871, 10108.928302041886, 10150.72493217787]
fps.e0u:[20.592143828106, 20.36514854998349, 20.620283751158958, 20.252457414034208, 20.65858692518754, 20.81874398051033, 20.75540642759341, 20.613461728371533, 20.42606945658065, 20.541851293326374, 20.55147825443047, 20.334719805107905, 20.700202394890194, 20.365788315331436, 20.534612187448758, 20.583104573553225, 20.19519257548975, 20.292443508290688, 20.120234991564747, 20.33330915806918, 20.554729571504147, 20.171082857433674, 20.608527549590463, 20.593485171399802, 20.749142881759393]
fps.lt:[13459.98377417884, 13508.443122599036, 13278.745632130154, 11270.398555635818, 14387.269161274276, 12956.006079587936, 11843.002378844518, 13293.707982651995, 14180.634099257188, 13400.201940826388, 12229.158073854223, 12737.727830663605, 13476.38195699441, 12039.771345248451, 12010.06655676835, 12668.871408545934, 11445.3086014859, 12252.937725073258, 12365.687745082272, 13184.23891229975, 11900.97779620265, 11669.065179309144, 12551.751094816535, 13070.407152452643, 11141.564786984327]
fps.ltu:[1126.8788303056378, 1118.5760960389493, 1094.8216301478985, 777.157528678808, 1273.4827509270756, 1040.0225818123322, 867.9349026667454, 1095.4828493583652, 1238.072317105242, 1105.9398189558883, 912.3974333213066, 992.1603289008502, 1123.4868593663705, 882.42398684429, 881.5676862507592, 983.624601252314, 792.5139345614998, 915.862977244554, 915.2824992996342, 1050.8175795911227, 871.7073037435626, 829.3299587727884, 967.8993641269126, 1047.0991338259794, 759.3356896467026]
fps.c2:[0.4919779030197917, 0.7439563860402478, 1.224359534320809, 1.3067870515456983, 1.283279957993435, 1.0327885475342546, 1.4471968805479536, 0.9733170311524185, 0.8116401424118561, 0.8456670872115594, 0.8185167651743261, 1.2683073659942132, 0.4145768232660872, 1.1339942941435586, 2.037649494520166, 0.6581147836591597, 1.296801760107343, 1.0477445717482368, 1.200942814608178, 0.8022686522070874, 0.6359682418668581, 1.527124345602625, 1.0971719143419763, 1.2301419816050336, 1.3011668921373183]
