Ri:[50, 100, 150, 200]
Zi:[100, 200, 300, 400, 510]
FC:[[4.071971663979412, 4.02828842509682, 4.040079455850522, 4.07284152919876, 4.083197198352959], [4.016374937694703, 4.026804005862433, 4.044134035358003, 4.080895329500654, 4.107134227854094], [4.129467890858568, 4.153566931877502, 4.180395893925153, 4.209323790686959, 4.243598040024162], [4.766569464707083, 4.805066867681669, 4.841709710364178, 4.869291675554686, 4.891573403720752]]
FCE:[[0.04708477118852598, 0.03151374301067063, 0.02535831211966698, 0.021894620932521897, 0.019375965471937023], [0.022971488674665048, 0.015568130325506937, 0.012537025772894832, 0.01087023654018159, 0.009637619014662712], [0.0159740188604035, 0.010858005674375266, 0.008765871425146971, 0.00758409070792831, 0.0067499138366360414], [0.014804776176259618, 0.009942190480094804, 0.008022320160900893, 0.006913403733132952, 0.006109504156912059]]
fps.ts:[1607770163.1495, 1607773626.4545002, 1607777089.7595, 1607780553.0644999, 1607784016.3695002, 1607787479.6745, 1607790942.9795, 1607794406.2845001, 1607797869.5895, 1607801332.8945003, 1607804796.1995, 1607808259.5045, 1607811722.8095002, 1607815186.1145, 1607818649.4195, 1607822112.7245002, 1607825576.0295, 1607829039.3345003, 1607832502.6395001, 1607835965.9445, 1607839429.2495003, 1607842892.5545, 1607846355.8595002, 1607849819.1645002, 1607853282.4695]
fps.e0:[9972.493187424216, 10013.595080442494, 10005.99997853374, 10002.88999196096, 10019.410143692376, 10015.408897249921, 9999.065633496873, 9988.817730093198, 10011.33742848446, 10041.773723929218, 9989.74977436629, 9983.808539712045, 9996.520850217677, 10000.921246331174, 9985.312422455212, 9995.01828706219, 9993.03142497623, 9948.333194723247, 9961.705218589816, 9962.614078685572, 10035.414523058027, 10011.691428415033, 9998.108037245285, 10008.820843107813, 10020.93727301236]
fps.e0u:[19.90480248324065, 20.012013466067774, 19.66517620078725, 19.923456343189653, 19.878647098974888, 19.866985431064784, 20.195927778532358, 20.215388917369594, 19.9896682317664, 19.921529320447757, 20.05882276447657, 19.915473812316044, 20.07016375089317, 20.148494538828633, 19.8628824601798, 19.87942108454089, 19.84977875613276, 20.41274450360448, 19.92736114987912, 20.632135350784207, 20.571251750327065, 20.966007871425177, 20.912597454659732, 20.7545061216962, 20.961585631331957]
fps.lt:[18671.064086697887, 15177.361808931519, 16476.826913726276, 15515.538051226162, 15967.836528846883, 15912.339124712229, 17314.056859317338, 18101.286960088964, 18180.024516803853, 14441.067444045078, 18327.90663771141, 17115.451945972214, 16950.146780220013, 18246.070154704204, 17993.64114878146, 16743.59421183409, 15228.460902090552, 18568.820579613628, 19583.177404723527, 17775.263451179464, 12001.004961180364, 13828.118157815366, 15621.828574773934, 17385.848481050507, 16978.192419690396]
fps.ltu:[2094.277608626191, 1396.551834930396, 1624.3363650104804, 1443.7850426261984, 1521.757164659104, 1521.315093002704, 1824.90083033281, 1985.8042898111005, 1986.2459730943583, 1246.749654231646, 2032.1085841161891, 1780.0425454538452, 1747.8407287438235, 2014.8020230487039, 1951.0730716987027, 1700.4269045864344, 1390.7148521483616, 2128.01759766011, 2333.2775418349943, 1975.8263713854997, 900.9624897569017, 1215.1416280198114, 1541.7609621201518, 1890.6534721821608, 1826.3688354027072]
fps.c2:[0.7748919478369779, 0.8079817170829535, 1.6353238867852948, 1.37082166585743, 2.5443290557485394, 1.1077711060317652, 2.2495073732870035, 0.7683468086284193, 0.8987079295600064, 2.1199506094430753, 1.8386849414958228, 0.8024913824844242, 0.7533419538821197, 1.2161565400048084, 1.0828415633150288, 1.1871467649157479, 1.9710848819012239, 0.8960441436727307, 1.2847862070860911, 0.7211010442892956, 2.5026200090815083, 1.3564626891801268, 0.713067275117641, 1.1620455188322885, 1.8983829425408842]
