Ri:[100, 130, 160]
Zi:[50, 100, 200, 300, 400, 500]
fps.ts:[1735.8463999986648, 5207.539199995994, 8679.231999993324, 12150.924799990653, 15622.617599987983, 19094.310399985312, 22566.00319998264, 26037.695999979973, 29509.3887999773, 32981.081599974634, 36452.77439997196, 39924.46719996929, 43396.15999996662, 46867.85279996395, 50339.545599961275, 53811.23839995861, 57282.931199955936, 60754.62399995327, 64226.3167999506, 67698.00959994792, 71169.70239994526, 74641.39519994258, 78113.08799993992, 81584.78079993723, 85056.47359993457]
fps.e0:[10776.793811652762, 10768.742123869895, 10786.051848572084, 10785.620031779807, 10779.780897859595, 10773.846075859128, 10787.030168821555, 10763.796880211621, 10799.553673423296, 10777.64117018172, 10783.686629728463, 10824.58283455887, 10814.702413909168, 10799.002874571259, 10814.426576894559, 10809.162730243414, 10803.051825332013, 10806.565782980382, 10821.837387813795, 10821.097924908168, 10824.435686387904, 10806.395916916685, 10851.110240188867, 10819.34593170727, 10827.336916858632]
fps.e0u:[11.959624995199318, 11.976607885393957, 11.970496359133783, 12.114681961165292, 12.109886434736014, 12.112928999697461, 12.039414700289138, 12.05510917853688, 12.02316732541949, 11.96141378960126, 12.103278082621486, 12.135580568308724, 12.019136320203778, 12.069117497186724, 12.079302317426535, 12.152520233919141, 12.036412350776649, 12.00312499621858, 11.973920308656467, 12.192682246622606, 11.971498714886625, 11.964518984426087, 12.032943890684551, 12.14710337656561, 12.1177510107181]
fps.lt:[10457.107187625044, 10667.271830049833, 10532.040666681405, 10294.931900258718, 10413.334239477692, 10596.13566846486, 10663.286269267162, 11661.918081053454, 10353.137884496058, 11136.102176904515, 11207.87817276214, 10058.336489071835, 10256.831994885895, 10404.291887156096, 10321.80678999867, 10847.175736794125, 10971.688549619656, 10771.936320909732, 10333.785489268876, 10366.0224961488, 10861.611334191773, 10941.016103734537, 9817.420267235999, 10442.332144757902, 10542.428449278117]
fps.ltu:[363.69192459091613, 379.1718685747458, 367.4027309678265, 355.47262321947784, 366.35059134761406, 379.3007419902601, 379.6552684131561, 453.98949430356566, 359.45587998889005, 411.3464497610213, 421.25834079079345, 341.09122281837045, 350.32574373003524, 362.3278013217276, 356.3869175192158, 397.2371585853614, 400.08823569285175, 388.0693134880463, 353.69429869871374, 363.1557927510499, 390.70311923259544, 397.1028162169123, 322.2586543824269, 364.97918972587155, 373.4882654206574]
fps.c2:[1.5321570829269797, 3.3265029286030585, 1.0942678376394883, 1.010369421313166, 1.4907423753248703, 1.0490632197853595, 1.8250441571800367, 0.8371590943585627, 1.2049982700763007, 1.2974271571657157, 1.2421161180833933, 0.8222144247097002, 1.3439568687213854, 1.0360016829024221, 0.9323161628536715, 2.081562121248688, 1.4417482732128155, 1.1263032514583946, 1.2191588190071947, 1.4227797346226343, 1.786734868245556, 1.2246452609638971, 1.1831053959964968, 2.2557040923146223, 1.8078870027176044]
FC:[[3.8889467919485163, 3.876702172109681, 3.8992988608139383, 3.9170626199647782, 3.9467828620393552, 3.9714245993943553], [3.9307753595235706, 3.916003663507991, 3.9444283096374497, 3.967773175100982, 3.995034655383811, 4.022820141542572], [4.038227546649469, 4.046150940520734, 4.076785558923738, 4.0965036547700135, 4.127437725109398, 4.154054412267834]]
FCE:[[0.028573682977186283, 0.01709780675882774, 0.01116844433522675, 0.008743417197426846, 0.007228122967616218, 0.006358552830778248], [0.022180434848578085, 0.013200047761966113, 0.008431007022261208, 0.006620284447323877, 0.00560891114860056, 0.004959764082584636], [0.018288816351399038, 0.010935737935468157, 0.007154382841395309, 0.005620685980662481, 0.004780428880845899, 0.004231838095299842]]
