Ri:[100, 130, 160]
Zi:[50, 100, 200, 300, 400, 500]
fps.ts:[1703.8043800020218, 5111.413140006065, 8519.02190001011, 11926.630660014152, 15334.239420018197, 18741.84818002224, 22149.456940026284, 25557.065700030325, 28964.674460034374, 32372.283220038415, 35779.89198004246, 39187.5007400465, 42595.109500050545, 46002.71826005459, 49410.327020058634, 52817.935780062675, 56225.54454006672, 59633.153300070764, 63040.762060074805, 66448.37082007885, 69855.9795800829, 73263.58834008694, 76671.19710009098, 80078.80586009502, 83486.41462009907]
fps.e0:[10858.90471054694, 10893.006373714894, 10879.93044878757, 10866.738431316888, 10897.569114613816, 10868.915183963885, 10884.44831748212, 10868.734991110026, 10874.34176182929, 10863.642912218149, 10868.583862300266, 10856.284437862481, 10891.87057394643, 10900.566256642669, 10882.865759880602, 10881.370755412367, 10868.569454068547, 10877.590866475095, 10896.378256557722, 10879.9961008656, 10873.875710143919, 10865.94612272957, 10886.430896990747, 10888.027757355265, 10876.282914257783]
fps.e0u:[13.053197508187868, 13.13205359949506, 13.084300334858662, 13.22732686709594, 13.168957888950336, 13.216286523216363, 13.08364601154938, 13.042081497168619, 13.296726332759839, 13.207512656700471, 13.038398317418158, 13.279384263232778, 13.174626711144427, 13.061641856638873, 13.167642443114117, 13.020207983639965, 13.086718702492812, 13.378666089832912, 13.100167573563887, 13.224289744477119, 13.137944387721658, 13.213133570587633, 13.162189379606001, 13.30503718478372, 13.416658804302946]
fps.lt:[9654.621623776075, 8894.387680690563, 8961.297687932776, 9376.394113271655, 8893.380085152834, 9129.727736056424, 8860.474985429051, 9428.846325235572, 9032.788571277046, 9386.070016542622, 9478.24003862752, 9497.607797486724, 8932.26763578704, 8801.154922526819, 8975.388935786941, 9040.126482154028, 9285.18031065698, 8898.415269982099, 8674.981675444555, 8983.768662315542, 9244.061677618138, 9540.317010374803, 8955.441957741588, 9069.341940649121, 9076.96986524604]
fps.ltu:[334.7362688825389, 285.7860574207585, 289.63320373871113, 319.24004611419537, 285.16654457775724, 303.7097956111778, 283.90782660945763, 320.46630918780346, 297.7338911480946, 322.3842348204493, 323.8684528648535, 328.72815676391355, 288.9253809028942, 278.7467540755632, 292.15102078530975, 294.1278988083859, 311.67992206733084, 290.1227145664409, 272.2207078507391, 291.28681522787895, 308.21514267130544, 329.32353177754584, 289.8773262076227, 299.27004774823644, 303.9012273150899]
fps.c2:[2.8080764581189714, 1.2781993854491722, 2.45790137263371, 0.5645327110084419, 2.862221207117029, 1.6653061570161434, 1.0434360727345955, 1.3203681841249482, 1.6569253488107722, 0.7371865049340139, 2.345783497447594, 1.6054031142349348, 1.8328732942351647, 1.0222082449427181, 1.610627336458504, 1.01053559836892, 2.0244065470205013, 2.0544522389675386, 1.6304464700270433, 1.392322862799149, 1.9109391537885316, 1.8510896713908958, 1.7183556710340218, 0.64549062019341, 1.9200601540908875]
FC:[[3.8080525789104147, 3.8111490029403123, 3.849058065133785, 3.8770911765592304, 3.902372740474358, 3.937042811725308], [3.8363082325955578, 3.857095704087428, 3.8870378365231764, 3.9191713302558413, 3.94531628875636, 3.976679785667549], [3.9389025799345867, 3.9734632624201423, 4.009836786772537, 4.04356767763063, 4.078514072440104, 4.113540807355449]]
FCE:[[0.031156745833729807, 0.018107994365624474, 0.011890638483932039, 0.00933788050893843, 0.007885289858979632, 0.006968495194127359], [0.024100155418186393, 0.014146119632902845, 0.009149596308550449, 0.007210644408314513, 0.006100576089510299, 0.005395090943912595], [0.020763696099157777, 0.012030311405466414, 0.007564877334481998, 0.0059592788979264694, 0.005066207979511206, 0.0043858978388450045]]
