Ri:[50, 100, 150, 200]
Zi:[100, 200, 300, 400, 510]
FC:[[4.015934512133382, 4.058428096256717, 4.037859297296754, 4.042709176347321, 4.067159236901164], [4.033553749646817, 4.05057712672154, 4.0577373473561105, 4.074676542918651, 4.094855654978687], [4.166060374388475, 4.180223628277126, 4.195834823096023, 4.226531445975649, 4.254614823526373], [4.8059873516860385, 4.824675336057394, 4.860532782893473, 4.889372362185774, 4.9138037408698905]]
FCE:[[0.04198094246565716, 0.029377307720145827, 0.023594072186250436, 0.020458157484196444, 0.018043896327714363], [0.02185652800768363, 0.014906397978994809, 0.011982216419471505, 0.010390596671295606, 0.009161575662206786], [0.015125643637674121, 0.010220851700102583, 0.00822707885492562, 0.007118215004205483, 0.006296462810905151], [0.013976876195912343, 0.009452909465308306, 0.007650754031601019, 0.006600994923709171, 0.005837044055524174]]
fps.ts:[1617796439.4302802, 1617799927.6428401, 1617803415.8554, 1617806904.0679603, 1617810392.28052, 1617813880.4930801, 1617817368.7056403, 1617820856.9182, 1617824345.1307602, 1617827833.3433204, 1617831321.55588, 1617834809.7684402, 1617838297.9810002, 1617841786.1935601, 1617845274.4061203, 1617848762.61868, 1617852250.8312402, 1617855739.0438004, 1617859227.25636, 1617862715.4689202, 1617866203.6814804, 1617869691.89404, 1617873180.1066003, 1617876668.3191602, 1617880156.5317202]
fps.e0:[10720.150942910464, 10708.324478122548, 10632.721848741414, 10673.184197325225, 10695.790877306836, 10681.353607409706, 10717.860110301583, 10678.489953146318, 10704.116467214313, 10677.516513464125, 10685.854705379954, 10667.715454639732, 10719.293725188783, 10691.867488301186, 10683.16998812025, 10744.409439000608, 10728.29105230714, 10718.79896342684, 10750.399288331908, 10710.15279132552, 10685.18054464216, 10688.667854452919, 10709.421106908903, 10724.951205713645, 10711.724534540299]
fps.e0u:[20.432516361127423, 20.04762945704733, 20.680090299090658, 20.406210416484164, 20.50313731670678, 20.56745252737857, 20.3566991582241, 20.38399683540681, 20.645812870044544, 20.345867084819705, 20.375330316910876, 20.577725437005157, 20.679706553628293, 20.356619736805825, 20.681063934154867, 20.607121935518094, 20.35973511842995, 20.56072643205997, 20.269336687397686, 20.69165391969781, 20.570589249165305, 20.40081494163622, 20.334272214268083, 20.5701099032838, 20.26760230228865]
fps.lt:[14649.873616998395, 17411.18708911061, 24695.873580571708, 18602.8898257095, 18061.028360141543, 18440.0763888741, 17868.339128549436, 21634.049897673114, 18809.592042464898, 22677.084301796058, 17626.342980343743, 19854.4450837001, 16581.8985815039, 19409.20656895164, 20584.81150720603, 13496.583879644668, 15803.792702277757, 16343.971079655828, 13826.55719998585, 17956.374295629095, 17524.76705859079, 18826.582937084593, 17878.720267541627, 15490.5168543753, 16678.863894514092]
fps.ltu:[1239.5078631755048, 1727.2886799580508, 3536.3073421764707, 2003.0145167480405, 1892.5567919677198, 1981.7834626158624, 1832.1987175582767, 2675.372501720507, 2037.9822335664924, 2925.26386114276, 1795.5077088100493, 2286.4239934872317, 1590.9907505604672, 2172.496495987427, 2451.148795176695, 1058.247043850863, 1436.5851019265056, 1545.9419895523365, 1096.1003520965169, 1871.112719388743, 1776.8685469269542, 2033.8755626205423, 1848.742732891324, 1394.6795885035453, 1593.7238077473075]
fps.c2:[0.814927370189293, 0.7354321124098328, 1.498108860736451, 0.6351672480724756, 1.0050306165739815, 0.9887021293401703, 1.5609159416328162, 1.7449351018134416, 1.205650471423012, 1.5505237528558728, 1.1208612201512447, 1.7162667405365681, 0.6652153297898754, 0.7429540429633771, 0.9457718222816607, 1.9051650507567581, 1.0375069857007793, 1.3348377470832298, 0.8068329833242335, 1.5609344126886169, 1.3940361073627943, 0.5589413643388552, 0.8191315670134919, 1.1396816184866085, 1.2018140728625355]
