Ri:[50, 100, 150, 200]
Zi:[100, 200, 300, 400, 510]
FC:[[4.068670958608548, 4.0411301418393055, 4.04820004046552, 4.064345691638689, 4.076339764598646], [4.04462708565417, 4.054314153016594, 4.068830831259854, 4.092205969956068, 4.110053954933815], [4.163243999331474, 4.188580851075726, 4.2041439745220766, 4.227026957823862, 4.252776688149116], [4.824633982021138, 4.870021184321986, 4.889442770572544, 4.910465485630057, 4.926130314903133]]
FCE:[[0.03199263850951994, 0.021669020097742898, 0.01744015329768014, 0.015055648179186086, 0.013297473151704098], [0.0159293520341123, 0.01084692833968811, 0.008721887460474365, 0.007536551823840773, 0.00666598823872374], [0.011171453836108765, 0.00741310097649305, 0.005945692525084495, 0.005120968839056143, 0.00453076171181186], [0.010180529217738132, 0.006850135816854636, 0.005509876214914919, 0.0047481273763493505, 0.0041960887058859735]]
fps.ts:[1621862940.31765, 1621871697.2109501, 1621880454.1042502, 1621889210.9975502, 1621897967.89085, 1621906724.7841501, 1621915481.6774502, 1621924238.5707502, 1621932995.4640503, 1621941752.3573503]
fps.e0:[10731.346274998219, 10723.900945412865, 10730.408977161675, 10741.962239732582, 10736.701496841055, 10772.698331825353, 10670.756234231825, 10752.27408138866, 10732.161146055842, 10723.049021521207]
fps.e0u:[8.63290380529106, 8.614727254764981, 8.555754413219367, 8.61662774328164, 8.65982473992994, 15.854543268613629, 182.6975168575864, 8.607241321721922, 8.615126113373055, 8.677655445802912]
fps.lt:[20268.413894532332, 22345.937271788745, 20799.459818565832, 18318.58168957678, 20509.258883678984, 17220.619812627767, 31254.4575725462, 18632.746018877297, 21263.111274498326, 21443.429485426757]
fps.ltu:[1000.0573704022623, 1212.8331372872285, 1045.8760599840414, 817.1507647206492, 1027.2163392731072, 1317.7364347862012, 48981.64535282328, 841.6576953637519, 1099.9863309738935, 1123.4827972576788]
fps.c2:[3.8439777409771936, 5.818684336073244, 6.494081183986633, 5.213311080557042, 6.093073300186979, 2.041330868679068, 1.8764810961261669, 5.286215394644388, 5.533563649208837, 4.513981665500186]
