Ri:[50, 100, 150, 200]
Zi:[100, 200, 300, 400, 510]
FC:[[4.092452979246187, 4.057600408982138, 4.043648943611636, 4.041723971200268, 4.059553701883817], [4.077023496279374, 4.090319568593498, 4.075306445678711, 4.0878032190768785, 0.11718300999048221], [4.194981054972183, 4.215305543933408, 4.218325020419379, 4.241202074219153, 4.266026572155193], [4.831214561533107, 4.878585365361976, 4.883413556487586, 4.9076264716509765, 4.926462860228005]]
FCE:[[0.045243702862494455, 0.02997048556982729, 0.02417720410625901, 0.020794253961751958, 0.018381884357131166], [0.022613755418038003, 0.01536002676975718, 0.012278011897842157, 0.010581658658858389, 39667.94848198225], [0.015545510154582323, 0.010477432560936344, 0.008422030278158587, 0.007258752406161926, 0.006405700708824027], [0.014218985244828376, 0.009602586591483846, 0.007803561297036299, 0.006719127070767507, 0.0059378262539098265]]
fps.ts:[1617883716.70188, 1617887155.76164, 1617890594.8214, 1617894033.88116, 1617897472.9409199, 1617900912.00068, 1617904351.06044, 1617907790.1202002, 1617911229.17996, 1617914668.23972, 1617918107.29948, 1617921546.35924, 1617924985.4190001, 1617928424.4787602, 1617931863.5385203, 1617935302.5982802, 1617938741.6580403, 1617942180.7178001, 1617945619.7775602, 1617949058.8373203, 1617952497.8970804, 1617955936.9568403, 1617959376.0166004, 1617962815.0763602, 1617966254.1361203]
fps.e0:[10671.611132091744, 10685.323687596734, 10704.33125379755, 10654.448737016211, 10696.774869322351, 10693.46896165963, 10680.525682110218, 10686.369626908514, 10675.589287222592, 10662.68080405654, 10679.930815291675, 10696.777146385974, 10697.748485345499, 10685.1161309649, 10637.70779480435, 10702.101707756285, 10734.191800147853, 10690.209679419939, 10698.631750545019, 10687.455551141256, 10684.51025538307, 10687.756204345478, 10686.268930495158, 10680.033967690784, 10702.049306489442]
fps.e0u:[20.74305972430713, 20.63188390037021, 20.71091600730415, 20.733914008171507, 20.688864290788143, 20.614068865709687, 20.64196584943626, 20.922372965984863, 20.72346645096025, 20.480453908994264, 20.763349865824676, 20.742450987589894, 20.632203344532773, 20.515954659965207, 20.53906042703818, 20.646794963528247, 20.518740286083773, 20.589595547854987, 20.51990667038893, 20.47184961138137, 20.615455371819678, 20.846062542279224, 20.73251668408795, 20.585305491771173, 20.82567656236236]
fps.lt:[19107.234940340884, 20231.911323163906, 19822.1229295099, 22083.561209140425, 18851.18966143361, 18305.454353451554, 18522.556467673607, 18367.821818725683, 22277.26152282316, 25497.800199762944, 18513.97200558048, 18589.416310275097, 18055.820024610824, 18584.674473449042, 26443.900285063446, 18014.35632263215, 15605.05752351736, 20033.285592231616, 18309.867720030736, 17696.923533631605, 20557.78278705378, 17686.235586766143, 18965.51138235935, 20394.641589013896, 17135.928085574596]
fps.ltu:[2123.360969245676, 2366.818272822027, 2281.3677157383263, 2848.117945923277, 2079.298943858946, 1941.846926067873, 1987.9210978828698, 1997.9552046598353, 2876.3066934801973, 3779.6879544072017, 2004.1464058894799, 2001.676007153006, 1894.0504863142248, 2007.7871770587444, 4034.8919392932567, 1887.3205961964572, 1407.3534246518761, 2319.7688485340977, 1951.2459842169565, 1804.6416923867253, 2442.6413962669517, 1841.0760248380352, 2110.589320730685, 2405.5365990930663, 1726.694029693164]
fps.c2:[0.7852778937576852, 1.049091448601757, 1.643510504781838, 0.9328407836122466, 1.1522212846038618, 1.493246589701513, 2.183582569721815, 0.672639780666292, 1.7477590334206083, 1.226746235355036, 1.7635768138746302, 1.0872011915546813, 1.2577496134894977, 1.0351614302913283, 0.8353381465096514, 1.5499972402498883, 1.2171137214593437, 2.918052777468602, 1.2089213174952116, 1.0444060040547447, 1.1115541511643072, 1.519483364792427, 1.0427525363608394, 1.123567190699156, 1.112211576192191]
