Ri:[50, 100, 150, 200]
Zi:[100, 200, 300, 400, 510]
FC:[[3.9115005048564995, 3.948144473629322, 3.9595729616318334, 3.977640480241147, 3.9983454042733646], [3.9557727302952457, 3.9790158359709467, 4.004978871845846, 4.022581661416079, 4.044307744053535], [4.066885237816511, 4.092922055445345, 4.120628493895386, 4.156233092616409, 4.181165039619032], [4.362742263378439, 4.410037069849052, 4.452946822431224, 4.490612039799412, 4.5192251999937465]]
FCE:[[0.027999529596129606, 0.01980279108500691, 0.016153263385383972, 0.0140299576482631, 0.012380999080293501], [0.014513123903558692, 0.00986865368687607, 0.007986970179571833, 0.0068815498362348225, 0.006064609225584204], [0.010017537328823644, 0.006834419672446243, 0.005519730369052476, 0.00474526904100147, 0.004185246068416563], [0.008559394655688264, 0.005822264004850498, 0.00470431887386137, 0.004057546888471186, 0.0035964266318267934]]
fps.ts:[1622805953.39672, 1622809396.9921598, 1622812840.5876, 1622816284.1830401, 1622819727.77848, 1622823171.37392, 1622826614.96936, 1622830058.5648003, 1622833502.1602402, 1622836945.75568, 1622840389.35112, 1622843832.9465601, 1622847276.5420003, 1622850720.1374402, 1622854163.73288, 1622857607.3283203, 1622861050.9237602, 1622864494.5192003, 1622867938.1146402, 1622871381.7100801, 1622874825.3055203, 1622878268.9009604, 1622881712.4964004, 1622885156.0918403, 1622888599.6872804]
fps.e0:[10713.597563347961, 10711.975837596652, 10729.075839876798, 10741.028238479666, 10740.37319742034, 10725.680885178374, 10733.346868092622, 10727.206089332742, 10733.975950523985, 10710.642076389853, 10721.513372333495, 10723.423838139084, 10720.12358480169, 10721.514480092957, 10736.566884269685, 10740.193250577227, 10725.42449231938, 10721.062333988853, 10708.77527241782, 10724.115833694099, 10724.470710613505, 10732.557104126578, 10732.047751190588, 10742.547345522315, 10708.176832568357]
fps.e0u:[14.139432824859192, 14.168053830985635, 14.050041164221955, 14.275198276841177, 14.109370523849593, 14.200006235322054, 14.104708581509275, 14.063460637229893, 14.123768298623434, 14.223918233968215, 14.162574730155361, 14.155469798224749, 14.122577561593515, 14.240667458164165, 14.251506302066039, 14.138898400201166, 14.223435527870526, 14.264471815723104, 14.021224599001973, 14.232117072797678, 14.063312445945806, 14.146507395065, 14.107293678753871, 13.981813785511752, 14.101378543363468]
fps.lt:[23003.79388981361, 20737.806934740052, 21050.52141180349, 18968.663147941887, 18354.30414285549, 20761.210992095013, 19149.52138313821, 19655.720215393765, 18092.552420032072, 21281.787157977342, 18273.421253509314, 20380.817104248392, 21599.359096626828, 21926.454702121548, 19885.464491061444, 18459.023269000434, 20773.175018337013, 19923.74617677264, 22240.487229557024, 20413.600551211875, 20548.361454080416, 18750.653516448885, 20295.582396753605, 17415.970507296523, 22438.09921568871]
fps.ltu:[2098.28474003752, 1715.8565592277123, 1749.9671772433385, 1445.3736946583404, 1332.4361224403526, 1715.0746017953668, 1452.7812842822314, 1529.8367348282525, 1303.8275275744347, 1805.6511025502023, 1334.7112762786037, 1648.9786687885162, 1860.434245318294, 1915.9812996254736, 1574.0603020640242, 1350.9645600752517, 1717.9301915603714, 1591.7650305481745, 1945.9121932993696, 1665.3685309422663, 1670.916729761917, 1396.548478071713, 1629.8511636139406, 1197.664682545377, 1991.7031663690186]
fps.c2:[2.137921475700934, 1.089186618316067, 1.8012826962183335, 2.245578577989469, 4.206731100226914, 1.6696644782640615, 1.9353724006698614, 1.5685682200435243, 1.4379401318761065, 2.076421316188907, 1.5007310977443842, 2.244104149730098, 1.8688313867715798, 0.5963231347214389, 2.285582549312834, 1.1116172454523126, 1.2120780009300138, 1.7839061059356045, 1.3383623719058848, 1.1092335588076134, 1.6559406843703384, 1.9047408506858217, 1.7219721969299695, 1.224630642129023, 1.9231781904172531]
