Ri:[50, 100, 150, 200]
Zi:[100, 200, 300, 400, 510]
FC:[[4.013408103531067, 4.027894615401566, 4.027697282933633, 4.031760797483822, 4.055562208594963], [4.01429041086325, 4.04144996130513, 4.042656110579805, 4.0563000970557335, 4.084511337828134], [4.124366953755277, 4.147758828954768, 4.155683716130507, 4.17771124254884, 4.209263949052674], [4.774178396862555, 4.792994515197722, 4.812474655131254, 4.833858860659231, 4.85464054449251]]
FCE:[[0.03284873857458744, 0.022826005178405467, 0.018427651665292012, 0.01583619721357703, 0.01400417175910235], [0.016739089451896564, 0.011525789312781297, 0.00925062688930168, 0.007959368999703847, 0.0070553468073043185], [0.011685757941085577, 0.007990735585262776, 0.006413399636042225, 0.005537190369033891, 0.004914836244876342], [0.01067260289056494, 0.0072553013844369905, 0.005850800242606572, 0.005053164317092996, 0.004468093749966469]]
fps.ts:[1613564491.2275, 1613567942.7005, 1613571394.1735, 1613574845.6465, 1613578297.1195, 1613581748.5925, 1613585200.0655, 1613588651.5385, 1613592103.0115001, 1613595554.4845, 1613599005.9575, 1613602457.4305, 1613605908.9035, 1613609360.3765001, 1613612811.8495002, 1613616263.3225002, 1613619714.7955, 1613623166.2685, 1613626617.7415001, 1613630069.2145002, 1613633520.6875002, 1613636972.1605, 1613640423.6335, 1613643875.1065001, 1613647326.5795002]
fps.e0:[10781.759466328327, 10749.465352066982, 10728.440738802616, 10740.226673948086, 10740.302041508696, 10731.280078234975, 10747.981809818873, 10716.299175776236, 10755.301160966526, 10767.049273189332, 10726.432066225923, 10729.743237999994, 10724.214571938797, 10740.700516771678, 10731.333512382638, 10717.998073624121, 10729.176914041785, 10721.70713174472, 10735.044751659065, 10721.359816192185, 10754.252964283645, 10734.88582383661, 10745.90335335472, 10710.883929022635, 10725.299290713047]
fps.e0u:[15.682835193088172, 15.799894856741833, 15.750857665332159, 15.779001251340967, 15.944061709343906, 15.73140870507706, 15.685104279464504, 15.727202809574997, 15.723156094382347, 15.699096690517171, 15.68088001819531, 15.911488885373402, 15.863650983535726, 15.852013046801101, 15.707852589614715, 15.953975088135765, 15.766571592721695, 15.795772215583884, 15.921904229000381, 15.946185873618367, 15.69601425854549, 15.823495420158402, 15.641134850964972, 15.83057636255236, 15.654592319129048]
fps.lt:[15467.756910782151, 16688.07343856975, 18686.514963485813, 18640.763861952368, 17641.40548251398, 18992.670651567434, 16983.321731830947, 20857.434731058063, 17110.06483115935, 15863.519829554521, 18466.32451711601, 17820.882906580755, 19409.474298377605, 18290.934794170866, 19859.031634542545, 18561.164178135157, 18661.9429572842, 20185.738822720483, 18833.455609606808, 19167.049590993225, 17059.790475969432, 18030.394997686704, 17275.77834342311, 19878.78649216946, 19264.25817256281]
fps.ltu:[1052.2650587152316, 1233.3071106882032, 1541.760043455063, 1541.8731271212996, 1390.6407567378244, 1592.6891385877873, 1269.9125061082061, 1922.1980422531396, 1293.6700897834403, 1110.7635668706537, 1503.9725742830603, 1421.3564785507276, 1681.0370336254437, 1479.3041217861396, 1743.0808411833013, 1540.5019977032573, 1533.684712975801, 1805.6871525788183, 1585.5589431149533, 1645.497087200284, 1282.6731618174588, 1442.5476162541527, 1309.10023349821, 1759.7974668234215, 1636.7274648661287]
fps.c2:[1.866878128738278, 0.603874664825481, 1.264320460806157, 0.4925141809199323, 1.1097503140504865, 1.5023156533274251, 0.6828988467664415, 2.2363707973719444, 1.922196195591702, 1.3799607611283666, 2.2848790310165166, 0.8249450865441504, 1.0734170472426798, 1.786518306023156, 0.5416258932155967, 0.9224607158192634, 0.9225099962551098, 2.0636645650213206, 0.33923472871600846, 1.2213440255401962, 1.7013559976041266, 1.2309003208074267, 1.2873225929785548, 1.4718532872842185, 1.1358214290830806]
