Ri:[100, 130, 160]
Zi:[50, 100, 200, 300, 400, 500]
fps.ts:[2543.7761600017548, 7631.328480005264, 12718.880800008774, 17806.433120012283, 22893.985440015793, 27981.537760019302, 33069.09008002281, 38156.64240002632, 43244.19472002983, 48331.74704003334, 53419.29936003685, 58506.85168004036, 63594.40400004387, 68681.95632004738, 73769.50864005089, 78857.0609600544, 83944.6132800579, 89032.16560006142, 94119.71792006493, 99207.27024006844, 104294.82256007195, 109382.37488007545, 114469.92720007896, 119557.47952008247, 124645.03184008598]
fps.e0:[10361.09249062276, 10384.678390060737, 10406.486106138727, 10398.473758358195, 10411.162063706304, 10418.945626193326, 10456.375559762402, 10446.780912149708, 10433.034293009723, 10454.16269810215, 10510.513756219298, 10505.60842003335, 10483.511249365087, 10503.303490193855, 10490.096316391528, 10503.984237134035, 10503.359082331466, 10479.903414039076, 10490.01605911404, 10490.518986605346, 10497.646688461133, 10481.805261770902, 10507.201926343532, 10515.571805315167, 10521.38124839424]
fps.e0u:[13.403893488652269, 13.502130072546874, 13.592523096948058, 13.527364735842442, 13.341341162978116, 13.662066059267623, 13.294247505320346, 13.307186726211798, 13.370943881891886, 13.227314185408336, 13.28345185744916, 13.384026455086559, 13.426227184143126, 13.312193211120334, 13.218556460487546, 13.500581218326857, 13.401545483082776, 13.419922928801533, 13.491889028330634, 13.478849085603978, 13.590605002375106, 13.537113196386382, 13.39924419553393, 13.794025971428338, 13.700389874412826]
fps.lt:[4448.471643518238, 4588.412838733191, 4564.569077433197, 4790.080265845019, 4767.257654089256, 4758.3724923633745, 4589.17075775604, 4749.62188573365, 4861.1892005018235, 4775.715567699134, 4495.049725466173, 4599.911137488383, 4744.352473718285, 4677.767425654876, 4707.871299287409, 4670.308955250124, 4709.671034263895, 4849.118515660642, 4857.481427968361, 4824.733084563554, 4829.311685568662, 5077.270336137133, 4821.012875332154, 4752.382718860136, 4761.261288278133]
fps.ltu:[77.4140591150462, 82.63808179489021, 82.01727004762616, 89.8831765142858, 87.69634326295234, 88.12558584427053, 80.56268020021759, 86.8605661831587, 91.31655161000978, 87.26170421633593, 77.28470483630373, 81.08293120115894, 86.84560457369452, 84.41991126800792, 84.5616809209908, 84.60985604050059, 85.95664858589504, 91.85936353492373, 92.15470239133857, 90.37800030275726, 91.88755900197441, 100.11580549768289, 90.23878086919257, 89.94079917575674, 89.17298539225492]
fps.c2:[1.9292324350455918, 2.911117688159614, 2.243390857553853, 1.196427735281269, 2.2381031476560964, 3.20467489503685, 1.5007734566950373, 2.8400149471898826, 2.439656546522548, 2.226873049030365, 1.4542134837674252, 1.926955853175027, 1.5349898466975582, 2.4931312588366246, 1.1906250824509768, 2.7529093806414147, 2.024984171169934, 1.862278310259318, 3.0186269325682145, 3.234682831484241, 2.042429387582317, 3.1930123322587396, 3.539236454263068, 2.9815644720832637, 2.0884546253835796]
FC:[[3.978035695766712, 4.0246153433781755, 4.138591383933152, 4.230695810015097, 4.333958257784248, 4.446474700960046], [4.109977489073858, 4.1443457342962, 4.236046462501471, 4.337937032834348, 4.4346760102102465, 4.530123392718295], [4.213533162354451, 4.271649753331649, 4.358610959077822, 4.465519741582524, 4.5635135930964825, 4.659681222527754]]
FCE:[[0.044134026114498015, 0.022263545183427838, 0.0138949586445153, 0.010927651594247571, 0.00936746712642278, 0.00839449505939481], [0.03524006768314731, 0.017435030795086865, 0.010661945595056063, 0.008408236887769763, 0.007192293466544028, 0.006428181772682637], [0.029793492034405743, 0.014535677295983925, 0.0088123587455101, 0.006957951209672261, 0.005971735251674959, 0.005357851913742733]]
