Ri:[50, 100, 150, 200]
Zi:[100, 200, 300, 400, 510]
FC:[[4.136613237166493, 4.151710579006599, 4.153099884700299, 4.208590906641344, 4.278625164576182], [4.109708105107619, 4.154637411654222, 4.219495821655226, 4.2822315758591945, 4.351232090512846], [4.246320909247553, 4.308423737500553, 4.365945767151172, 4.422933348460365, 4.487521034489755], [4.872538540858703, 4.955405665674215, 5.0296837266679795, 5.1137249781416845, 5.164746905380464]]
FCE:[[0.04962698092367028, 0.034314392325784926, 0.027688740297290806, 0.024450759843142048, 0.021880594337907275], [0.024071998229896738, 0.016960880522509585, 0.013942114136707595, 0.0122547932305258, 0.010915620419040819], [0.01678324145099904, 0.01171061021121008, 0.009611349032191841, 0.008418745256414001, 0.00746345787044602], [0.015887253172250895, 0.011003533991342658, 0.009025108486096148, 0.007762759900070387, 0.006932476770185017]]
fps.ts:[1600974875.82604, 1600976620.0721202, 1600978364.3182, 1600980108.56428, 1600981852.81036, 1600983597.05644, 1600985341.3025203, 1600987085.5486002, 1600988829.79468, 1600990574.04076, 1600992318.2868402, 1600994062.5329201, 1600995806.7790003, 1600997551.0250802, 1600999295.2711601, 1601001039.51724, 1601002783.7633202, 1601004528.0094001, 1601006272.2554803, 1601008016.5015602, 1601009760.7476401, 1601011504.9937203, 1601013249.2398002, 1601014993.4858804, 1601016737.7319603]
fps.e0:[9627.24353786682, 9636.859576059383, 9609.373055418788, 9646.759502552011, 9652.33439177095, 9660.607679359522, 9660.860740434793, 9661.413927934493, 9636.688983675755, 9712.80877015034, 9696.26801661337, 9713.927848356081, 9695.587354862371, 9686.95431134439, 9721.713440980426, 9756.731498182053, 9722.636039767869, 9727.724618455597, 9690.874441720496, 9691.432067346977, 9694.580278828864, 9704.042655123561, 9748.496208426286, 9747.894629824412, 9712.984409064999]
fps.e0u:[21.117855067743697, 21.3270055583993, 21.35096588623197, 21.396732595592635, 21.536138668148862, 21.142087770396166, 21.668160316440044, 21.719005479563982, 21.395829096558394, 21.38791030864269, 21.57941762879587, 21.422858526141745, 21.490592138017895, 21.846383076288607, 21.18468648139485, 21.131745113650556, 21.391711696025286, 21.608373150461535, 21.82654811240732, 21.903684992131236, 21.63062145285902, 21.51291076125737, 21.816669432365835, 22.060637389044793, 21.481572665391774]
fps.lt:[8066.534475495332, 8576.917515243142, 9317.824089737547, 8709.711344529336, 8920.694932887583, 8398.314200246152, 8677.575068348993, 8683.340121765965, 9124.391487434139, 7958.690614478849, 8316.860680450436, 8635.281133255161, 8978.42092705842, 9008.007629956099, 8518.948778382637, 7950.854497238805, 8495.457202963024, 8473.59976675396, 9668.44819356758, 9748.471094060138, 10051.799617181177, 10019.521700937219, 8994.833096315671, 8602.904629804725, 9477.806100687947]
fps.ltu:[433.9981517378667, 487.1250848418985, 573.7523704313516, 504.0260409954024, 535.3942525131954, 463.390512193477, 506.4669018111192, 511.00957163563936, 553.825293031988, 418.6756740901983, 462.4530827862585, 496.57106298127434, 540.6721220868203, 554.811959667648, 478.82617981264076, 417.97835613263095, 484.5851212586586, 485.8312585856675, 638.3470227607551, 650.5488623140948, 686.3133950164777, 675.3367248970895, 545.6665801358001, 506.4451735430783, 603.2042532507501]
fps.c2:[2.6054230695025242, 1.985403481614895, 0.9577248934563115, 1.8978989554590793, 1.7023563830448996, 1.5186325649577517, 0.9183027079547348, 1.2436118841923158, 1.7140906147025254, 1.0444435522542481, 1.4751930752997713, 1.669433450160183, 1.3561934890043594, 1.390131107430542, 1.7448069841842282, 1.9437010222320354, 1.4788772474433047, 1.253216847606892, 0.8738074391668467, 0.9454268782639714, 1.2121917411506424, 1.7314156305302257, 1.6153367366438636, 0.9297628389823842, 1.5654488555940616]
