Ri:[50, 100, 150, 200]
Zi:[100, 200, 300, 400, 510]
FC:[[4.0192784374759585, 3.9992897640729907, 4.0480800534860775, 4.080817295242771, 4.082831883093569], [4.01257964497376, 4.03436739964144, 4.055750461361971, 4.087001123110362, 4.116962663057501], [4.162465937561275, 4.177936355832242, 4.200742049511519, 4.2304580199731925, 4.263358952741697], [4.775918798650494, 4.813737368155755, 4.857037015947654, 4.890886791030726, 4.914104031914341]]
FCE:[[0.03956090878391149, 0.026757223445647856, 0.021829041470222483, 0.018294662665037695, 0.015936599892681605], [0.019839979285793573, 0.013618081601820776, 0.010962093491091658, 0.009175170703387215, 0.00810833683653548], [0.013294293442779805, 0.008979722392686958, 0.0072332322039309884, 0.006236549219732366, 0.005524809370504253], [0.01248230859455462, 0.008497845676988056, 0.0068056577502761196, 0.00587601699375748, 0.005196413686057001]]
fps.ts:[1603908320.79168, 1603911773.5810401, 1603915226.3704002, 1603918679.15976, 1603922131.94912, 1603925584.73848, 1603929037.5278401, 1603932490.3172002, 1603935943.1065602, 1603939395.8959203, 1603942848.68528, 1603946301.4746401, 1603949754.2640002, 1603953207.0533602, 1603956659.8427203, 1603960112.63208, 1603963565.4214401, 1603967018.2108002, 1603970471.0001602, 1603973923.7895203, 1603977376.5788803, 1603980829.3682404, 1603984282.1576002, 1603987734.9469602, 1603991187.7363203]
fps.e0:[9914.92777591623, 9904.167058095665, 9917.785526144808, 9936.271530637408, 9935.541616284938, 9939.885558809405, 9947.749069702733, 9909.670036108684, 9959.88443947535, 9934.646441743418, 9931.860109260968, 9946.886860775268, 9939.812802531034, 9923.864624640273, 9935.346656080937, 9935.302175936644, 9943.980396322568, 9950.012706913885, 9936.9664255176, 9963.370617520164, 9988.0535279033, 9938.688055735829, 9953.278459697975, 9920.353242884568, 9974.823958336183]
fps.e0u:[17.125737655787713, 17.124595528008783, 17.054249316595214, 17.093497817085574, 17.01208226128377, 17.142654012193663, 17.06818470219942, 17.105379976694703, 17.19660373498564, 17.12724937934732, 17.293129563704877, 17.185674563241143, 17.079665643594797, 17.00616467560088, 17.310063387612626, 17.184811314102564, 17.180496300017168, 17.21809957842259, 17.357955001439954, 17.092751344020137, 16.78078351567807, 17.286873173842544, 16.86554333174429, 17.330055632853508, 17.429336092231143]
fps.lt:[15410.960517513036, 17032.498033824224, 16071.428035585943, 14504.660422832296, 14976.307884053962, 14412.30070708452, 13350.431050383657, 15583.641461387519, 13682.138167447536, 16078.276303216282, 15332.07906022093, 14800.30598014798, 15803.768788895259, 15664.041584673116, 15847.950494394416, 16082.498308589738, 14985.899804399643, 14679.68247348799, 14709.677327734229, 14072.270754731482, 13261.706658575655, 14998.37337684975, 15874.108870798289, 16057.19909715488, 14029.539967242252]
fps.ltu:[1233.8133571747512, 1494.2144698326526, 1330.3571557927312, 1094.7186257357457, 1148.5541314378202, 1073.2631309697972, 924.8961236371117, 1260.5581924343808, 972.2235512507945, 1345.2364832527517, 1223.9049520727885, 1132.1724665738034, 1280.9546223609802, 1255.6262554139148, 1309.569637256675, 1342.8906007260873, 1166.166672617421, 1128.3828637924976, 1131.5048122048288, 1018.7102708820372, 893.0518173708083, 1176.8713883216856, 1282.468693934994, 1358.942908087274, 1033.2716874630564]
fps.c2:[1.2198554713318488, 1.19613324756258, 1.272005116221029, 2.0022062339092854, 2.2177154067140394, 1.2510725720955753, 2.034426789226833, 1.2924106684819385, 2.924637342305374, 1.1597221377556435, 2.032566762922379, 0.6887645287854789, 1.6109769734656265, 2.022024891640648, 1.4925113357999917, 1.1808989640793524, 1.3453605383913092, 1.1168107536946503, 1.0528313935305236, 1.8969917106112217, 3.368020952198919, 0.8899355716031322, 0.9268129011302086, 0.8533913978505507, 1.2347444887493866]
