Ri:[100, 130, 160]
Zi:[50, 100, 200, 300, 400, 500]
fps.ts:[1726.8226399993896, 5180.467919998169, 8634.113199996948, 12087.758479995728, 15541.403759994506, 18995.049039993286, 22448.694319992064, 25902.339599990846, 29355.98487998962, 32809.6301599884, 36263.27543998718, 39716.92071998597, 43170.56599998474, 46624.211279983516, 50077.8565599823, 53531.50183998108, 56985.147119979854, 60438.792399978636, 63892.43767997742, 67346.0829599762, 70799.72823997497, 74253.37351997376, 77707.01879997253, 81160.66407997132, 84614.3093599701]
fps.e0:[10880.84009782267, 10893.74610200848, 10907.368831803182, 10891.296003935564, 10887.639054835166, 10882.28656476026, 10887.961350635336, 10872.65333899791, 10890.819521977915, 10925.35282617035, 10909.182693644849, 10905.201459784927, 10907.727977536802, 10890.235131420528, 10894.795776322491, 10907.873725329353, 10898.392255637717, 10909.01682792157, 10898.05944269906, 10901.93058594123, 10894.881807092097, 10887.993323964092, 10908.419241569316, 10905.891311909676, 10901.69002835833]
fps.e0u:[13.29480935307792, 13.13257422659671, 13.260134430108934, 13.208682487807993, 13.19961646321269, 13.187201213245242, 13.18320142241375, 13.317241918992476, 13.389645035521045, 13.013582393084608, 13.252182191168083, 13.199754928071732, 13.256670550621473, 13.37164129926618, 13.356579021766137, 13.188342583426767, 13.304193721881676, 13.07767186255667, 13.241985489271894, 13.263205172021928, 13.183235113242391, 13.301140829077513, 13.261437964562564, 13.24053031718332, 13.422664357944788]
fps.lt:[8973.573104773976, 9001.393037969581, 8587.223178765502, 9021.688576996128, 8651.070298350765, 9172.85642796115, 8759.728062781076, 9347.809038390122, 9150.596910019314, 8412.197797472856, 8572.201775437969, 8455.1979168273, 8543.86415663227, 8555.887295144203, 8734.85997957836, 8566.218230994604, 8748.161311061955, 8665.480729854018, 8929.381742286556, 8814.425256167537, 9002.771312538207, 9108.7115926636, 8761.614230100673, 8876.839028913953, 8846.102068614746]
fps.ltu:[295.7202208359521, 295.4958962743739, 271.3053667474625, 296.4841316461123, 273.6273863876336, 305.9037379279016, 280.67352297803325, 321.5901332872006, 307.58949221031384, 256.2807374711134, 268.6921320333043, 261.3062612498767, 266.85699205167447, 270.6390580408494, 280.0298533576887, 268.8885683605059, 279.9669203760979, 272.0999731911853, 292.2416437632104, 284.401320702195, 295.7601115825667, 303.3390068019197, 281.23885041654506, 287.37845795629556, 289.34149934938864]
fps.c2:[1.2453096042673706, 1.846791729457737, 1.8958303692653784, 0.6529675895531819, 1.2107163198234878, 1.4200632581238297, 1.9722454632237758, 0.5084192064340726, 1.6862239413786033, 2.026019479930983, 1.0376408177680703, 1.4283555413708848, 1.4533134779731764, 0.41805929638600037, 1.7335611748309923, 2.755801947088342, 3.222791784799081, 2.239816772315158, 1.1712148118000618, 1.0609888782872903, 1.6095089413548347, 2.1414648541801036, 1.0601703180731659, 1.8340712129046042, 1.8456278785301379]
FC:[[3.8139255035700974, 3.839296120273715, 3.8516670788313565, 3.8781777611538635, 3.9077286247670795, 3.936319283146653], [3.8604192045992773, 3.8811049615314204, 3.8909297896568007, 3.9133072640485778, 3.945973207154917, 3.981768755977172], [3.9569017029675995, 4.000901827865555, 4.0210646917196256, 4.048984869628681, 4.087159884591463, 4.1206229119985105]]
FCE:[[0.030820187767197246, 0.018281606729486838, 0.011719661924067462, 0.00920717682987608, 0.007815194773277561, 0.006909461761900901], [0.024416526484908628, 0.014295878010373485, 0.009122247256331956, 0.007117447505830531, 0.006060663763191951, 0.005392119287529806], [0.02012862493854979, 0.012115496835948729, 0.007750935160483708, 0.006076838079212049, 0.0049420089844120245, 0.004391991646410957]]
