Ri:[100, 130, 160]
Zi:[50, 100, 200, 300, 400, 500]
fps.ts:[1707.4100400018692, 5122.230120005608, 8537.050200009347, 11951.870280013085, 15366.690360016823, 18781.51044002056, 22196.3305200243, 25611.15060002804, 29025.970680031776, 32440.790760035514, 35855.610840039255, 39270.43092004299, 42685.25100004673, 46100.071080050475, 49514.891160054205, 52929.71124005795, 56344.53132006168, 59759.351400065425, 63174.171480069155, 66588.9915600729, 70003.81164007663, 73418.63172008038, 76833.45180008412, 80248.27188008785, 83663.0919600916]
fps.e0:[10883.9971083071, 10867.225504450678, 10868.774670372231, 10865.35769435156, 10858.72989269816, 10879.986624763647, 10869.192672570358, 10878.125693861255, 10873.043084006084, 10860.644977573842, 10874.239671028083, 10861.125608111588, 10869.70303403914, 10859.156065023992, 10860.861135169007, 10852.990913258614, 10865.607551599309, 10872.795895301017, 10863.80637779142, 10856.331195270384, 10857.277505444115, 10878.880278117796, 10883.395847133446, 10879.080110515584, 10865.311716950184]
fps.e0u:[11.745324432416986, 11.874814524191379, 11.853034958428772, 11.711774232321408, 11.85848098517639, 11.792334766531448, 11.776495828918346, 11.751959642453293, 11.809482487054167, 11.814531941519345, 11.911466382833131, 11.7150871576793, 11.788454397330803, 11.855225048092361, 11.698808986391398, 11.75203967370108, 11.839183129807742, 11.761529619067616, 11.692779489393518, 11.881563194670253, 11.767242673224857, 11.77347945116783, 11.976435314738076, 11.814960491201417, 11.727331750701078]
fps.lt:[8577.354196350201, 8762.276759461289, 8688.96848942984, 8810.235477665186, 8881.798630297319, 8401.212103098529, 8765.47116657715, 8510.732232209048, 8625.74836625484, 8866.48459725376, 8747.18500705317, 9154.36760645631, 8829.386823390438, 8927.38389120753, 8835.964826444057, 9138.86263651658, 8808.928151093336, 8841.936450525358, 8918.206889758145, 9071.841592967894, 9142.224356796318, 8603.385538933753, 8332.661826845966, 8399.054741158372, 8951.353943421247]
fps.ltu:[235.80681704839782, 249.1362179797032, 245.1960902739411, 250.6194509860416, 257.7836660544731, 227.38712799358404, 247.94716270874233, 233.3007676888458, 241.42808135685453, 254.4944986096664, 248.528560864039, 267.9961849278543, 251.26260674251623, 257.95936407886677, 251.35127196562172, 268.8384102868403, 250.11504650220235, 252.01168716085428, 255.06276143335398, 268.6061468140676, 269.2155261379433, 238.874290683309, 227.10675929553423, 228.27218777440504, 256.77831618474664]
fps.c2:[2.072678688412595, 1.933064219471428, 1.2568005241144002, 2.359643022179794, 1.66828624430212, 2.9119600709261073, 2.9034885691924623, 1.769687762743941, 2.3511341209103676, 1.297530381198207, 2.1198117197450594, 1.0987214047238731, 2.1355399099103094, 1.3667499614093477, 0.7777178245899853, 2.7683995410056172, 0.9732662597552904, 2.7486480924779793, 1.766616820471102, 1.88458441864765, 1.9247769339103762, 2.017369769557742, 0.6904901713122022, 3.0544584909779076, 1.730598756228118]
FC:[[3.7503208123667373, 3.777017620326587, 3.820188155412846, 3.856129010280129, 3.89208937911585, 3.922751200284969], [3.802731808737128, 3.8444872534119168, 3.8722454548794665, 3.9132761064742057, 3.9518386648233723, 3.9868339557161567], [3.932802805947629, 3.9850737792385504, 4.027691337019852, 4.067780057387365, 4.1051749651875244, 4.142318136207085]]
FCE:[[0.028482638047784697, 0.01633399305921916, 0.01047372782143634, 0.008182115242795617, 0.006923520715124809, 0.006090568801103532], [0.02218748314238711, 0.01281794548513407, 0.00813318118155169, 0.006369349540106078, 0.005400132360334033, 0.004770434090664205], [0.01924402749824938, 0.010970993684310577, 0.006823634562569695, 0.005347805310016802, 0.004426524575548946, 0.003915643835927068]]
