Ri:[100, 130, 160]
Zi:[50, 100, 200, 300, 400, 500]
fps.ts:[5001.617779998779, 15004.853339996338, 25008.088899993898, 35011.324459991454, 45014.56001998901, 55017.795579986574, 65021.03113998413, 75024.26669998169, 85027.50225997924, 95030.7378199768, 105033.97337997436, 115037.20893997193, 125040.44449996948, 135043.68005996704, 145046.9156199646, 155050.15117996215, 165053.3867399597, 175056.62229995726, 185059.85785995482, 195063.09341995238, 205066.32897994993, 215069.5645399475, 225072.80009994505, 235076.0356599426, 245079.2712199402]
fps.e0:[10795.28125335378, 10786.539837539392, 10782.601469514977, 10796.0737547366, 10804.028033485087, 10823.655818698482, 10837.046097800689, 10852.409754384018, 10832.088611882218, 10813.11583723619, 10810.81592638518, 10818.103867719241, 10812.564822031121, 10807.71036408612, 10814.98247973947, 10807.129728310114, 10791.825438041677, 10789.29601922615, 10792.936791661998, 10788.146968558183, 10802.784258292068, 10803.993272355441, 10795.166961408908, 10801.22220161769, 10802.23798370725]
fps.e0u:[7.239510172882115, 7.265163434223264, 7.267199221308001, 7.2156586369375475, 7.157023134671024, 8.654337211898158, 8.096143733581561, 5.685347189073831, 5.8736751055126195, 6.6530259370838305, 7.0647381214543215, 7.232388561177432, 7.202653322530056, 7.196118617042635, 7.215620968433268, 7.191705752616415, 7.257065947745216, 7.321222022056414, 7.252627099513896, 7.2994055084855205, 7.247615170890647, 7.177122856386379, 7.199217155586461, 7.142004351458064, 7.146894633706541]
fps.lt:[5504.688468952224, 5645.116710855185, 5698.733993593862, 5550.5834801992505, 5510.315251236214, 5637.899478659421, 5568.296123810057, 5584.825592437056, 5638.524784431261, 5583.1828207632825, 5544.986766772406, 5459.333929049978, 5517.801181462532, 5540.358679510865, 5535.269159680688, 5653.447380113991, 5779.684266174764, 5885.744408236724, 5946.539272664826, 5910.411955944538, 5844.421992626581, 5830.592460857708, 5918.625817512126, 5900.824572018541, 5854.345687276444]
fps.ltu:[60.28506646612928, 63.650419405373505, 64.83959348963401, 61.02349109144955, 59.91137248748068, 75.56873371709207, 68.54233865338756, 48.54036863657928, 51.236347811886006, 57.032368848031, 59.60783998999516, 59.07218978299316, 60.184950484331225, 60.66248378668226, 60.57385283501566, 63.008893579197334, 66.26578248580697, 69.32935146748761, 70.04741648611333, 69.72743297027542, 67.3444761718993, 66.65481020891836, 68.88635105314302, 68.04184362179208, 67.02093305607919]
fps.c2:[4.421705321641776, 2.7321721414225504, 4.1205903202372705, 2.0351831172513135, 2.980323974730172, 4.249963768254369, 2.6444778126131263, 3.8693492242340635, 3.552428661253013, 2.6859356009911446, 3.856407095180457, 2.3239673353704013, 2.308034398880413, 2.3162049830940368, 3.376221664089772, 4.54195931230658, 3.128613763188649, 6.525782616745629, 5.168730849907653, 7.766412748759383, 3.158443094073253, 5.710663467930804, 2.1993314818294243, 6.51900006611408, 5.518691184202767]
FC:[[3.8541269224966697, 3.847282372723219, 3.87289932433506, 3.9293698593349453, 3.9974160143476207, 4.065881317269524], [3.8668803188738914, 3.8753798450124295, 3.9206053826273894, 3.9772862747916515, 4.048488505802152, 4.1163924352964045], [3.9659413286842082, 3.9928600464016673, 4.044795789357115, 4.101216466005709, 4.170448922426291, 4.240614815646377]]
FCE:[[0.02083754350742616, 0.010505220402439496, 0.006353326310765236, 0.004825824181755335, 0.004095480060350957, 0.003636878448677934], [0.016118553415783055, 0.008142944673797926, 0.004806587919721746, 0.003738152529388959, 0.0031813139784074183, 0.0028323123280499444], [0.013718172438967453, 0.006724451705217028, 0.004051250935623836, 0.0031556462354522265, 0.0026911076534836863, 0.002348024047112541]]
