Ri:[100, 130, 160]
Zi:[50, 100, 200, 300, 400, 500]
fps.ts:[1727.442019996643, 5182.3260599899295, 8637.210099983215, 12092.094139976502, 15546.978179969787, 19001.862219963074, 22456.74625995636, 25911.630299949647, 29366.51433994293, 32821.39837993622, 36276.2824199295, 39731.166459922795, 43186.05049991608, 46640.93453990936, 50095.81857990265, 53550.702619895936, 57005.58665988922, 60460.470699882506, 63915.354739875795, 67370.23877986908, 70825.12281986236, 74280.00685985565, 77734.89089984894, 81189.77493984223, 84644.65897983551]
fps.e0:[10922.22008977291, 10943.881953780507, 10933.137182329685, 10923.129986477305, 10921.545714321539, 10926.651897252033, 10922.09525119533, 10898.268247087899, 10887.55266757662, 10892.886435235507, 10890.537160578173, 10911.758637138482, 10887.963715260574, 10907.61660921207, 10874.73139475042, 10896.939628188546, 10901.194812205547, 10890.830123534613, 10902.854515831348, 10914.134844386597, 10895.74617695937, 10907.822463799928, 10921.248524421046, 10932.547144064623, 10919.647201672122]
fps.e0u:[9.864098520877572, 9.730064947065113, 9.895936021459844, 9.882209011444223, 9.827918044874814, 9.961824253554655, 9.959830239206115, 10.046769579011185, 10.045152512297165, 10.187194569700434, 10.20008956669651, 10.078203084745773, 10.22364911118972, 10.13206168217374, 10.154833530045556, 10.182725755783677, 10.174565817261202, 10.08726435792047, 10.253047747426965, 10.156999793231277, 10.109293799164382, 10.13553426383559, 10.255437076748356, 10.10715962601169, 10.178676671232628]
fps.lt:[2971.0223869669167, 2961.7534806684016, 2982.734664745503, 3024.706881099761, 3002.7897548278543, 2992.79149859249, 3020.316041920703, 3039.8326657953726, 3057.5530867644156, 2977.393673697195, 2956.8377130668364, 2902.4734093477405, 2943.9935470525124, 2895.514072425119, 2977.7200250784535, 2945.1523504799134, 2909.464289440004, 2972.873095324677, 2917.71102293904, 2905.877299816876, 2951.700850853115, 2928.4314333146563, 2890.127654286042, 2875.2365828535458, 2899.875289887253]
fps.ltu:[25.223183321156554, 24.852121962334685, 25.438588024854088, 26.08264581263225, 25.72380365751222, 25.802927283919384, 26.30201717648918, 26.87089202125591, 27.21965395927307, 26.144242081271834, 26.0030637334289, 24.687729405194535, 25.75578631729592, 24.716190625200518, 26.143197028584996, 25.44133534836165, 24.973824551888516, 25.86207002078965, 25.19971718871921, 24.83083005215796, 25.64585102356904, 25.119791423200514, 24.661217503833093, 24.104876856126964, 24.903661131884753]
fps.c2:[1.6123603262134174, 1.4390045244239162, 1.6456713670144631, 2.3879094059655914, 2.6297889338260627, 1.2903792815485242, 2.6041276285078014, 4.09984762425765, 3.1072895984171924, 2.5976690433121865, 2.347512288174451, 2.305554908854437, 1.596729377234023, 4.216416599796708, 4.309604196209621, 2.917590586642196, 4.809878013060368, 2.2210336568401186, 3.6644786769511173, 3.1527835748730597, 2.762044102439904, 2.382607506932503, 2.480212804078263, 2.2425632588008098, 2.2024771072164473]
FC:[[3.7141953437729742, 3.74751350798106, 3.842991753669195, 3.9351999403836357, 4.019196562954968, 4.107295432887956], [3.748731953512697, 3.789677155736053, 3.882177052065826, 3.9771135647754914, 4.065171481668642, 4.1525026187048395], [3.8205605173946657, 3.8700869385523085, 3.9762828951101707, 4.075494575976314, 4.16656740819417, 4.259844516556079]]
FCE:[[0.025848100739505726, 0.012545555871932018, 0.008037850838080462, 0.006479870343469197, 0.00573546022148224, 0.005160102759510639], [0.02020903118833952, 0.009788428827629123, 0.006232538658751404, 0.005021334439606248, 0.004355286922196492, 0.0040104266624246855], [0.017177693813292903, 0.00825528921946005, 0.005114230468556332, 0.004123279451463253, 0.003659055563192466, 0.00338236963801239]]
