Ri:[100, 130, 160]
Zi:[50, 100, 200, 300, 400, 500]
fps.ts:[1714.0381800031662, 5142.114540009498, 8570.19090001583, 11998.267260022163, 15426.343620028496, 18854.41998003483, 22282.496340041158, 25710.572700047494, 29138.649060053824, 32566.725420060156, 35994.80178006649, 39422.87814007282, 42850.954500079155, 46279.03086008549, 49707.10722009182, 53135.18358009815, 56563.259940104486, 59991.336300110816, 63419.412660117145, 66847.48902012348, 70275.56538012982, 73703.64174013614, 77131.71810014249, 80559.79446014881, 83987.87082015513]
fps.e0:[10867.833525786444, 10841.43634844639, 10851.42692609376, 10851.412260012889, 10856.475669276386, 10872.003466410859, 10851.13010876002, 10850.178140158983, 10851.426827998515, 10854.974308936022, 10855.988513016086, 10865.89741647026, 10842.43181961471, 10841.665296863994, 10855.871739446638, 10850.396258992261, 10857.266728332426, 10853.962226880105, 10842.22393466758, 10869.165364785242, 10880.760968170815, 10851.225130629711, 10850.09992000647, 10855.113816374786, 10872.101580554101]
fps.e0u:[13.189244407156538, 13.130089564265273, 13.044543859438676, 13.202525246333586, 13.185235862091167, 13.245141697737292, 13.269810294214821, 13.220826810453918, 13.092189477582728, 13.158695526631599, 13.188352043935645, 13.153380657692859, 13.144184281558221, 13.146360524701851, 13.276853397130441, 13.550946206464916, 13.335053021971403, 13.273274635684231, 13.497622989425212, 13.212537720954234, 13.129149450258556, 13.265780532909295, 13.2876262414802, 13.203800654034437, 13.275102003601342]
fps.lt:[6482.8959439907185, 6799.032975783712, 6766.37337509462, 6716.113362825134, 6746.857045435655, 6586.051892086375, 6941.412665565319, 6715.591738048119, 6932.426972519375, 6697.927641598278, 6801.9606764646705, 6843.487873388843, 7169.620565154347, 6924.834695604476, 6787.531584265589, 6791.139587493213, 6787.058477758181, 6896.823605160813, 7142.544693636742, 6663.5334538535035, 6638.875387714704, 6881.817547630088, 6792.349309003785, 6795.280996404716, 6679.285299919474]
fps.ltu:[150.41309912439704, 166.1984590631163, 162.89736880160402, 161.66006616804353, 162.80501436532256, 156.67348860347605, 173.16420896354097, 162.33774434265433, 171.87601589236667, 161.39153325445506, 165.63602346517047, 166.92689556489216, 184.6360047804706, 171.90848998453401, 167.27895917085746, 169.54231526424223, 166.4238751835967, 170.63472670019098, 185.67161893590432, 159.74066294887558, 157.73719356137806, 170.51475869175954, 166.58484728689874, 165.87674631828494, 161.1279125023546]
fps.c2:[3.048647400723467, 0.9543636745613978, 2.2449111657777556, 3.474110664042921, 2.6107051463958304, 2.3598665711839564, 3.793984371747743, 2.114670404435338, 2.681392327843056, 2.3410073099701867, 2.203543937436673, 0.894810575027046, 1.9900433485853655, 3.237858352823624, 4.273449248652906, 1.6020409550399504, 3.7007051980503194, 4.479328149756163, 2.135829393552203, 2.5177843374134787, 3.3658963021164, 0.7926775641303654, 2.2034429356966236, 2.5783008329098513, 2.9531835160810918]
FC:[[3.843643629201427, 3.812065751748052, 3.844615282211373, 3.8812616417610384, 3.9213033537234003, 3.973167885417039], [3.825621385398185, 3.8355106095310787, 3.874111466436653, 3.9201544923255933, 3.9651211946965668, 4.018376485424331], [3.9457287031857353, 3.9602157638831743, 4.002912252454885, 4.048714258463249, 4.0916942431487655, 4.146702714924662]]
FCE:[[0.03634012786463903, 0.019353265690376084, 0.011967353409070793, 0.009218109305517698, 0.007716854627631082, 0.006773527092223699], [0.02793128249358219, 0.014839661076515968, 0.009157157951605216, 0.007097074661076998, 0.005963889647087176, 0.005134008503704881], [0.024089324812015686, 0.012596296838184503, 0.007695521507775832, 0.005826716956936093, 0.0049080068755940525, 0.00424491124891755]]
