Ri:[100, 130, 160]
Zi:[50, 100, 200, 300, 400, 500]
fps.ts:[931.4281199979782, 2794.2843599939347, 4657.140599989891, 6519.996839985848, 8382.853079981804, 10245.70931997776, 12108.565559973718, 13971.421799969674, 15834.27803996563, 17697.134279961585, 19559.990519957544, 21422.8467599535, 23285.702999949455, 25148.55923994541, 27011.41547994137, 28874.271719937326, 30737.12795993328, 32599.984199929237, 34462.84043992519, 36325.69667992115, 38188.55291991711, 40051.40915991306, 41914.265399909025, 43777.12163990497, 45639.97787990094]
fps.e0:[10893.836353538456, 10880.177345601054, 10934.73912598831, 10939.560272601157, 10893.403691123596, 10898.976130102114, 10894.341854750468, 10905.82823730503, 10944.20935111118, 10911.806237767501, 10874.608326631369, 10947.352550745538, 10878.836277191782, 10915.755135845788, 10912.88415424998, 10929.106509777259, 10898.493395511625, 10930.641744435574, 10924.744338704588, 10897.016865090756, 10886.684084474626, 10928.292332996445, 10942.979907986826, 10876.300770403246, 10890.701209728442]
fps.e0u:[19.447354101140974, 20.380227839262428, 20.7281433819198, 20.511114516530938, 20.420799129778644, 20.472059513579378, 20.249727684538122, 20.65328842311533, 20.74606102651573, 20.69995740467702, 20.354680644048123, 20.806887184618734, 21.144883800848216, 21.10199677394202, 20.444864161227937, 21.062446001243607, 21.323629602079226, 20.967066917748312, 20.670094095859213, 20.989698940041638, 20.95153306211577, 19.86916977619925, 20.286486887933172, 20.969145651859513, 22.05599514903055]
fps.lt:[6364.376715695113, 6524.3428911850215, 5971.657487173015, 5940.256021640967, 6473.685574457016, 6307.4477008710755, 6594.259281062924, 6271.09012247975, 5931.942764262166, 6198.637588390303, 6571.090180769574, 6007.664263505085, 6636.6081977255, 6237.323390949527, 6385.158088867504, 6130.389462761801, 6279.118676758933, 6023.20935372101, 6161.851428043094, 6422.938746556662, 6656.492018378648, 6121.086717862999, 6050.927597913633, 6760.997238166778, 6519.421271166802]
fps.ltu:[218.17256802297788, 238.073171040431, 202.5407030728659, 199.55854555534162, 233.66209013428696, 225.22705116867564, 242.60881562151096, 222.0572740055752, 198.86074754869924, 218.9388063479887, 240.72522135658824, 205.17708226388652, 253.29253272738, 227.26389895948665, 229.4046828529127, 217.9063586032825, 227.99878929956242, 208.8296014248171, 215.1965127625334, 237.69885308261223, 254.79713645580765, 205.02720701355003, 202.97342557846653, 264.01405552073055, 257.10922234650303]
fps.c2:[2.5829189467540297, 1.13894233463735, 1.5989891128622855, 0.3732254929544933, 1.788786612832447, 1.920235214646875, 0.8907339978144135, 1.0568727806594054, 1.714973716532037, 1.2943268215371744, 0.9668822283025226, 1.4013781709082131, 1.2818232010435695, 1.3668056300975453, 1.0674886799132668, 0.4703753168392805, 0.6622596511731159, 0.6935042367854108, 1.0385443322565642, 2.5100706980896943, 1.0364534793006661, 1.668941660891752, 2.210284417038367, 1.198840640057106, 1.1308488027378345]
FC:[[3.9423816883927967, 3.9924169060354266, 3.988047871765952, 4.042866973236675, 4.121158372719329, 4.218264274093174], [4.02088978043668, 3.9894651051142853, 4.01036983297575, 4.077226752982961, 4.1592784899626745, 4.2579585519922984], [4.180070917220169, 4.118352877059462, 4.133756990221079, 4.202928232167361, 4.281721508693141, 4.385130832630627]]
FCE:[[0.054489218835325856, 0.03089964250660419, 0.018837562811425675, 0.014676871418442242, 0.012364497096882294, 0.011184748342845456], [0.042952846731790194, 0.023546217577151193, 0.01455098390815157, 0.01139098819211896, 0.009586455709789825, 0.00869258421275875], [0.03709650177624395, 0.01996154551088239, 0.012267036510232537, 0.00940387920514335, 0.00809283321385094, 0.007218667603580158]]
