Ri:[100, 130, 160]
Zi:[50, 100, 200, 300, 400, 500]
fps.ts:[1750.3244799995423, 5250.973439998626, 8751.622399997712, 12252.271359996796, 15752.920319995881, 19253.569279994965, 22754.21823999405, 26254.867199993132, 29755.51615999222, 33256.1651199913, 36756.81407999039, 40257.46303998947, 43758.111999988556, 47258.760959987645, 50759.40991998673, 54260.05887998581, 57760.7078399849, 61261.35679998398, 64762.00575998306, 68262.65471998215, 71763.30367998124, 75263.95263998031, 78764.6015999794, 82265.25055997848, 85765.89951997757]
fps.e0:[10837.775429827832, 10798.059035200784, 10822.111910240163, 10819.630644368493, 10795.782007236136, 10796.420156749311, 10826.262468220977, 10787.126541079226, 10793.608893758972, 10814.281586767293, 10770.864189133861, 10807.614450929601, 10795.67828999882, 10824.297225042199, 10818.266198268444, 10817.832589227706, 10823.717039653282, 10799.667730847079, 10852.214682798434, 10787.813186370251, 10782.386611037451, 10803.04725727426, 10802.461412781497, 10824.5046839506, 10801.562704040336]
fps.e0u:[17.27319131754871, 17.4830818555768, 17.29426168432921, 17.580231065617127, 17.63380261028231, 17.390054080628204, 17.304634637651027, 17.166159306497487, 17.01797957730383, 17.576460653588878, 17.649746092799454, 17.003287468599996, 17.29155248781511, 17.023685983164828, 17.24978879986865, 17.252054144267895, 17.339178583599868, 17.086773125877098, 17.03878577711352, 17.55053826823092, 17.47817744914962, 17.303141436003806, 17.31095343949717, 17.297477335410072, 17.366841038013607]
fps.lt:[7150.363826885778, 7515.3796425665105, 7490.066575541327, 7446.422149326665, 7848.314006654845, 7556.975284588385, 7424.622303120869, 7873.600063710731, 7591.929620266574, 7639.800667921968, 7775.610965497224, 7547.510853582363, 7673.254696783583, 7318.842922502037, 7429.87317214794, 7406.535402256793, 7217.457012731899, 7842.349739151512, 6973.798171476801, 7636.033903175135, 7684.426758594968, 7643.026872530728, 7676.3749045686245, 7270.537061725455, 7458.0202255581435]
fps.ltu:[243.58168664819618, 272.18368777794166, 269.92548114060924, 267.6912609709808, 300.82837128219245, 273.8858474056853, 263.8947760244242, 294.9751197753195, 274.91070914282926, 283.9541288501117, 294.6287783938343, 268.83550912801275, 284.45994284733916, 253.0347208179252, 262.2039858425557, 262.6878263107484, 249.73605548085624, 292.2021034750823, 229.32328131983763, 284.33204268371895, 285.16098580641255, 280.20235654443144, 283.67712752342334, 253.21853117520357, 268.0297395378308]
fps.c2:[2.260064657176834, 0.9388899227707372, 1.0493183566271684, 1.3099661899162258, 0.6229260829118087, 0.9950704757525551, 1.2292223434739085, 0.9651351718386842, 0.9562972707549366, 1.2524322140159707, 0.8971951670188558, 2.4429912133224754, 1.1889070844311203, 3.207595173709146, 1.8819837096220828, 1.886628800280918, 2.2122465907979776, 0.8433008142057594, 1.1157573963866132, 1.6288771059533365, 0.8188270012164801, 1.1976661873295003, 1.259718921247269, 2.622688254106415, 1.911962011263849]
FC:[[3.9701860173391688, 3.9046062826313293, 3.957503196837554, 4.021905633121947, 4.043915449969168, 4.072040858503165], [3.9488618697414823, 3.927908848684849, 3.9983666107423703, 4.0658679473713955, 4.096808686055363, 4.125117116455261], [4.071704032544664, 4.0934264565025815, 4.163883518299545, 4.212520447346517, 4.255725604683565, 4.282699280817708]]
FCE:[[0.04391910988015437, 0.024578797588456255, 0.016322096095177516, 0.01276231331220976, 0.010738838055081091, 0.009386471991901336], [0.034317439701222106, 0.0190128221707487, 0.01256941516248228, 0.00982407058590002, 0.008300188081207752, 0.007284608962736773], [0.02853739958273874, 0.01618162378237268, 0.010575489880126883, 0.0083403643987703, 0.006990260760189472, 0.00614169069041134]]
