Ri:[100, 130, 160]
Zi:[50, 100, 200, 300, 400, 500]
fps.ts:[1709.6238399982453, 5128.871519994736, 8548.119199991226, 11967.366879987718, 15386.614559984208, 18805.8622399807, 22225.109919977192, 25644.35759997368, 29063.605279970172, 32482.852959966658, 35902.10063996315, 39321.348319959645, 42740.59599995613, 46159.843679952624, 49579.09135994912, 52998.339039945604, 56417.5867199421, 59836.83439993858, 63256.08207993508, 66675.32975993157, 70094.57743992805, 73513.82511992456, 76933.07279992104, 80352.32047991754, 83771.56815991402]
fps.e0:[10924.376555009272, 10928.309378344456, 10923.851718164155, 10925.656834239524, 10903.52270163375, 10949.055219281865, 10945.362022988413, 10933.512900217676, 10956.98620455728, 10938.364774941565, 10961.563650040289, 10949.104884205639, 10953.19468519409, 10939.358492157431, 10945.601538916519, 10917.26057460162, 10935.107870065753, 10977.579725667569, 10955.366626578727, 10950.432418682689, 10945.579703542227, 10908.353215166564, 10962.821141482942, 10933.025195095743, 10962.336553088122]
fps.e0u:[15.144419195193237, 15.20870026085203, 15.12535458346357, 15.328437674050702, 15.570648918533683, 15.536634322916443, 15.31639382996254, 15.453387859459404, 15.269566898693546, 15.297463576031435, 15.056715565479227, 15.27012328003432, 15.148943581807304, 14.995880822696384, 15.210458483692989, 15.236146939862058, 15.214294675559698, 15.128697197962836, 15.390091133216965, 15.21307666160907, 15.127108053091478, 15.246744510255969, 15.285884669592733, 15.228302848848775, 15.193352723008891]
fps.lt:[12907.309267434595, 13593.905773915101, 13011.038668494806, 13600.326111165306, 14287.357442545941, 12439.822155106558, 13126.489186491764, 12841.185005372312, 12412.869410211919, 11945.507435020352, 12096.641374472496, 12597.826737792968, 11778.55367044999, 12933.39820494834, 12542.813813733817, 13982.320240618961, 12714.304314305084, 11459.685231298348, 12626.94582270084, 12221.080256837255, 12708.290810025446, 13974.399632632496, 12639.723208517215, 12950.82835556057, 11795.627958622985]
fps.ltu:[701.5836713645353, 777.8441380375655, 712.7392445811881, 775.8020586495383, 872.6524549795529, 661.2515237104293, 729.1297022951334, 696.762063308414, 645.8943761175416, 602.2945509444679, 609.0515652841416, 670.7120764427196, 580.7312199381232, 696.0911833787618, 659.7062483898372, 822.9131957459841, 680.8541303586384, 550.9634531408767, 670.8285081202549, 628.6164173352927, 675.8767107872205, 822.7769445098679, 675.94534188341, 710.3240827640825, 585.7133413485619]
fps.c2:[1.8603590929086227, 1.1797045059375844, 0.8659831561109185, 1.652894113085914, 0.37176293620816636, 1.3326934221569073, 0.9553915417871759, 0.7965231566841406, 1.347248587838931, 1.4823711727247129, 2.721887908382093, 1.6072889336467813, 0.9883191102799919, 1.3334523145282422, 1.4144107042509428, 0.6651463334163074, 1.7682211719927043, 2.7011897450756317, 1.6280775944382715, 0.9018089304549748, 1.6802619000551853, 0.8240625380943501, 0.7109148272436503, 1.5320914804614119, 1.2675630786818368]
FC:[[3.8548573995376305, 3.849707643241792, 3.878302601595722, 3.902334120910483, 3.9271886738378936, 3.950554720696956], [3.866785578685887, 3.8855204065390896, 3.931134519918194, 3.9567226676822647, 3.9777236192083514, 4.004634771975835], [4.008433593402293, 4.007081325169743, 4.056977330370625, 4.083285077637116, 4.1062731632023635, 4.132408709946961]]
FCE:[[0.03319417019994415, 0.02083037979631311, 0.013820571001525226, 0.010948774077538154, 0.009303260079338705, 0.008198739421109514], [0.025646745331570645, 0.0161463985800578, 0.010760068815605706, 0.008526974014253614, 0.007252978977796603, 0.006255688822710612], [0.021792064894915343, 0.013440039096782925, 0.008936076748479505, 0.007079573135555595, 0.006031933251369963, 0.005345220403953059]]
