Ri:[100, 130, 160]
Zi:[50, 100, 200, 300, 400, 500]
fps.ts:[1502.6246799993514, 4507.874039998054, 7513.123399996757, 10518.37275999546, 13523.622119994163, 16528.871479992864, 19534.12083999157, 22539.37019999027, 25544.619559988976, 28549.868919987675, 31555.11827998638, 34560.36763998508, 37565.61699998379, 40570.866359982494, 43576.115719981186, 46581.36507997989, 49586.6144399786, 52591.863799977305, 55597.113159976, 58602.362519974704, 61607.61187997341, 64612.86123997211, 67618.11059997081, 70623.35995996952, 73628.60931996822]
fps.e0:[10797.744855201952, 10778.414158941117, 10800.00310403659, 10784.257251476583, 10778.116164568894, 10798.965780909692, 10794.622119512005, 10789.053992415227, 10775.95979333887, 10778.039188755585, 10793.906504020882, 10781.730523906852, 10768.617416321053, 10768.647513804755, 10780.875425031603, 10782.450876936446, 10771.53874834323, 10773.129288536318, 10748.365859425732, 10774.741287061159, 10788.731135466505, 10790.691417067268, 10775.497014876511, 10781.13738939723, 10769.685943269578]
fps.e0u:[12.242425305835393, 12.36157395523656, 12.332542842483262, 12.1890197660902, 12.442448235198697, 12.264488526983664, 12.078699514135026, 12.392696654219709, 12.353252090508306, 12.362088053550377, 12.432949783355363, 12.426282730176608, 12.413181019779675, 12.257093561327872, 12.313802386132677, 12.200401811962651, 12.241304885714221, 12.313254223555848, 12.293023812929903, 12.43383893100723, 12.290287990942419, 12.277797449814884, 12.210412494765531, 12.213667323385037, 14.241928286878737]
fps.lt:[5342.394221406484, 5435.130096803956, 5313.615506686978, 5447.755942734184, 5483.741227394112, 5273.268565752957, 5329.104815937555, 5353.590250735251, 5421.34506178572, 5535.825054611847, 5303.866035617992, 5427.629031003009, 5551.533821664471, 5426.306819988751, 5356.420841257042, 5302.369319082741, 5424.495276090461, 5401.955045091624, 5530.687886927941, 5400.129617677166, 5278.395246279104, 5249.729239936345, 5454.329687002065, 5405.768361731049, 5348.586621548216]
fps.ltu:[95.11730245381744, 99.44744076833584, 95.13909547829094, 99.05265265850568, 101.38025162658985, 93.2017214699398, 93.8459610958938, 97.08929494050048, 98.7081558111219, 102.97242902310585, 94.99159412788431, 98.95005302294392, 103.83289668023161, 97.83833759711624, 95.92254287781479, 93.58505685813323, 97.98260676840927, 96.51774648920193, 102.11213351461916, 98.13294768760731, 92.83251248480741, 91.28321504410242, 98.1654892026357, 96.6952922544132, 110.43352258826852]
fps.c2:[1.4493242683633043, 1.9828781091038414, 1.4325308545339217, 2.599627241618803, 1.4722154488198613, 0.8995871837319035, 1.1000631345450382, 2.7132151741628316, 1.384953792610167, 2.6531577123714665, 1.9939884547623405, 2.249982156358115, 1.6182174575636132, 2.637662587997158, 2.352339828822718, 1.1608113225666106, 2.902202195768943, 4.106155241005232, 2.9365471908282834, 1.791386133227969, 3.3907019937938445, 1.8217359387338172, 2.553382517311711, 1.5954382834339236, 2.5093823425812847]
FC:[[3.777541730086795, 3.7963741010255365, 3.8588993421675184, 3.9063148007403337, 3.972973778050668, 4.031466686341295], [3.790666767117515, 3.826024052803444, 3.8915653226934066, 3.9506393067355163, 4.012308667403756, 4.0758584822545005], [3.9171128351847515, 3.9539091949543583, 4.02022534128122, 4.084895844343445, 4.147447781595984, 4.210927635839531]]
FCE:[[0.037423674597098576, 0.019042456979081152, 0.011182943641423112, 0.008637710385817746, 0.007135817179238121, 0.006316528422277847], [0.029065058248846802, 0.014376065138628128, 0.008626489860573123, 0.006533034783317769, 0.005527647039735587, 0.004905557548566773], [0.024005097896479147, 0.012217692177613584, 0.007096299805437212, 0.005534941553191189, 0.004703970121567969, 0.004183910578824298]]
