Ri:[50, 100, 150, 200]
Zi:[100, 200, 300, 400, 510]
FC:[[4.015163936379795, 3.993050258836269, 4.012047858530021, 4.030962053911805, 4.056351554411875], [3.9979718935891526, 4.015243342035632, 4.0400101928902075, 4.070576110394496, 4.097253685419391], [4.121916245178183, 4.151734115582806, 4.180027752343007, 4.210369279906506, 4.239741433157976], [4.722143552507213, 4.776610450964183, 4.819122992646869, 4.849507321998074, 4.87428936369201]]
FCE:[[0.04444026698481092, 0.029830457626744147, 0.02328385847481069, 0.020160389033280386, 0.017932315085992627], [0.021474544473478657, 0.014669924380524972, 0.011878275511929277, 0.010294793593500828, 0.009130620177168437], [0.015184859464171047, 0.010346395376581531, 0.008371292552629823, 0.007019290864921934, 0.006221679053342385], [0.013895650929990549, 0.009528371538203486, 0.007600485618375137, 0.006560543712023198, 0.005813944630911279]]
fps.ts:[1607186622.17142, 1607190269.1942601, 1607193916.2171001, 1607197563.2399402, 1607201210.2627802, 1607204857.2856202, 1607208504.3084602, 1607212151.3313, 1607215798.35414, 1607219445.37698, 1607223092.39982, 1607226739.42266, 1607230386.4455001, 1607234033.4683402, 1607237680.4911802, 1607241327.5140202, 1607244974.5368602, 1607248621.5597003, 1607252268.58254, 1607255915.60538, 1607259562.62822, 1607263209.65106, 1607266856.6739001, 1607270503.6967402, 1607274150.7195802]
fps.e0:[10035.850175421328, 10014.319290594201, 10049.023540756425, 10066.872512782853, 10059.79298040316, 10030.357133108671, 10046.90910582404, 10046.643845114466, 10077.714525866711, 10044.87983627913, 10024.225613729008, 10069.386787131301, 10103.888791764175, 10056.634454728566, 10049.382241650219, 10070.888464999078, 10055.950114455045, 10060.270857365933, 10066.128482384112, 10087.805437359299, 10064.006008361197, 10004.063190288807, 10044.42157526205, 10036.428857854551, 10031.378946611478]
fps.e0u:[19.42162345449598, 19.679490983305655, 19.415374128532786, 19.315149210156747, 19.490848670910907, 19.507684722180926, 19.502595428009247, 19.453628714535085, 19.1603693153874, 19.877586608303172, 19.473284422456242, 19.70701389063847, 19.351485724651944, 19.328472229588126, 19.318490897629268, 19.675354675164677, 19.27115723117857, 19.47698384830512, 19.434649065813023, 19.0945906508323, 19.202442191924934, 19.621147559580812, 19.508608750239592, 19.27751884097504, 19.480445246664274]
fps.lt:[15578.503808337384, 15305.179318208093, 14657.988893706734, 12947.269097126053, 13289.586057279683, 15089.950457792238, 14495.23116886948, 13975.538357283442, 13543.78598645674, 15052.43216394923, 15291.511067994868, 12935.790888779266, 11867.804897707623, 15112.145848998261, 14384.820025594814, 12398.370800136641, 15004.896040101288, 13903.157074578148, 13605.811398061516, 12400.104258027619, 14498.998758010765, 18705.61221025905, 16033.708681714552, 16265.838520360065, 15696.001994644539]
fps.ltu:[1421.4438407355071, 1380.477662480489, 1252.7731745068254, 971.5221431113243, 1029.5015542496028, 1326.5820276724241, 1221.79486503551, 1138.2058993710866, 1057.5143182700112, 1342.8049149830663, 1376.126215096083, 991.8681761618002, 819.5373919856867, 1342.6700645011992, 1206.7778229051119, 903.4804380409365, 1303.787265844283, 1131.3888388249215, 1078.3441463171823, 883.2701224159907, 1223.7812236667069, 2061.4386350910727, 1502.846700753142, 1511.553001308637, 1433.0795114508726]
fps.c2:[1.090084969329797, 1.5271762341025266, 1.141022228447274, 1.3008199659687634, 1.8688980557904726, 1.0962621500270289, 0.6788091040375193, 0.36741148389326767, 1.047263467148633, 1.499506233869229, 0.43023739533820293, 1.0285806021719321, 1.7826033481317392, 0.8965387242583783, 0.6521524405524075, 0.8722120651320442, 0.92328299243312, 2.2787350431124707, 1.2461798882882473, 0.9615451024621197, 1.3758194172701108, 1.2247841734721925, 0.697729734948803, 2.0009521005815847, 1.4318027768661568]
