Ri:[50, 100, 150, 200]
Zi:[100, 200, 300, 400, 510]
FC:[[4.1376312821444055, 4.073608191623367, 4.054040674944179, 4.052827169771782, 4.071354905764186], [4.040129659609125, 4.01033347116224, 4.043779195203608, 4.066996489372225, 4.097636713117582], [4.142949559617117, 4.136057836475708, 4.168372210440173, 4.192187767975123, 4.221400908578], [4.724505717739173, 4.774319559279781, 4.815077313435318, 4.846000011863733, 4.871990182005457]]
FCE:[[0.046632468153623756, 0.031170614350647538, 0.02481861289600055, 0.021263693657520958, 0.018827180975781656], [0.022582939902681252, 0.015280122516383202, 0.012390927175505344, 0.010690412898040767, 0.009454287085609093], [0.015725277409407844, 0.010606089102401186, 0.008578227734861058, 0.007188170497576894, 0.006355350884841996], [0.014258445328618611, 0.009637707217257893, 0.0078066474708785045, 0.006740800959329936, 0.005965913580491118]]
fps.ts:[1605896050.64732, 1605899066.74396, 1605902082.8406, 1605905098.9372401, 1605908115.03388, 1605911131.13052, 1605914147.22716, 1605917163.3238, 1605920179.4204402, 1605923195.51708, 1605926211.6137202, 1605929227.71036, 1605932243.8070002, 1605935259.9036403, 1605938276.0002801, 1605941292.0969203, 1605944308.1935601, 1605947324.2902002, 1605950340.3868403, 1605953356.4834802, 1605956372.5801203, 1605959388.6767602, 1605962404.7734003, 1605965420.8700404, 1605968436.9666803]
fps.e0:[9927.254233833126, 9947.54584905373, 9968.022196374583, 9952.822678870114, 9951.914580006407, 9961.303371533153, 9930.288002177025, 9965.585015863588, 9965.511378985751, 9959.67450029372, 9966.149029068338, 9935.797025991684, 9990.491848535958, 9888.927904915638, 9945.83279374917, 9953.765741730542, 9975.056210101304, 9960.788387798928, 9951.677555845363, 9930.335522162315, 9995.33982893472, 9947.328788904173, 9968.287010741826, 9958.572933349844, 9939.611057154623]
fps.e0u:[19.570708815980385, 19.83934226199283, 19.875370830540593, 19.688191884171538, 19.90689146720185, 19.737935645700937, 19.895950451234572, 19.867550439724305, 19.580778311713917, 19.752006000387258, 19.80158829800485, 19.727001254913706, 19.597638384863302, 19.874927551604824, 19.65339997264157, 19.4494007920489, 20.04959054321128, 19.651512650376265, 19.76014316004435, 19.708491782541124, 19.7119454207612, 19.79243066504165, 19.838334774407972, 19.782854473585026, 19.915980865345603]
fps.lt:[18553.735273792954, 16650.039337183505, 16908.08381734381, 15960.42956730455, 17404.37265723321, 15991.569497753044, 17597.02306965158, 14921.538301867968, 15422.449014660991, 16826.132658836395, 15172.305554324028, 19004.570665702005, 13864.5925266819, 21733.193136736085, 16396.730864356723, 16365.635549300447, 15580.551161669908, 15750.90621908425, 15279.46044682906, 17839.55591090622, 13229.169075098034, 16365.255174788696, 14959.725178223112, 16749.388042626375, 18093.343625206082]
fps.ltu:[2039.4026691704057, 1669.5279342274655, 1706.2834642933185, 1512.8037237816238, 1815.175632458854, 1514.6111687435541, 1864.5322089833433, 1335.260859145747, 1408.6029425238207, 1678.1596649668847, 1381.0247520549688, 2155.857400766434, 1135.604883920951, 2824.164822915879, 1594.1862054814026, 1589.1557827053225, 1458.9303923119771, 1472.7586678762168, 1392.6810140296616, 1902.3458960473572, 1049.2164943892499, 1595.3581430001227, 1340.1579928939436, 1670.0877970011795, 1971.0363728139944]
fps.c2:[1.1588660079489428, 1.1390524849979955, 1.4264006482735925, 1.55272909826616, 0.6384782590633519, 1.3569240188696623, 1.8215509941536103, 1.727189176317835, 0.5003545964271996, 1.1223174686385373, 1.7853020007140084, 1.9359036760559079, 1.5084404015811328, 1.0921408375431645, 1.3939743086938672, 1.7287224071475646, 1.466294679320306, 1.9018781713434731, 1.4218776564688913, 1.067874266348433, 1.5106139041882432, 0.8174139347169938, 1.0995211322970375, 1.508895468001411, 0.8585628386928381]
