Ri:[100, 130, 160]
Zi:[50, 100, 200, 300, 400, 500]
fps.ts:[1390.47515999794, 4171.42547999382, 6952.3757999897, 9733.32611998558, 12514.276439981459, 15295.22675997734, 18076.17707997322, 20857.1273999691, 23638.07771996498, 26419.02803996086, 29199.978359956738, 31980.92867995262, 34761.8789999485, 37542.82931994438, 40323.77963994026, 43104.72995993614, 45885.680279932014, 48666.6305999279, 51447.58091992378, 54228.531239919655, 57009.48155991554, 59790.43187991142, 62571.3821999073, 65352.33251990318, 68133.28283989907]
fps.e0:[10914.430559956812, 10949.184795435509, 10919.204554363532, 10925.135039276125, 10917.738383395554, 10915.60999457294, 10930.828094846534, 10915.321173701783, 10927.82915693743, 10911.156690217524, 10938.225012034462, 10934.147281625472, 10926.511370146764, 10940.917912664816, 10938.985712093268, 10935.427055292581, 10922.189147985911, 10920.262486668089, 10940.521430190662, 10925.350406696552, 10934.576096622597, 10917.697218635934, 10926.80692182093, 10915.187416263358, 10901.228096950115]
fps.e0u:[10.649208984061296, 10.706380166285369, 10.64392418895659, 10.63434029023196, 10.71735126742812, 10.713064616503202, 10.71606201029673, 10.6942561421739, 10.648213235825917, 10.643313033377407, 10.690838824542599, 10.735206615711963, 10.574520770902883, 10.64118116721044, 10.700259438147663, 10.769854105026633, 10.753861807655952, 10.794541016667921, 10.66079714895638, 10.659004538111326, 10.64941029976427, 10.74313501098453, 10.73469350740644, 10.721206462277166, 10.781212189172512]
fps.lt:[3971.116404020901, 3829.4755582518274, 3973.2628639382183, 3951.2677692863144, 3998.8419787455196, 4064.7842549898496, 4002.1271665460536, 4094.129539837407, 4043.545433685548, 4177.8917329370215, 3999.76059171189, 4084.975350323928, 4131.152803992923, 4074.2638271677624, 4081.797403570743, 4116.899146017756, 4235.9798257385655, 4234.206102918248, 4172.053256665836, 4255.169561167976, 4197.115177482709, 4312.377570402396, 4232.705787995515, 4344.814940517934, 4459.17084296585]
fps.ltu:[47.89008116781396, 45.085296691837094, 48.072277427310446, 47.6614163009812, 48.84858357525036, 50.533595518387884, 48.997807342274676, 51.26568201977902, 49.84239119854343, 52.9346001467648, 48.85200784677064, 51.27294774743361, 51.699232219967136, 50.79398988211189, 51.01375890133824, 52.15998030456598, 55.08520032243754, 55.472879887429315, 53.14621466075398, 55.311952096712886, 53.651036047170344, 57.16575228800466, 54.95784159496381, 58.168677938240485, 61.109520599345515]
fps.c2:[1.8717650165209545, 1.8440198513207586, 1.8951438474820124, 1.6574110436553402, 1.564267049867781, 1.1306761303843404, 1.7432887383851297, 1.4589585985049474, 1.1199212782084975, 2.9450189587321174, 2.709683463622586, 2.499448538807803, 1.8485251908481903, 1.279356746414784, 1.1892258511725953, 1.2645562987657433, 2.551224500181777, 2.113723942871718, 1.4066000702821257, 2.41090379080384, 1.7799948042326905, 1.242587737990572, 2.0786670267042435, 1.3221735048074286, 1.5174607332585899]
FC:[[3.7737164589340524, 3.8004616464131855, 3.867343025277985, 3.928508083491423, 3.99898402272992, 4.064773688489043], [3.821796207009649, 3.8439853035065994, 3.914407832663353, 3.9773103886929855, 4.051011019282964, 4.1150715530276365], [3.9449840356221917, 3.981566729398508, 4.049883714185072, 4.116757430508686, 4.188414820603191, 4.258245618626367]]
FCE:[[0.029426658508464078, 0.01442835307639566, 0.008986239479481128, 0.007079791015852463, 0.006227321442881622, 0.005696677106536454], [0.02299055309521386, 0.01122524906440523, 0.006803794782499859, 0.0055060080859463114, 0.0048490473125470295, 0.0044367763058149766], [0.019229310268129556, 0.009348637215155503, 0.005800182160273574, 0.004700540974739412, 0.004140848547872775, 0.00371310578864653]]
