Ri:[100, 130, 160]
Zi:[50, 100, 200, 300, 400, 500]
fps.ts:[1842.8284800004958, 5528.485440001487, 9214.142400002478, 12899.799360003472, 16585.45632000446, 20271.113280005455, 23956.770240006445, 27642.427200007438, 31328.084160008428, 35013.74112000942, 38699.39808001041, 42385.0550400114, 46070.7120000124, 49756.36896001339, 53442.02592001438, 57127.682880015374, 60813.33984001636, 64498.996800017354, 68184.65376001835, 71870.31072001933, 75555.96768002032, 79241.62464002133, 82927.28160002231, 86612.93856002329, 90298.5955200243]
fps.e0:[10903.937813897857, 10925.579816850457, 10922.348705402414, 10919.167989605512, 10908.273665316043, 10922.140490824419, 10941.40726962559, 10918.140176769512, 10919.506316237652, 10924.08488001845, 10929.683444515165, 10925.645539406667, 10935.567551834647, 10917.429887578639, 10896.076107497413, 10934.4265386033, 10929.937249861356, 10907.711864456753, 10921.63055612614, 10919.655013080801, 10912.551313825168, 10911.173570940202, 10937.799697300088, 10925.86637264729, 10954.170139615082]
fps.e0u:[13.077082585887394, 12.876005926834944, 13.25303695640669, 13.195566760394488, 13.107868685759513, 13.207878584120094, 13.166517862727861, 13.114242482848448, 12.945521145637992, 13.14890348915274, 13.20937060903223, 13.048401803960775, 13.201256471116393, 13.275365853889856, 13.040485722567555, 12.946714767636838, 13.096997257242622, 13.104203748962712, 12.971365642951435, 13.108995126634284, 13.382945308481286, 13.057500533228444, 13.229898139834244, 13.16246973106309, 13.1627429593164]
fps.lt:[9064.812237786427, 9058.543303380337, 8867.921761366215, 8761.254676869808, 9372.928372820945, 8920.691572540214, 8534.349359272657, 8927.953698442743, 8842.673214518198, 9122.609965990008, 8805.51184244637, 9048.054284556467, 8590.09021080505, 9043.384006425973, 9269.003334183804, 8775.404422057461, 8800.966224694947, 9339.355292318407, 8972.179321692229, 9046.175500643849, 8985.235701685977, 9116.10196932161, 8751.451033661464, 8772.672956260332, 8264.422161914898]
fps.ltu:[295.7223986480864, 291.0707144990169, 287.6413458366391, 279.94843377444, 316.3635835378647, 288.02112405542294, 264.2365095580392, 287.39398213413347, 279.9010470046193, 300.4344829412069, 279.5773082796762, 293.74732820878967, 269.1854555304192, 298.777385971417, 310.2180339402727, 276.09243912826327, 278.9016180289624, 317.2575017175143, 288.63929032921845, 294.4504094741803, 297.34314728737337, 299.21796064205125, 279.2112765354721, 279.3687129641226, 249.48149422887965]
fps.c2:[1.7049351218223892, 1.9764048723984757, 1.1855255674772902, 2.087790539977097, 2.356902431196553, 2.450962675292043, 1.6420684458803316, 2.1156753902661722, 1.415243451872026, 1.24484802580911, 1.5824725792631316, 1.0720120055261715, 2.0235751643506488, 1.2986628955379778, 1.3291496674842938, 1.8114103755481898, 0.8496789387909498, 0.8178346984618879, 3.5009024088738814, 2.9764691943680526, 1.4078807192275364, 1.178807152702549, 2.69015321248857, 1.2147069357657223, 2.0749957757731576]
FC:[[3.7508675350508094, 3.795481092916321, 3.8135011347722854, 3.8579303345340734, 3.9003272747701754, 3.93618929615327], [3.830989828757585, 3.8544451682894714, 3.8822767307417374, 3.9137757662779786, 3.9512317437144464, 3.9867910176806007], [3.9644911430160974, 3.988909992839419, 4.0171102640374405, 4.040974238822441, 4.079011641615606, 4.1155175708300575]]
FCE:[[0.030265985721296417, 0.01856530295553578, 0.011897260756659261, 0.00920643863228198, 0.007632467924291634, 0.006759457350127607], [0.02390263593191078, 0.014077361232622211, 0.008840195487141014, 0.006959464539861688, 0.005917254694502356, 0.005249716384080928], [0.02005269618988212, 0.0116533749881418, 0.007499989844592294, 0.005880969202962017, 0.005010528336624842, 0.004452826303955934]]
