Ri:[50, 100, 150, 200]
Zi:[100, 200, 300, 400, 510]
FC:[[4.050946305158175, 4.064097831108628, 4.080928175121409, 4.118774480569408, 4.142762211274209], [4.029355698318126, 4.064679780439785, 4.103015533053392, 4.146813262077009, 4.177332677952077], [4.1751638771746435, 4.2010760914726335, 4.241862134234574, 4.289250559791338, 4.332084823996566], [4.837033029799198, 4.865002345389302, 4.907446503132718, 4.942991912806318, 4.97629675539679]]
FCE:[[0.0464877658326337, 0.03122444464848885, 0.02520267632150149, 0.02189753970466621, 0.019420015353498334], [0.02273220319895222, 0.015478604843185952, 0.01259815441398618, 0.010970728683259372, 0.009733867859525819], [0.015972667451917128, 0.010854577855943109, 0.008831597597769894, 0.007500342560462482, 0.00650765733793419], [0.014793512229098823, 0.010007582985640778, 0.008092002633504469, 0.007000160390443363, 0.006206425987079528]]
fps.ts:[1601311612.46908, 1601313853.07724, 1601316093.6854, 1601318334.29356, 1601320574.90172, 1601322815.50988, 1601325056.11804, 1601327296.7262, 1601329537.3343601, 1601331777.9425201, 1601334018.5506802, 1601336259.1588402, 1601338499.7670002, 1601340740.37516, 1601342980.98332, 1601345221.59148, 1601347462.19964, 1601349702.8078, 1601351943.41596, 1601354184.02412, 1601356424.63228, 1601358665.2404401, 1601360905.8486001, 1601363146.4567602, 1601365387.0649202]
fps.e0:[9878.126461804592, 9839.689911542639, 9861.243578142583, 9840.426188899764, 9840.503838384995, 9865.288689306602, 9839.17587054434, 9889.400065673819, 9856.48629141587, 9842.16347085297, 9832.973042790463, 9840.74697586517, 9824.994923042566, 9851.362011546113, 9863.938230195592, 9856.5096172662, 9854.366789469083, 9873.492826827991, 9850.907019725386, 9826.57632059463, 9860.803736063503, 9847.189052197982, 9879.951438959266, 9839.873115091965, 9870.153948530256]
fps.e0u:[20.158769249487936, 19.783100880598393, 20.091248715620438, 20.21036984519024, 19.86435921079768, 20.351397150764186, 20.10485758485983, 20.226901544564015, 19.935920398266738, 20.035545164613968, 20.28679211453073, 20.278922415522086, 20.19198850927517, 20.08623996886583, 20.009658731061556, 19.99413906781579, 20.043890691650596, 20.14598445265967, 20.170006440005647, 20.112865227185825, 20.024632412342687, 20.239418677263924, 20.323148169229718, 20.44722685018947, 20.080264619908895]
fps.lt:[11175.507926568258, 13145.71464570079, 11551.6897016357, 13349.454923210706, 12473.232359448491, 11489.9070718861, 13322.841690225629, 10810.657362066515, 11557.77514588538, 12066.849510276881, 12997.562214639882, 13194.73377611824, 12626.431068279706, 12305.857812971795, 13301.558907084727, 12452.287114178293, 11831.021565356508, 11666.83653209182, 12275.877122463842, 13043.428440534915, 11619.860848720153, 12395.94855178301, 11194.153478152908, 13240.158414828795, 11392.434872720904]
fps.ltu:[763.0349073035396, 1049.370639084737, 823.1453779032021, 1094.2721146297263, 943.518458988202, 820.2074118072051, 1085.4916231295795, 721.5227839877425, 816.2278542543688, 895.3308846788491, 1039.4326056159948, 1072.789672594865, 982.7738826926605, 927.4622293906937, 1068.7988218799942, 945.2725553439294, 859.3355694279696, 832.7185642307331, 925.9627299343264, 1042.4440767102208, 824.5549043455005, 952.1607892277354, 771.1411818083362, 1087.2762145265249, 795.0185003868755]
fps.c2:[1.5713265379037284, 0.7306611110175901, 0.9501229020963529, 1.6063728606058232, 1.0946143536468642, 0.632010911924782, 0.693772750453135, 2.31162808693414, 1.3737974344300439, 0.6943636728991662, 1.1903158296958263, 0.9718960947007252, 0.7485384215304648, 0.9004561421436127, 1.5732219608270002, 1.0778113935264733, 0.5649685417747082, 0.7980563195495325, 0.7078481317321287, 0.9524447879228037, 0.7850462238262128, 0.9654707760333816, 0.9612673428980032, 2.022733788653378, 1.785464956769359]
