Ri:[100, 130, 160]
Zi:[50, 100, 200, 300, 400, 500]
fps.ts:[1422.9736600017548, 4268.920980005264, 7114.868300008773, 9960.815620012283, 12806.762940015793, 15652.710260019303, 18498.65758002281, 21344.604900026323, 24190.55222002983, 27036.499540033343, 29882.44686003685, 32728.39418004036, 35574.34150004387, 38420.28882004738, 41266.23614005089, 44112.183460054395, 46958.13078005791, 49804.078100061415, 52650.02542006492, 55495.972740068435, 58341.92006007195, 61187.867380075455, 64033.81470007896, 66879.76202008247, 69725.70934008597]
fps.e0:[10078.41646504404, 10131.171137483636, 10112.503548270588, 10105.148272459342, 10143.398151480409, 10133.523404777841, 10154.82471974951, 10143.126781746503, 10158.471361398226, 10098.756595391307, 10141.298872234622, 10123.682276219846, 10145.316768309705, 10146.529877056933, 10113.673954503774, 10125.25609000508, 10134.526284001571, 10164.875221737819, 10128.318756453295, 10142.148489857513, 10165.439402189695, 10134.959472648452, 10145.877379897567, 10142.018645779484, 10175.095960503982]
fps.e0u:[16.942580632907106, 16.941243155701592, 16.964402943219056, 17.140151191941577, 17.327662334398067, 17.125960342179795, 16.999970467693778, 17.01852400182267, 17.09370721773587, 17.41553692088314, 17.12887705435002, 17.191431355400855, 17.17542340903378, 17.193679596308698, 17.437449526073028, 17.186326091150534, 17.2051181119643, 17.38016275971378, 17.199070380362333, 17.178570804932818, 17.365013976138748, 16.93460944639215, 17.254649819201934, 17.417013785625883, 17.531621843164242]
fps.lt:[6684.205937515997, 6818.869781302288, 7098.561163023654, 7344.650965348473, 6903.368148556211, 7252.494454703208, 6748.37662988978, 6906.169620663875, 6628.173447112899, 7748.093732311184, 7014.173198359288, 7309.46837579725, 7128.7154137494435, 7065.025907594114, 7365.102175786973, 7057.257733964655, 7160.95900043026, 6844.438691136368, 7178.652773877462, 7154.498549659425, 6630.538041522896, 7243.941280454104, 7019.6293606500885, 7034.264112914146, 6581.072839424879]
fps.ltu:[223.21600443057955, 231.96289279160197, 253.60254532789244, 270.4977235640959, 240.78044658064144, 263.82317522441394, 227.4644442363885, 235.31377175729338, 219.069869818829, 303.768912151604, 247.03531048190536, 269.56573928415986, 254.1535963340613, 251.52027315612298, 275.90593376248916, 250.35382071858675, 256.6716484131438, 235.98711547469168, 257.0524760107211, 257.38129824144966, 220.89184919913944, 260.89900054162297, 249.4198007749449, 251.46591333395705, 219.5517965298766]
fps.c2:[0.9009293402260017, 1.2832777440417833, 1.411034067246918, 0.6316339738049386, 1.969356178008546, 0.5125005064689486, 1.004886438039042, 2.0055784838237787, 1.0820285126498652, 1.1389919424948598, 1.2614405796049435, 2.472599957499884, 1.8420086309298216, 1.1288811421352125, 1.723396660963302, 0.9892959679935145, 1.719875769732218, 1.4534269811322345, 1.4672340217064481, 1.621533429198878, 1.7480246164902746, 1.809139796148616, 1.308649617153899, 1.1462631100421439, 1.9832930489231893]
FC:[[4.160951551410345, 4.03548949664285, 4.110339154022103, 4.198951331381823, 4.294256281367316, 4.380022032849353], [4.151605281491837, 4.053089994699162, 4.135389813068286, 4.218212855244658, 4.325864724178766, 4.417667692367488], [4.278888147840158, 4.222720880729903, 4.27260311932192, 4.354877766240588, 4.456083689909759, 4.557782295938019]]
FCE:[[0.05143535102385133, 0.02868049887092836, 0.017956676438973133, 0.01380371185521632, 0.011748835417134462, 0.010475067993992353], [0.039355273765496024, 0.02182322361414275, 0.013681564647575256, 0.01052840250692013, 0.009038412469706585, 0.008091235166338188], [0.033159647413323876, 0.018375348057791476, 0.011099615338859576, 0.008722936770667534, 0.007471757293970537, 0.00658880188280701]]
