Ri:[100, 130, 160]
Zi:[50, 100, 200, 300, 400, 500]
fps.ts:[1543.5219199991227, 4630.565759997368, 7717.609599995614, 10804.65343999386, 13891.697279992104, 16978.74111999035, 20065.784959988596, 23152.82879998684, 26239.872639985086, 29326.91647998333, 32413.960319981576, 35501.00415997983, 38588.047999978065, 41675.09183997632, 44762.135679974555, 47849.17951997281, 50936.223359971045, 54023.2671999693, 57110.311039967535, 60197.35487996579, 63284.398719964025, 66371.44255996228, 69458.48639996053, 72545.53023995877, 75632.574079957]
fps.e0:[10867.46925107714, 10889.184688022628, 10870.085334653653, 10879.163009781088, 10875.502678151397, 10867.791574968467, 10860.539769516232, 10898.80541204748, 10888.934270256197, 10878.513001807814, 10875.730458872544, 10886.206566310144, 10892.081980139354, 10888.808394122027, 10899.841303825755, 10883.290249916063, 10897.631308202803, 10878.322642954172, 10868.701623061279, 10884.970935984307, 10859.93271943912, 10883.715276914942, 10893.42601740345, 10900.033715654603, 10895.95868960473]
fps.e0u:[10.978885476327406, 10.907122615438325, 11.057063991416834, 11.04543906157763, 10.967194517370038, 10.99138751189668, 10.982680957488643, 10.987707930402722, 10.91075037111677, 10.95026160055808, 10.955029874997553, 10.965233624611415, 11.007783499999233, 10.988399532681012, 10.986469528138093, 11.053250664426207, 10.963067811823047, 11.094405635738612, 10.973710548666356, 10.878087607818745, 11.015186221184994, 10.95455760088293, 11.105909783093512, 10.97470696902845, 11.138748740692984]
fps.lt:[6298.461109727565, 6095.72708969603, 6261.731105901195, 6199.995175210675, 6249.987850785675, 6374.6252216240255, 6436.983380928186, 6062.625459149388, 6131.644532896778, 6271.728290145958, 6340.544757129863, 6107.129685805124, 6100.47346043992, 6145.131306772641, 6012.8901905884795, 6217.267506734098, 6122.41770762429, 6212.177289590135, 6393.227538185083, 6258.488793259501, 6412.97297139332, 6169.877370726053, 6132.751431501196, 6091.611534330903, 6178.689616664661]
fps.ltu:[119.43749124731735, 110.90461395992247, 118.32734578922391, 115.99238886866063, 117.46785538181459, 122.09624567819085, 123.72675932156693, 110.25418848842969, 112.05370064431332, 117.4999363283644, 120.43424085439378, 111.91133185589052, 112.27580461858268, 113.49337656759262, 108.29250227843599, 116.59486616877919, 112.18362196164196, 117.10455744546108, 122.7272551214079, 116.53769381154042, 123.69853034350353, 114.66014970324281, 114.01983172428004, 110.84446260093017, 116.484608552882]
fps.c2:[1.1415855670882202, 3.516698036747727, 0.968364210084551, 2.0334774543398995, 1.3843870616180352, 1.6365839612920008, 1.5824053832400646, 1.7461880154806801, 1.6384618531080812, 1.1394523512291432, 2.7244455180194174, 1.8742029731270027, 2.6439128647241024, 1.9283940909142043, 2.9226349224750576, 1.7982083697861149, 1.7728017452164548, 2.6530213057475796, 3.1266403307951216, 2.8958486427035575, 3.2640459023381867, 2.996041280838319, 1.4647254763001778, 2.6242137300743598, 1.6767711286542981]
FC:[[3.7598994730533213, 3.8071893849501555, 3.86090464786592, 3.9266738478394227, 4.003038294957235, 4.084034242721374], [3.7969795682992844, 3.85178107652003, 3.907208903042995, 3.9735635565810528, 4.052084507284948, 4.133747331042859], [3.922218075248398, 3.975678613062939, 4.03134693466462, 4.098280670229225, 4.17736523175082, 4.2580536231040576]]
FCE:[[0.029126898090937943, 0.015724570380491354, 0.009765634488887339, 0.0076776205625362325, 0.006409367932317863, 0.005747541082263611], [0.02256966826079128, 0.012179926805892345, 0.007557032105359528, 0.005955232665863671, 0.004979619913564804, 0.0044737865265705445], [0.01910611125574249, 0.010439796148817005, 0.006244380390664715, 0.004915874632324976, 0.004222441586912855, 0.003702457255148572]]
