Ri:[100, 130, 160]
Zi:[50, 100, 200, 300, 400, 500]
fps.ts:[1796.386399998665, 5389.159199995995, 8981.931999993325, 12574.704799990654, 16167.477599987986, 19760.250399985314, 23353.023199982643, 26945.795999979975, 30538.568799977304, 34131.341599974636, 37724.114399971964, 41316.88719996929, 44909.65999996662, 48502.43279996395, 52095.205599961286, 55687.978399958614, 59280.75119995594, 62873.52399995327, 66466.2967999506, 70059.06959994794, 73651.84239994526, 77244.6151999426, 80837.38799993992, 84430.16079993725, 88022.93359993458]
fps.e0:[10745.90706663859, 10760.129701708613, 10765.23563752509, 10776.415138551345, 10765.747000989908, 10754.752091596863, 10755.960636954023, 10762.006484935242, 10787.139614832222, 10783.864815026333, 10789.902229692902, 10760.849017241097, 10746.719868703414, 10772.15021631431, 10749.577518017011, 10771.370172330195, 10766.161906973151, 10779.269837603104, 10779.671037815782, 10801.235772705859, 10784.399941299294, 10783.094050215255, 10779.511208850443, 10761.017102524433, 10782.688703673008]
fps.e0u:[11.362102967165049, 11.534342060356847, 11.433486655475537, 11.38329184892548, 11.364055571435847, 11.356316106217125, 11.362838237941377, 11.44370293505493, 11.49890609660478, 11.394324555114958, 11.3549671286347, 11.555389511855173, 11.498690878903595, 11.303791741382607, 11.320467607093937, 11.471000209278403, 11.444712123192744, 11.415948917518143, 11.47711497008009, 11.350342914299047, 11.468023730746738, 11.495716304590939, 11.40257220820272, 11.398375513987506, 11.4899513191963]
fps.lt:[3377.983583558784, 3306.4054713613796, 3287.1140873600566, 3258.839484973802, 3264.5828431977375, 3299.578663644332, 3257.610528613151, 3274.408827619496, 3214.7481315107048, 3216.4111527065975, 3180.785016381408, 3258.296023736976, 3273.867437551209, 3217.2510503962963, 3284.947268107606, 3203.5515950434446, 3224.7828112424204, 3216.951012833786, 3201.889792674112, 3134.395147533055, 3186.630883102316, 3201.9101191009854, 3241.4828414683525, 3288.7363416378935, 3211.584125458173]
fps.ltu:[37.81402630021318, 36.78992709992271, 35.98885755236586, 35.50646923278351, 35.52270127136139, 36.19109742587246, 35.28629823949747, 35.8596169820353, 34.571401184601704, 34.453174149957384, 33.61171042266718, 35.635731013918445, 35.99769726217158, 34.27816709330301, 35.63700536174857, 34.29031041914698, 34.584879279627245, 34.673075382183285, 34.29981799223914, 32.739140077810546, 33.90534988540707, 34.35811281793405, 34.93808156733889, 35.800247238049764, 34.406379368269434]
fps.c2:[2.5852196339424416, 0.8886946555827742, 1.3595213474238124, 2.5658282808935224, 2.469468064972172, 1.8297100751953363, 1.1839052791141729, 1.6844579285995243, 0.6918574100811617, 1.5910162152890521, 1.1393778602638351, 0.9522814070951567, 2.029610040660059, 1.9973795834615684, 1.1538740575740056, 1.5240849989534364, 1.2074501593863032, 2.207836989574911, 3.2167137269200614, 1.8151803963415132, 1.9300787908154118, 1.5151603156114866, 2.052754111143317, 1.6715145991340383, 2.0485618925497424]
FC:[[3.7319091737547097, 3.8075723660707306, 3.889805780143756, 3.97779351625792, 4.054839213960456, 4.132070886703371], [3.7791398826220433, 3.854847319357463, 3.9366973880333576, 4.025239640359541, 4.100995858058524, 4.180952080569316], [3.933038973383052, 4.002207420782673, 4.075274971419538, 4.1550100668137855, 4.231292880824715, 4.310956377044835]]
FCE:[[0.03032576617441717, 0.014905234780147573, 0.009316411052387988, 0.007636318746688644, 0.006562956460368507, 0.006027981797976563], [0.024147790106833072, 0.011753173528074035, 0.007287984382928854, 0.00582066668879168, 0.005132374134666274, 0.0047240800833650036], [0.021427977040054374, 0.009941955844224375, 0.0061102299394813365, 0.004972849774399304, 0.004286641196916114, 0.003936589162973634]]
