Ri:[100, 130, 160]
Zi:[50, 100, 200, 300, 400, 500]
fps.ts:[1145.9986800003053, 3437.996040000916, 5729.993400001526, 8021.990760002137, 10313.988120002748, 12605.985480003357, 14897.98284000397, 17189.98020000458, 19481.97756000519, 21773.9749200058, 24065.972280006412, 26357.96964000702, 28649.967000007633, 30941.96436000824, 33233.961720008854, 35525.95908000946, 37817.95644001008, 40109.953800010684, 42401.9511600113, 44693.94852001191, 46985.945880012514, 49277.943240013126, 51569.94060001374, 53861.937960014344, 56153.935320014956]
fps.e0:[10987.23464177135, 11039.827108632197, 11015.400920183087, 11078.41781650556, 11065.361141631734, 11083.555683296438, 11120.484704309098, 11157.176964136712, 11164.478851944468, 11170.04665501204, 11145.211317489202, 11185.41471320391, 11200.796354283058, 11222.015497487439, 11216.791977228188, 11249.444170853383, 11233.285914644759, 11242.292084122071, 11232.85992763096, 11257.610857865144, 11220.277006391168, 11266.377037382706, 11239.104559519299, 11245.082218619067, 11263.284135458873]
fps.e0u:[15.244392557026558, 14.156036271780279, 14.470389963140368, 14.269138384701327, 13.93958228975726, 14.147579503181571, 14.35464656978496, 14.400383879672114, 14.462599726145513, 14.359388522815559, 14.198941848733515, 14.377634719773328, 13.98792550756781, 14.618812304745536, 14.309817753909881, 14.212850302620549, 14.04646920981813, 13.984242321739378, 14.182021593974747, 14.318884902914922, 14.652199572606593, 14.088792393869904, 14.188259497639688, 14.212210693712453, 14.392029434964883]
fps.lt:[3012.3481173366886, 3048.953488625397, 3127.3527701670278, 3031.0223662622493, 3183.349905544378, 3210.177444442709, 3177.9150269759907, 3164.1047117888907, 3160.1694031178313, 3242.144667125141, 3326.64049677275, 3232.384379596701, 3222.9376864642186, 3224.39155614727, 3324.156572019932, 3250.1328289610983, 3364.324764159966, 3347.2547269424535, 3400.992277190367, 3333.6803665953003, 3478.819218301322, 3402.2195894103716, 3559.629478624616, 3516.36653672677, 3506.9725454571753]
fps.ltu:[40.61072681711123, 37.745370900037194, 40.49626398098884, 37.21918872808246, 40.08408648618581, 41.39373641601317, 40.68145998129276, 40.3731136172846, 40.527078114558236, 41.867733621664904, 43.53233382966708, 41.997703342460944, 40.57817859379782, 42.335102715361465, 43.58864392736446, 41.61712163491, 44.15822633721244, 43.98940642873098, 45.97913157186087, 44.346708612173714, 49.36342498922481, 44.957762916233, 50.226012744281356, 48.9855905414987, 49.051795127764485]
fps.c2:[1.250494882823297, 1.742265971291632, 1.2803597736090457, 1.134081998370352, 1.365910165089306, 0.7990525395797655, 1.1993933230310592, 2.9104738951143387, 1.4027150049238055, 2.613539670475991, 2.2374735502236365, 1.655609618402233, 2.6036846523687553, 1.2301460834328224, 0.6785813955688063, 1.8966135359120035, 0.6845879096677389, 1.5095427200780118, 1.3125141840844186, 1.7439783700527032, 1.4560942168601823, 1.5605468514506187, 1.9774879915082555, 0.8853801152671518, 1.756204973635916]
FC:[[4.213441285941208, 4.289897410835777, 4.421635601024978, 4.610904225252926, 4.771662615650764, 4.903516591388948], [4.2478537745557645, 4.316942072673829, 4.470867533811118, 4.65560595441905, 4.813884582453076, 4.950495862412407], [4.374979946908242, 4.442421709946384, 4.620937057423229, 4.788046888205725, 4.956617815041348, 5.090344120480136]]
FCE:[[0.04189376043417195, 0.021463043926584668, 0.013807643419597677, 0.011193897496404573, 0.010082984246898795, 0.009367161108668061], [0.03290971707557191, 0.016576107543630297, 0.0107012761549828, 0.00866461942627083, 0.007816053192907377, 0.007170610989224717], [0.028038185166809542, 0.01411380040665168, 0.008799999662026709, 0.0073274419028431965, 0.006527580359612218, 0.005978450378581655]]
