Ri:[50, 100, 150, 200]
Zi:[100, 200, 300, 400, 510]
FC:[[3.9755567543582453, 3.9609330986592433, 3.9707550844592947, 3.999288088546486, 4.0378303559897715], [3.958261192849491, 3.999533671649658, 4.020275814860325, 4.04949103520643, 4.07615503655683], [4.115738568487755, 4.1448788356065345, 4.170052722158092, 4.196099740569585, 4.22427545212895], [4.748731924266752, 4.785791173736589, 4.8353877740653814, 4.861754992857665, 4.882668395084253]]
FCE:[[0.04267878014484071, 0.029564430103471026, 0.02334863615397635, 0.02001946166555077, 0.017628946212568393], [0.02150767367639143, 0.014924905175535004, 0.012028584143406691, 0.010349390891938507, 0.009142376963347422], [0.015195490743439241, 0.010364650129653824, 0.008346486589313145, 0.007200801725844862, 0.0063747698570554], [0.014205626312897074, 0.009678075470662224, 0.007739484457944071, 0.006682080116353044, 0.005898541052462675]]
fps.ts:[1607364218.52368, 1607367669.12304, 1607371119.7224, 1607374570.32176, 1607378020.92112, 1607381471.52048, 1607384922.1198401, 1607388372.7192001, 1607391823.3185601, 1607395273.91792, 1607398724.51728, 1607402175.11664, 1607405625.716, 1607409076.31536, 1607412526.91472, 1607415977.51408, 1607419428.11344, 1607422878.7128, 1607426329.31216, 1607429779.9115202, 1607433230.5108802, 1607436681.1102402, 1607440131.7096002, 1607443582.3089602, 1607447032.9083202]
fps.e0:[10009.165740569731, 10002.367937064191, 10016.250537656717, 10004.656051569213, 9963.862817173402, 10007.95907422144, 10007.771489817544, 10036.020998116926, 9988.416622999872, 10016.969625345318, 10032.655118520835, 10023.778492134948, 10009.43101175646, 10037.827268380126, 10035.93654557998, 10015.949113648392, 10029.802917264735, 9991.016244992576, 10015.985558993278, 10029.389636399712, 10011.284264740038, 10032.487697503031, 10036.73510213441, 10031.69044383675, 10050.496470838134]
fps.e0u:[20.094685441538303, 19.82733051702625, 20.373124299966392, 19.63526123597394, 19.80643091426105, 19.491458214163774, 19.964391239468895, 19.421131130043634, 19.849655189745217, 19.984488916759805, 19.889636033800855, 19.610021202846188, 20.07075369182229, 19.79312954996347, 19.862528753348986, 19.888802139236248, 19.939759181148474, 19.861668696022868, 19.443389492516715, 19.91333609733419, 19.810336012558487, 19.765364887876313, 20.073370035666976, 19.510299808698335, 19.838646526349937]
fps.lt:[17003.65441109149, 19799.45386501306, 16844.579148827666, 21033.189062603367, 24135.85740196934, 18367.288827736334, 19028.995884422777, 16461.155884130927, 21917.33467674958, 18309.006847128, 16877.56363836476, 18810.72335675988, 19247.159754258075, 16868.391864661222, 16367.36250728247, 18835.167260456223, 16259.8028839667, 20132.447976876338, 18896.3118628692, 16827.45799210633, 18276.669032118363, 16287.825468887997, 17125.235282486432, 17920.90131411389, 15621.536703258962]
fps.ltu:[1738.4574531722906, 2319.397048661983, 1717.7725670069121, 2595.301287329217, 3466.818360485769, 1985.4368566210144, 2165.433096882659, 1572.5639834705562, 2880.504774563194, 2010.3461399393414, 1700.0577385675247, 2066.2264446656764, 2223.282174988337, 1691.9799676462283, 1592.3139155806844, 2101.5544564822103, 1579.8627958609488, 2429.764325157838, 2095.1090656665897, 1701.6641878475882, 1987.4475324755317, 1578.9146862457385, 1752.5066425328828, 1880.3671592122173, 1453.1340997701086]
fps.c2:[1.1194230988142766, 1.7404726506892518, 0.6929408927657276, 0.9728149635454952, 1.7601484619688301, 1.2388134242267321, 1.2329965637057716, 2.102254688627444, 1.576838412583426, 1.8080110832398912, 1.1180200676208574, 1.2221920230948033, 2.1944575681518885, 1.1653937457159718, 2.3054682249699257, 1.0159851331462268, 1.1420266622614745, 1.6716960434556023, 1.6192356247659132, 0.7056397624396806, 1.3317571527824452, 1.468093259834236, 0.9823168429131319, 2.0151635394884697, 1.420899234500337]
