Ri:[100, 130, 160]
Zi:[50, 100, 200, 300, 400, 500]
fps.ts:[1628.2815600013732, 4884.84468000412, 8141.407800006867, 11397.970920009613, 14654.534040012359, 17911.097160015106, 21167.66028001785, 24424.2234000206, 27680.786520023343, 30937.349640026092, 34193.912760028834, 37450.47588003159, 40707.03900003433, 43963.602120037074, 47220.16524003982, 50476.72836004257, 53733.291480045315, 56989.854600048064, 60246.41772005081, 63502.980840053555, 66759.5439600563, 70016.10708005905, 73272.6702000618, 76529.23332006455, 79785.7964400673]
fps.e0:[10905.434376440382, 10873.987286480648, 10914.857288369978, 10882.133140742086, 10879.084293055059, 10889.275235271198, 10885.209817378756, 10888.932428207863, 10875.829914688959, 10866.488496886459, 10878.987944427934, 10918.670961503036, 10872.713796875722, 10897.764134077403, 10876.862948780868, 10894.558396800343, 10888.969206491143, 10918.817494815517, 10878.725203359809, 10871.594317890434, 10893.99280804139, 10883.692753397474, 10880.445640902377, 10885.03500363839, 10865.273172804526]
fps.e0u:[16.297517786619608, 16.481466248246143, 16.364672840743193, 16.474764222433198, 16.369317281860837, 16.855825636586278, 16.66028125290649, 16.386009653886084, 16.458063310709836, 16.60059185062636, 16.45444128232456, 16.476221281320914, 16.531262427060334, 16.260242030454823, 16.49666673007443, 16.59931500087937, 16.728678540959226, 16.416863815526515, 16.506625820275353, 16.323949183525716, 16.69489992462381, 16.40040463213322, 16.50008718555013, 16.525694286926576, 16.459276423767918]
fps.lt:[11532.533088086175, 12729.551132038832, 10776.823069393102, 12789.824506190802, 11914.154263027227, 11599.473760210685, 12189.394403029588, 11598.779843040451, 12631.392899820117, 12992.53250999988, 12411.036140524862, 10831.745306517987, 12621.137257594224, 11399.512373462709, 12718.765285600677, 11328.79892601258, 11683.521569597195, 10979.954523038898, 12455.678009628828, 13082.00994347961, 11975.058500885623, 12297.174807784779, 12084.37160045585, 12291.340058833835, 12831.65092209882]
fps.ltu:[601.1179844501717, 735.2667031060925, 526.997833373955, 746.3009137624105, 637.1470849587818, 621.738026157628, 683.1185174058519, 605.4483261107558, 727.38383631091, 771.6530400700402, 701.4376421902344, 529.8362513483719, 727.1299817433995, 583.7046642928398, 736.814562905177, 585.8831551649486, 628.0389709550253, 545.6167285390917, 705.5225166507771, 770.8151295770762, 665.9145103860195, 688.1352267565373, 666.7717914410928, 689.1770667137981, 753.2406704668936]
fps.c2:[0.45654904482602565, 1.5480117805721247, 0.7962528977881345, 2.2193821477160016, 1.9178334869447193, 1.5029026021379062, 2.2296027009057338, 0.5293349655776862, 1.989543821222442, 0.9011052940676738, 1.8565316847797453, 1.3273909157886115, 1.8130299182145941, 1.0805939665789652, 1.2013159622441938, 0.9011451351207549, 1.3311108374854763, 0.4872716783978065, 0.9938031890658603, 1.5127887671127382, 1.151534058111255, 1.0814490825447687, 1.5267346068334235, 1.1206798008455086, 2.1538438178013153]
FC:[[3.832311404799513, 3.826083859934067, 3.8627116328212443, 3.8885894353233876, 3.920225201648719, 3.945908176777872], [3.9002628330339615, 3.881456933800809, 3.9204357237559155, 3.949248328558404, 3.9801611576424265, 4.0057473194236], [4.040896426982947, 4.029725543483647, 4.056668024070045, 4.08441925028675, 4.109409232824072, 4.136711396206561]]
FCE:[[0.036693575209420154, 0.022428852390325712, 0.014978851720969306, 0.011867099266385801, 0.009815622710721695, 0.008629140046932184], [0.02843734969478448, 0.0174695050051819, 0.0116537054666417, 0.008984869438791262, 0.007646987346148293, 0.006743164381587587], [0.024308374038969266, 0.014568970888844547, 0.009649618339913787, 0.007642501572987786, 0.006503270273330933, 0.005754399110821991]]
