Ri:[50, 100, 150, 200]
Zi:[100, 200, 300, 400, 510]
FC:[[3.863417565678995, 3.8640135441410925, 3.902460763194109, 3.9150328033950865, 3.9358479386706375], [3.840281864607172, 3.875084588520884, 3.9111806603262025, 3.9339092204386974, 3.956977167006858], [3.9286017210181243, 3.9555997991259373, 3.988112012028871, 4.019087968860731, 4.047223901857769], [4.280841899590144, 4.329942212446288, 4.371642668431891, 4.402931057553129, 4.425154693253207]]
FCE:[[0.02487462027562296, 0.017103870756159125, 0.014082719179116509, 0.01226221317258378, 0.010866733216031377], [0.012358182241176333, 0.008552840834300083, 0.0069995353645624005, 0.006096319487918684, 0.005410697914321482], [0.008556176299507503, 0.005873317103768314, 0.004787584906464242, 0.00406102018780802, 0.0035124292223073627], [0.00687252919242643, 0.0047209631881304035, 0.003832545745553494, 0.0033159143343925277, 0.0029534610710838416]]
fps.ts:[1611588335.68292, 1611591739.62276, 1611595143.5626001, 1611598547.50244, 1611601951.4422803, 1611605355.3821201, 1611608759.32196, 1611612163.2618003, 1611615567.2016401, 1611618971.14148, 1611622375.0813203, 1611625779.0211601, 1611629182.9610002, 1611632586.9008403, 1611635990.8406801, 1611639394.7805204, 1611642798.7203603, 1611646202.6602, 1611649606.6000404, 1611653010.5398803, 1611656414.47972, 1611659818.4195604, 1611663222.3594003, 1611666626.2992404, 1611670030.2390804]
fps.e0:[11194.024280048501, 11321.86813834571, 11389.155219874036, 11425.936508069919, 11461.14231949664, 11495.78176973313, 11481.418788950352, 11492.329080859006, 11464.789792394246, 11459.492512333989, 11470.241813550552, 11461.329441191841, 11496.0445318424, 11468.157524803448, 11449.854408589621, 11448.09594346545, 11448.151376888945, 11437.281232320747, 11434.316513241525, 11423.54887634072, 11454.698228749654, 11456.493348399723, 11449.71847651043, 11424.295782831545, 11389.462694789758]
fps.e0u:[39.80700371854506, 21.49686856882713, 15.97486978208788, 13.98373760153055, 13.156159610042069, 12.602302841572316, 12.466765906195329, 12.137442806209595, 12.076562534122361, 12.14163412023013, 12.05285084783495, 12.13055826124511, 12.136582796896342, 12.06825075950912, 12.062547297763363, 12.135534019445478, 12.058186668355068, 12.210072401490121, 12.264812249277165, 12.179560344983967, 12.190705952404, 12.24969161698123, 12.145709934858065, 12.351616104679772, 12.508602622847466]
fps.lt:[18311.342318268962, 15407.332059080487, 17114.283057107066, 18740.244572598116, 17219.019506378, 16236.25468729718, 16874.634566781508, 16678.95815539161, 18753.260945129707, 18120.30056690643, 17603.475503306112, 18232.76187177295, 15944.558767196435, 17069.57181153024, 18506.2669750856, 18328.739488811578, 17905.540748672458, 19416.123400248307, 18790.165942868218, 19000.834770536738, 17122.937948579347, 16639.027099418672, 16465.815563936478, 16955.386275655237, 19866.525511226766]
fps.ltu:[3661.7245298759217, 1364.4445485973768, 1251.555642879546, 1304.7810346840233, 1035.9947363780664, 877.7123260600758, 942.7542702829447, 896.0409486073806, 1121.5031683276502, 1052.190920673053, 987.746147031476, 1061.174862435637, 811.4302027886544, 928.8609178919329, 1093.8167333265503, 1074.5527815901924, 1023.4606037183664, 1210.875447954326, 1144.6982372001894, 1164.3786249164873, 948.1584693084043, 894.2853130238346, 874.4559620854101, 941.056096472969, 1310.5884881249629]
fps.c2:[2.2192802172759487, 4.153742803951221, 4.32163026157051, 3.376861552249884, 2.1142699634765862, 1.790003737090713, 1.6050115829327978, 1.860039443855212, 1.849877926194615, 1.0736654777821626, 1.8029384797229429, 1.7680577552851289, 1.3177891695020671, 1.968102073083112, 1.010243400769857, 2.1354614658552333, 2.3294295891557617, 2.6326692144958943, 1.8700286901023853, 2.8169620654235747, 2.6801202710748813, 2.3415813077004133, 2.456108448734578, 1.7899281618629637, 2.6211539630964995]
