Ri:[50, 100, 150, 200]
Zi:[100, 200, 300, 400, 510]
FC:[[3.916619319038586, 3.944407744132817, 3.9709259389580644, 3.9872117395126536, 4.022166399079684], [3.9627114488786583, 3.9853600943369956, 4.006361621333109, 4.031285688800679, 4.06447620229393], [4.062257020158416, 4.087998590786846, 4.125750933864557, 4.155339071455073, 4.186260209788057], [4.408862791000963, 4.451413933159904, 4.5008933140493665, 4.53840179649908, 4.561485653476149]]
FCE:[[0.028624071795642983, 0.01970998803016168, 0.015852439977130692, 0.013580460070767195, 0.011943244199885454], [0.014068473957577179, 0.009612711720583911, 0.00770505003291095, 0.006627436928417029, 0.005794541326931265], [0.009646098173048269, 0.006559981920617151, 0.005246094536620483, 0.004517570138857149, 0.003988968885365013], [0.00816367596341842, 0.0055508703258277765, 0.004480661160971215, 0.0038614841543743407, 0.0034254631206937394]]
fps.ts:[1623062742.3127203, 1623066200.3361602, 1623069658.3596, 1623073116.3830402, 1623076574.4064803, 1623080032.4299202, 1623083490.45336, 1623086948.4768002, 1623090406.5002403, 1623093864.5236802, 1623097322.54712, 1623100780.5705602, 1623104238.5940003, 1623107696.6174402, 1623111154.64088, 1623114612.6643202, 1623118070.6877604, 1623121528.7112002, 1623124986.7346401, 1623128444.7580802, 1623131902.7815204, 1623135360.8049603, 1623138818.8284001, 1623142276.8518403, 1623145734.8752804]
fps.e0:[10395.504488428072, 10689.523725599814, 10737.744839339586, 10754.43798596992, 10744.717655206034, 10729.125024915062, 10754.554834062832, 10724.882752458823, 10738.651203217021, 10737.506471952463, 10745.22803172834, 10711.896882050005, 10736.211949163026, 10717.084257619317, 10717.152075583625, 10714.297425746241, 10690.591912733393, 10712.057227961306, 10713.545396893413, 10702.22297987059, 10715.405557650705, 10710.572424755926, 10732.523945068779, 10708.631190138758, 10683.376940457643]
fps.e0u:[11.26189200700499, 11.51594694802679, 11.455223226375368, 11.51077445964053, 11.790379065507194, 12.254990778433699, 12.63819530819348, 13.244608441255481, 13.538318761691864, 13.753376507184717, 13.937241874564409, 14.163181191933013, 14.455930817707856, 14.41123623547234, 14.311248134174523, 14.43630345714163, 14.40014108656911, 14.584543930923395, 14.553728279991434, 14.559060699606258, 14.529100678947263, 14.54189092511053, 14.728026248930265, 14.50454762522398, 14.629328996044917]
fps.lt:[12622364810.266253, 22599.58491362292, 20891.02064160313, 20379.07869000879, 21505.673302309373, 22354.74694998255, 19402.267110970846, 22700.91006770532, 19797.66701367832, 20043.207165648026, 21203.079915849485, 26483.888690290984, 19515.844961186314, 24359.426041617466, 23816.782272393135, 21825.836576773163, 26108.94037733185, 22629.989938186234, 22628.0348511896, 24624.63314450849, 23037.185084798613, 22967.322138435786, 19595.53153509634, 23863.232710079632, 27848.817666946754]
fps.ltu:[513306056053456.2, 1658.1731844636868, 1404.2061762254664, 1344.1748939329646, 1528.644486681994, 1729.1235710819308, 1340.9204703809546, 1910.4479628395088, 1496.9332463237226, 1557.132956174155, 1759.2774116917788, 2785.3946611557585, 1547.1681900801839, 2402.7610940983645, 2289.809076775249, 1940.8080244364166, 2762.13877658688, 2099.699358979338, 2117.646321305046, 2483.121092500681, 2156.512265402417, 2162.8689086735967, 1595.4547196978142, 2331.0860703927347, 3202.859283263014]
fps.c2:[23.515906053526166, 2.563009448314686, 2.789486611077607, 1.4775354785665726, 1.145123358506891, 1.9335890294262195, 2.120098146416927, 2.370629239403506, 2.555466222542371, 3.1157942380007357, 2.0285661864674727, 1.3921846549904406, 1.2269656017278874, 2.0649351908997966, 2.929522463857788, 2.278926936134292, 3.4890128048715847, 1.419384287631284, 1.0195490075441864, 2.338099619921145, 1.879104540206626, 3.541266558981926, 1.175624410387052, 1.759263014301331, 2.2929666280670373]
