Ri:[100, 130, 160]
Zi:[50, 100, 200, 300, 400, 500]
fps.ts:[561.7866599988937, 1685.359979996681, 2808.933299994468, 3932.5066199922558, 5056.079939990043, 6179.65325998783, 7303.226579985618, 8426.799899983405, 9550.373219981193, 10673.94653997898, 11797.519859976768, 12921.093179974556, 14044.666499972342, 15168.23981997013, 16291.813139967917, 17415.386459965703, 18538.959779963494, 19662.533099961278, 20786.10641995907, 21909.679739956853, 23033.253059954644, 24156.82637995243, 25280.39969995022, 26403.973019948004, 27527.54633994579]
fps.e0:[10269.241908978991, 10296.150008771801, 10268.87519963413, 10316.853305942463, 10356.936985579707, 10341.547340730987, 10362.545664717321, 10319.198830358495, 10379.582265205036, 10358.44827527021, 10355.632465550558, 10397.447364805737, 10364.77298014413, 10449.32822729745, 10456.340939790283, 10436.81948491886, 10456.981040193374, 10448.12429096311, 10475.143565205444, 10494.042931175865, 10484.691681071232, 10493.591682193073, 10475.857416913785, 10478.829872817385, 10492.674740616534]
fps.e0u:[21.239213780909353, 21.67564593228737, 21.21939984384882, 21.735920119551253, 21.34534395036377, 21.834603899561134, 21.409064319633554, 21.749125967683696, 21.341330008261377, 21.85291387418735, 21.62416128302544, 21.39430982072716, 21.43550828440767, 20.912072971562985, 21.543864017127486, 21.421883958814934, 21.724391807667402, 21.282490065670032, 21.11955317785756, 21.59174720618572, 21.325996480528293, 21.23030946107739, 21.6837945657487, 21.75398556278686, 21.803348816477417]
fps.lt:[11621.140187208917, 11362.776263047837, 12290.223775535542, 10458.535222107397, 9957.038138855272, 10565.904886768698, 10639.916108231957, 12202.336309471792, 10406.944559321359, 11241.178173148928, 12823.425343981095, 10498.343427289998, 12448.03694979466, 9892.952065181073, 10052.524824023618, 10032.66372275694, 10449.63508178676, 10725.642261942001, 10602.979857221175, 10228.274391237974, 11013.715596536404, 10101.59390865666, 11517.076154693194, 11125.506536105435, 11491.784046666953]
fps.ltu:[836.9233459044607, 795.8790538076752, 926.7107563041883, 684.8436292369893, 610.1114592955464, 694.2811600062688, 700.6318966289354, 925.1607709492683, 670.7758434858143, 787.7554182222626, 1013.1071141265079, 679.5135121501143, 953.2813865976201, 588.3391945184351, 625.9117211058758, 611.8244056371753, 670.9544260288328, 691.3705020424596, 679.8719136868369, 641.5810462615333, 737.1330985937378, 625.9306342264302, 816.9908380148127, 754.285810807751, 812.1208644605827]
fps.c2:[0.8286075933324579, 1.1093626401315813, 0.6885594732924092, 0.9289759952496984, 0.9354090781004513, 1.2707499621703588, 1.2933475214558579, 0.49937598270521316, 1.1215421218255992, 0.8735509938537749, 1.1923805924277553, 1.1415975912444767, 1.6734361284007098, 1.4916317735958058, 1.0270731695651425, 0.9608994642373518, 1.417293933070375, 1.0546782139449808, 0.7126172418318545, 1.347518166197705, 1.3991958469921362, 1.3162031026526821, 1.5557586352343158, 0.7754119541428991, 0.9664436935687755]
FC:[[4.058970467439579, 4.133155509498883, 4.178577779177099, 4.20599983542674, 4.232323855801222, 4.265817776950385], [4.117522820348736, 4.139273877157485, 4.192159793228361, 4.230536692210938, 4.264434274972667, 4.294844302665877], [4.2194360846294385, 4.264827112517624, 4.311410429065742, 4.347855565213615, 4.379011222734908, 4.412624213563917]]
FCE:[[0.053665036019314674, 0.03347654957709678, 0.022119767821273707, 0.017248215376334884, 0.014495356564305527, 0.012683879050251172], [0.0420100946922183, 0.025569034206287845, 0.016796812322582587, 0.013184804992511383, 0.011145740304503368, 0.009783218609644996], [0.035319617254430294, 0.021534847867202608, 0.014101252546367586, 0.011099386037869823, 0.009399873887674845, 0.00811533694407255]]
