Ri:[100, 130, 160]
Zi:[50, 100, 200, 300, 400, 500]
fps.ts:[7266.554000000953, 21799.66200000286, 36332.77000000476, 50865.878000006676, 65398.986000008576, 79932.09400001049, 94465.20200001239, 108998.3100000143, 123531.4180000162, 138064.52600001812, 152597.63400002, 167130.7420000219, 181663.85000002384, 196196.95800002574, 210730.06600002764, 225263.17400002957, 239796.28200003144, 254329.39000003337, 268862.4980000353, 283395.60600003717, 297928.71400003904, 312461.822000041, 326994.9300000429, 341528.03800004476, 356061.14600004675]
fps.e0:[12052.793783435556, 12051.831101930327, 12044.716998404932, 12032.006592562653, 12048.086397938008, 12044.981026909247, 12037.518823228509, 12047.385199485429, 12037.670966968257, 12046.803887539616, 12060.435851249544, 12053.597033128297, 12050.233177234886, 12047.604182517916, 12035.51116388941, 12032.513320488013, 12041.35249744613, 12051.588861988394, 12044.233248137862, 12052.755985285106, 12047.734679974701, 12051.367223050389, 12046.506018140493, 12037.37846312276, 12038.454467922482]
fps.e0u:[8.118501227685451, 8.132281070887288, 8.056387910201035, 8.110841828982855, 8.079049208338137, 8.077281074442144, 8.140638243808462, 8.115024336612368, 8.125445202867176, 8.13967817261281, 8.083411051472284, 8.145451381894832, 8.124705822371688, 8.096280522244717, 8.107708138840755, 8.090819548368579, 8.1405995548441, 8.118082992230029, 8.083433557596464, 8.087852467823737, 8.060161911162735, 8.098137382643914, 8.152242716921887, 8.108272428036402, 8.08302872497504]
fps.lt:[2218.588378864682, 2209.819798015639, 2225.422013585388, 2241.137316079587, 2219.711132123901, 2220.6952860082574, 2234.957881349702, 2218.1046921667175, 2223.836726825529, 2219.7159259644677, 2205.8346449267215, 2211.5268806933277, 2218.476101016444, 2224.2125405814404, 2232.810645638804, 2241.33796308491, 2226.219333062246, 2215.666582315318, 2228.748266088078, 2215.675180628399, 2223.369896965604, 2217.91758452978, 2222.406100050225, 2233.2862970361493, 2240.0269239361687]
fps.ltu:[9.30235719753277, 9.271432521683526, 9.320508257694776, 9.520055128745586, 9.299983345202861, 9.302940479053612, 9.47871818523586, 9.315227232039161, 9.405085456321366, 9.363246903117988, 9.19549160269504, 9.281494382806885, 9.318284278625432, 9.360240207152177, 9.430427969775755, 9.487124940591832, 9.399435420735616, 9.314890094602859, 9.373292440735826, 9.284064154182232, 9.294868860953247, 9.28956491646108, 9.388102704729015, 9.445707907549316, 9.455785653773919]
fps.c2:[1.2877207489041922, 1.2420993928263553, 1.4337390845777567, 1.398772145556445, 1.5875482341494969, 2.3290156507836643, 0.886261021876554, 1.0821737762811394, 1.4888203067243058, 1.2727956543010792, 1.4688959366589034, 1.9278973479634325, 1.32901591927356, 1.5854971598333238, 1.6219864230123235, 1.7056568171163131, 1.3108119196819978, 1.7166078626785597, 3.0729479460350797, 0.977546761353871, 2.745004134445935, 2.271415853546699, 2.058133240940398, 0.9650639734144205, 2.904339700657104]
FC:[[2.7724724712968647, 3.2307657703796453, 3.4737497265386255, 3.6386723510767496, 3.806416408312792, 3.9663321084060166], [3.1266717576263696, 3.3361705270339432, 3.5332851917039862, 3.6952728440505886, 3.8642963123097926, 4.027075987696845], [3.4239337429082717, 3.503160502514056, 3.6945192323132883, 3.8645272225972707, 4.033222910616362, 4.213215252631063]]
FCE:[[0.07640819281196284, 0.017305758803085814, 0.0066244726968771196, 0.0048010773399077295, 0.0037416026706600914, 0.00326406352549995], [0.06711409010651091, 0.013630243892036792, 0.00520419701162748, 0.0037702599478339144, 0.0029359001413918153, 0.002570131550309345], [0.06105873027393351, 0.011797963671718108, 0.004493140071773951, 0.0031517247006063475, 0.0025835517393294747, 0.0021730699656993153]]
