Ri:[50, 100, 150, 200]
Zi:[100, 200, 300, 400, 510]
FC:[[4.024406108194468, 4.054970039980421, 4.060944131646405, 4.060324705178708, 4.081676510928624], [4.02843057717353, 4.059277788812985, 4.0792704101635975, 4.089551777352783, 4.119180476952412], [4.149767638618962, 4.186919710135578, 4.215548479885567, 4.236922128104297, 4.267187328629961], [4.777256056886515, 4.825571827888174, 4.870332051704783, 4.896647782921204, 4.925801652399913]]
FCE:[[0.04299092103803381, 0.029801310310404436, 0.02411066139861782, 0.02066026789276825, 0.018308191686784877], [0.02208465277107809, 0.015047765420206935, 0.012125169025896452, 0.010408665886832563, 0.009261144844376713], [0.015125756051644028, 0.010326579540345923, 0.00833130156132344, 0.007168329772169097, 0.006350519162902151], [0.014041954521717812, 0.009532754236088932, 0.007737617773615104, 0.006667836940186659, 0.005910076578781859]]
fps.ts:[1619015339.00854, 1619017930.90562, 1619020522.8027, 1619023114.69978, 1619025706.59686, 1619028298.4939399, 1619030890.39102, 1619033482.2881, 1619036074.1851802, 1619038666.0822601, 1619041257.97934, 1619043849.87642, 1619046441.7735, 1619049033.6705801, 1619051625.56766, 1619054217.46474, 1619056809.3618202, 1619059401.2589002, 1619061993.15598, 1619064585.05306, 1619067176.9501402, 1619069768.8472202, 1619072360.7443001, 1619074952.6413803, 1619077544.5384603]
fps.e0:[10788.234339458955, 10769.644583098783, 10807.388293948334, 10770.259848213806, 10751.114604907225, 10755.739194045034, 10752.495747945391, 10736.961058659552, 10712.71413531403, 10719.60554716682, 10655.204939963935, 10740.317804069175, 10718.087678906486, 10683.741830665978, 10747.467435117458, 10677.948093752177, 10738.661499375052, 10702.406838460622, 10705.378537176388, 10686.04321974897, 10686.29453256816, 10688.732700067992, 10726.81746331951, 10703.839881152933, 10702.294304485065]
fps.e0u:[13.274429246475187, 14.215742352010098, 15.238027111817864, 16.41076610984063, 17.59061710104128, 18.4731799017401, 19.80641519704523, 20.74242060946215, 21.442418611704653, 22.487209462635974, 23.31296255847812, 22.965982941105878, 23.751863494048816, 24.14051612125215, 24.199148610773577, 24.356643632616752, 24.743713792944156, 25.3790013908517, 24.98576491396713, 24.861853878573474, 25.50713273482282, 25.102396719372937, 25.17883351725282, 25.783529470041355, 26.01993026860632]
fps.lt:[18900.935149257562, 20197.18317512832, 15628.558055924876, 17455.286608570204, 19017.191912743954, 18923.258166698794, 18094.190115949325, 19966.45567664095, 21521.649610355686, 18719.162172145632, 26516.8397894273, 17968.59721399028, 17747.416911968772, 27394.62678869368, 16663.397331870507, 22436.944687697567, 16789.616358029423, 17877.440883835134, 22176.491930169334, 21139.673203048274, 22143.29734817303, 23356.257452332142, 16309.498233621995, 18495.2998071883, 19111.759734623876]
fps.ltu:[1327.6360578431654, 1621.5128102490746, 1042.3322056883594, 1408.712425813617, 1777.2449479587533, 1862.9259142831966, 1823.2368341900612, 2337.341631109951, 2779.1362060511246, 2209.855795099366, 4577.968043700142, 2091.506959604794, 2094.454871639613, 5041.131233352679, 1877.0084082664407, 3447.773099126986, 1968.9791571525955, 2279.9408105076295, 3429.955909267783, 3103.4372781227644, 3503.190963035115, 3834.6929200991913, 1893.0150370377178, 2478.4577421009526, 2676.059703944904]
fps.c2:[1.33013877408177, 0.49716317542296906, 1.6144580638832662, 1.9028824892873202, 0.4436243287071234, 0.7717498190364722, 0.7993679280650233, 0.743834241052281, 1.6847100272225206, 1.4291636972715587, 0.7598691865794499, 0.9072107691130511, 1.136272177558481, 0.8262866162373677, 0.9376589790099649, 1.5637662607823208, 1.246771057551326, 0.7668834422629154, 1.2924155793988588, 1.2136812242796535, 0.579792442928174, 0.6065393806632631, 1.440257291194428, 1.404563339727466, 1.6582305450554304]
