Ri:[50, 100, 150, 200]
Zi:[100, 200, 300, 400, 510]
FC:[[4.052987547488054, 4.04911178124312, 4.040792913547532, 4.062345881807217, 4.085070988453784], [3.9965298617472946, 4.031556066573384, 4.041910141634362, 4.057497567181069, 4.08313338834358], [4.143205285859768, 4.176215660957372, 4.195523181564258, 4.2160086807485655, 4.245658283786521], [4.80278496264677, 4.8418545219490365, 4.87002849508359, 4.897019295200096, 4.91579259740311]]
FCE:[[0.04244400123577878, 0.029578652825756856, 0.023786397890521102, 0.02072410913326785, 0.018176665871069652], [0.02174595477668125, 0.014461878978527683, 0.011690017950196143, 0.01015374904793655, 0.008969132246582015], [0.014946056165338976, 0.009950863260610475, 0.0080097451804608, 0.006921983836103405, 0.006129851704604569], [0.013601631486958232, 0.009268032972682983, 0.00748462047648039, 0.006459799895621131, 0.005708917352496159]]
fps.ts:[1616842953.9801402, 1616846202.58642, 1616849451.1927, 1616852699.7989802, 1616855948.40526, 1616859197.01154, 1616862445.6178203, 1616865694.2241, 1616868942.83038, 1616872191.4366603, 1616875440.0429401, 1616878688.64922, 1616881937.2555003, 1616885185.8617802, 1616888434.4680603, 1616891683.0743403, 1616894931.6806202, 1616898180.2869003, 1616901428.8931804, 1616904677.4994602, 1616907926.1057403, 1616911174.7120204, 1616914423.3183002, 1616917671.9245803, 1616920920.5308604]
fps.e0:[10672.744178726505, 10685.867275441009, 10681.219006501484, 10730.853192170793, 10684.106235423409, 10693.262354617662, 10659.712464773125, 10676.8745203061, 10699.76025107671, 10663.609273498863, 10676.50743539713, 10706.303209831844, 10675.22886881614, 10664.0688763446, 10693.610595847238, 10684.550527611382, 10661.913756844611, 10655.942801866893, 10670.892568461288, 10717.090075476519, 10692.45946137404, 10650.708579989025, 10684.285297033892, 10684.668831211877, 10701.799773072999]
fps.e0u:[19.694011695646225, 19.87215970491617, 19.934174266274702, 19.92508607062703, 19.833930062807145, 20.03204191317957, 19.893421530793784, 20.175292269365674, 19.868674977571015, 19.894137584615873, 19.645589851917375, 19.707437473633433, 19.755824839985756, 20.066820509241243, 20.213134952988167, 20.257374050759378, 19.916641120579982, 19.925876189331976, 19.881159192472857, 20.084877694602383, 19.81083976819507, 19.931734216688852, 20.030169342862457, 20.01642140137216, 19.680513200248672]
fps.lt:[19104.51483167109, 17266.79745751619, 18711.92471721218, 15762.651335102675, 17897.710701338394, 18789.470910260767, 21247.456097966267, 19611.251265822077, 17770.79411777311, 19774.15956180347, 19312.120364188042, 16891.514011296782, 19639.614712036462, 23433.6255653469, 15914.295397959075, 18037.452590327102, 21132.97028074272, 22061.635986593803, 21422.057612041746, 15710.131999204988, 18651.11743066907, 22113.97432738361, 18151.231005646237, 17081.339234254316, 16798.73126962712]
fps.ltu:[2034.5203575472644, 1692.1551837856027, 1967.5287725636492, 1399.0331256590825, 1786.4764478924249, 1986.8275044597533, 2535.083983411694, 2180.7961776023317, 1776.3694019338166, 2201.9855390836146, 2077.2508886806095, 1594.0376864924046, 2175.896281046149, 3101.651534461313, 1451.7697504007554, 1857.3855208070781, 2504.3285238604867, 2734.3184272485214, 2573.671332080792, 1401.524267135129, 1950.634745759906, 2741.151811895045, 1855.6143722435509, 1634.0651953836618, 1567.8107689142423]
fps.c2:[0.8274759395951903, 0.7221553877394011, 1.6095577787560391, 1.7995358773855108, 1.5462820797882684, 1.2993238392356805, 1.2082166005086903, 0.8549156122497596, 1.739432954297392, 0.9543795974129685, 1.383461950553681, 2.289395174187678, 1.2611029738193467, 1.490747352303713, 0.6958682758013246, 1.502268290257991, 1.783329832056838, 1.0567724449204723, 2.1610831218613877, 1.2578324194957768, 1.8084342108686706, 2.029119906692763, 1.502300913919851, 1.761640624580348, 1.3850879283463737]
