Ri:[100, 130, 160]
Zi:[50, 100, 200, 300, 400, 500]
fps.ts:[1713.6137799978255, 5140.841339993476, 8568.068899989128, 11995.296459984778, 15422.52401998043, 18849.75157997608, 22276.97913997173, 25704.206699967384, 29131.434259963033, 32558.66181995869, 35985.88937995434, 39413.116939949985, 42840.34449994564, 46267.57205994129, 49694.79961993694, 53122.02717993259, 56549.25473992824, 59976.4822999239, 63403.709859919545, 66830.9374199152, 70258.16497991086, 73685.39253990649, 77112.62009990215, 80539.84765989779, 83967.07521989345]
fps.e0:[10769.995934234435, 10798.301480934317, 10764.380247421846, 10764.32722947429, 10791.151109488914, 10798.580958640305, 10798.900831282968, 10780.519684890312, 10790.102609720041, 10796.824266768426, 10799.24877945357, 10797.544335338911, 10808.927347793753, 10794.06481779805, 10783.275617954949, 10803.692261985569, 10780.93566045159, 10804.73695185547, 10782.388502019543, 10796.776571174158, 10809.41343037175, 10827.259442293987, 10815.105532167756, 10818.608290906863, 10820.623862241495]
fps.e0u:[14.06115367813801, 13.969717786647404, 13.884507649052917, 13.867546032370864, 13.796160301049145, 13.702044863796758, 13.828965341317877, 13.965767864058762, 14.058541729995085, 13.961827487709147, 13.819691091504353, 14.104972544023527, 13.993812244831597, 14.098818323096825, 13.951524419831294, 13.853765917420137, 13.944359435140832, 13.9104427695115, 13.8734379556928, 14.050404762736111, 13.868948016609592, 14.053442430578032, 13.884634519275211, 14.054568166606993, 13.820241589187308]
fps.lt:[11981.470577881923, 10705.480893509868, 11224.118076904615, 12007.388926683549, 10869.579902160258, 11071.036743739369, 10808.838690317938, 11723.462126644321, 11280.84365476176, 10885.26424161829, 10987.197269971644, 11193.240387553578, 11470.62048874389, 11130.217307667064, 11772.731023862158, 11230.141407063336, 11767.1221668553, 11286.243449671614, 11781.772243109725, 11852.343045632824, 11308.494267162416, 11029.650325546605, 11048.846910766071, 11053.932004346372, 10576.17394421016]
fps.ltu:[562.4192626140406, 446.44804380607917, 491.00667463509825, 557.6988689914106, 457.0340534735421, 466.9990665187658, 451.7367118514505, 533.1880820284833, 498.1368458459967, 460.38507926746894, 464.14023731772136, 491.38062103472623, 509.55964868067053, 486.4901097276423, 538.0637218393786, 486.6026073221444, 538.8464120431108, 493.35957497542626, 539.268674379428, 547.1454690469243, 492.44801817375986, 475.27431398259955, 473.7841682564369, 476.0239042027528, 430.88936415404413]
fps.c2:[1.0439506281662747, 1.4182364142236044, 1.198413774405946, 1.396507858205579, 1.9097198521312715, 1.611389498265266, 1.566057361690839, 1.4792538646897893, 1.045222761005537, 1.0038830119808024, 1.5418201697764704, 1.7394479296368628, 1.3602507676579785, 0.6127166101449434, 0.7033240305740817, 1.2743268192667243, 1.0382547343509885, 1.4554798936245623, 1.6672267620111467, 1.0923571934936902, 1.5804835778338815, 1.4910853966659814, 1.3356608086326847, 1.3015580205130566, 2.262625163071254]
FC:[[3.8914992559100985, 3.858654751419814, 3.873678276596769, 3.8984534390969587, 3.928560829846308, 3.9536336697228642], [3.9136956463278865, 3.8976178109501514, 3.9201937110783467, 3.949029074284252, 3.972779703863363, 4.001117377348375], [4.033431994411922, 4.021867048026784, 4.042790396826971, 4.078965325679657, 4.1063085010570886, 4.139012326030003]]
FCE:[[0.03205253256925318, 0.019835036121046607, 0.012704386385988644, 0.010027752766700317, 0.008318899654780032, 0.00732284460377034], [0.02527494262282649, 0.01504758366669602, 0.009853137997176336, 0.007588729842524546, 0.006442219272980541, 0.005695768526747769], [0.020959154557781027, 0.012419904715763718, 0.008136502134833554, 0.0064596619205038, 0.005500194292468546, 0.004883728533080832]]
