Ri:[50, 100, 150, 200]
Zi:[100, 200, 300, 400, 510]
FC:[[3.9138842219322214, 3.9453220002667813, 3.963504854969723, 3.986131204891525, 4.009174977363878], [3.95086054936399, 3.975024777911592, 4.0024175340804735, 4.024208073533028, 4.047218263364294], [4.080262640876395, 4.104720462198952, 4.1339043871510315, 4.1582302029085225, 4.189480252529127], [4.387945324492778, 4.432930826205724, 4.474606897947276, 4.508961177458112, 4.542879082807372]]
FCE:[[0.029813086744158567, 0.020503859013260683, 0.016632081503472448, 0.014420343795688453, 0.01268843004835504], [0.014642234832047797, 0.009905953484239546, 0.00802537193194239, 0.006914029207799804, 0.006089793242018396], [0.010185468998303294, 0.006932357103660567, 0.005599099372195207, 0.004823001120196772, 0.004215044176037074], [0.008632750167982286, 0.005887263233860761, 0.00475608038582567, 0.004103496384776962, 0.003628389235849159]]
fps.ts:[1622380891.7023602, 1622384170.02108, 1622387448.3398, 1622390726.65852, 1622394004.97724, 1622397283.29596, 1622400561.61468, 1622403839.9334002, 1622407118.25212, 1622410396.57084, 1622413674.8895602, 1622416953.20828, 1622420231.527, 1622423509.84572, 1622426788.1644402, 1622430066.48316, 1622433344.8018801, 1622436623.1206002, 1622439901.43932, 1622443179.75804, 1622446458.0767603, 1622449736.3954802, 1622453014.7142, 1622456293.0329201, 1622459571.3516402]
fps.e0:[10748.431665131428, 10736.419946721928, 10735.479835935726, 10755.724987009035, 10724.724481342542, 10730.98885881932, 10718.163164017873, 10742.519640891715, 10735.068358868257, 10728.610791189012, 10748.21722046198, 10736.210831558581, 10748.806232358425, 10725.139397282494, 10738.653483243099, 10725.790263294748, 10694.169080504615, 10743.709613632851, 10753.777871146316, 10734.4621350068, 10724.391151938786, 10726.573525049258, 10721.232409878563, 10742.722887732047, 10737.814168533856]
fps.e0u:[14.242817946125914, 14.17801889979447, 14.17586118700281, 14.142929770661775, 14.097219851468695, 14.173921586194282, 14.22990113406609, 14.261768085988475, 14.258419243109525, 14.201702461455229, 14.101632729884525, 14.25907946681617, 14.05835697941179, 14.248072211530689, 14.157180720111434, 14.213628920859986, 14.131841805961946, 14.126915733807257, 14.259913854428097, 14.162147790369934, 14.22747778171362, 14.16760126835168, 14.269062877228363, 14.23141099585513, 14.561240327038458]
fps.lt:[19571.970540800023, 21437.342813970627, 20461.60233364761, 18889.160291509535, 21670.59832320208, 20373.582549016046, 19852.628381476232, 19961.027387582086, 20219.750173878307, 21910.258172116966, 20330.10973380504, 21570.380656086127, 20428.50561700428, 22063.207724113716, 21072.335087949177, 20834.109455278434, 24135.664421909172, 20323.351681389246, 17941.86261811894, 19847.248923066352, 21733.7851887385, 21035.532235771792, 22006.70736217772, 18855.799271741947, 18988.780432461]
fps.ltu:[1538.4865806940802, 1834.0489981140863, 1664.1004465635967, 1420.2717756408526, 1866.0202711197717, 1652.3790909066486, 1573.2966742831072, 1594.5365744675391, 1630.4259996692751, 1908.003594133117, 1632.5934463677995, 1861.7310665836267, 1645.1736981903393, 1946.517073219304, 1761.4834015735753, 1731.3360081145654, 2318.2991379033333, 1643.265018932312, 1296.4333952102552, 1574.4418683431036, 1885.5450083574126, 1760.29191358423, 1930.7494145784628, 1419.5626511416672, 1470.723582387408]
fps.c2:[0.6182458942652901, 2.0224672580640264, 1.653028730028253, 1.1863494120837108, 2.108447097868221, 1.2390286517644828, 2.3537849692706625, 2.1277145772058925, 1.8228726989287363, 1.8448314632981162, 2.874881743668811, 1.3210591394918572, 3.319725011391618, 1.280361037233655, 1.1057171894129303, 1.8793440441845906, 1.3511677274399965, 2.2115014681188288, 0.9249314062601612, 2.14895147850869, 2.155574195322647, 1.9589919727196856, 1.2145764740896114, 2.0610400414310686, 1.0416363254877146]
