Ri:[100, 130, 160]
Zi:[50, 100, 200, 300, 400, 500]
fps.ts:[1737.7039199972153, 5213.111759991646, 8688.519599986077, 12163.927439980507, 15639.335279974937, 19114.743119969367, 22590.1509599638, 26065.558799958228, 29540.96663995266, 33016.37447994709, 36491.78231994152, 39967.190159935955, 43442.59799993038, 46918.00583992481, 50393.41367991924, 53868.821519913676, 57344.2293599081, 60819.637199902536, 64295.04503989696, 67770.4528798914, 71245.86071988582, 74721.26855988026, 78196.67639987468, 81672.08423986912, 85147.49207986356]
fps.e0:[10858.153249429144, 10868.066052938835, 10830.813670512634, 10849.654102165505, 10854.583359077096, 10861.37576076711, 10887.971493104986, 10881.55599902236, 10827.19896055698, 10877.508651039157, 10885.26177550183, 10869.974364890264, 10909.427024475192, 10890.691579954333, 10873.698109519722, 10862.075496852101, 10865.718049836612, 10868.549179773601, 10864.96077948415, 10873.446792283767, 10874.321978947886, 10867.707254897272, 10879.450877316465, 10902.960927131053, 10886.597846075454]
fps.e0u:[16.10276761299422, 16.108846099932425, 16.258673889763145, 16.179682220346926, 16.049016737519846, 16.03769431085701, 16.161383347552164, 16.14918458559841, 16.050503091406814, 16.143582055129983, 15.910435842383052, 16.199863562058454, 16.052429405904213, 15.932663312160429, 16.183701886347073, 16.300571338145993, 16.235625756949354, 16.34039904341559, 16.057641592795527, 16.060600496423863, 16.32692371684179, 16.08523115776965, 16.224214028585003, 15.838209097422181, 16.228480163179338]
fps.lt:[12248.26235218359, 11472.495334210147, 13273.179215115806, 12534.716863166754, 12720.219656506823, 12157.592943205455, 11632.916625663926, 12125.539568196498, 14093.507131888988, 11443.155159257523, 11479.853541038183, 12389.996434731433, 10610.030256536722, 11353.849165753069, 12037.201390715278, 12263.095010109057, 12248.206321121255, 12150.648722635828, 12284.183836040842, 11721.141752581832, 11621.82769543339, 12267.542806918427, 11966.924308156087, 10883.61480267156, 10911.393923125295]
fps.ltu:[670.6626686689389, 584.564548790425, 789.1351331543341, 706.9394765764496, 722.9975471563494, 655.6572023527249, 604.8731668559453, 658.865150376069, 887.25540846546, 586.5576262624033, 583.8262326004702, 688.655841160183, 498.33290365920703, 568.9964469864881, 650.9485409456024, 676.7918552286882, 670.4058874219669, 668.9782455043851, 673.8781486626191, 611.7211835117619, 612.5458674404458, 671.6002376782756, 645.862315517574, 519.4703934559408, 534.6882615512652]
fps.c2:[0.8667745346163167, 1.0133907597379854, 1.7416061490270374, 1.3534817355205395, 1.6161638538189385, 1.5797886955786165, 1.0512042994220172, 1.1453432284791747, 1.6005918209588292, 1.3515839459955044, 1.6931874611659714, 1.2883881154064638, 2.401602814466607, 1.0944423794094331, 1.2993890131493528, 1.5656786579311377, 2.3695768215117132, 1.3499630330640948, 1.0665975255551061, 1.263060104462003, 0.9998845448220403, 0.972423896789205, 1.1133820619840296, 1.9968104553308992, 1.5388499812445378]
FC:[[3.805478217782798, 3.8310117614970074, 3.86997788161831, 3.885813417754328, 3.9184813459422494, 3.946323993269562], [3.8420354382349573, 3.8831374763222075, 3.9159602064630814, 3.932071741713175, 3.9646559202732243, 3.9931872138413866], [3.9450906477247756, 4.009339596524833, 4.045926962574367, 4.06404644783305, 4.095463382954414, 4.1258268196172345]]
FCE:[[0.03468351437717568, 0.021808217960044122, 0.01453988701289719, 0.011438158283597203, 0.009776479024298514, 0.008415477621373601], [0.02702132323423809, 0.01702873025023101, 0.011033646244230142, 0.008671907146460845, 0.007389180890236822, 0.006540646459071498], [0.023035327345823794, 0.014191980850279656, 0.00937979320896555, 0.007397217283661209, 0.006306653053184564, 0.005594219355606284]]
