Ri:[50, 100, 150, 200]
Zi:[100, 200, 300, 400, 510]
FC:[[4.034965239899085, 4.039865639709977, 4.073592926187901, 4.110859167550729, 4.162533245477399], [4.053386609639029, 4.0748839635204215, 4.0963031719631395, 4.137222044531364, 4.184206194019577], [4.146390560597162, 4.165580480763322, 4.200154201308795, 4.2452645258487, 4.291762595514163], [4.471487218330107, 4.509345450843782, 4.563638634499512, 4.609673921049114, 4.654924187325777]]
FCE:[[0.02844750799021854, 0.019528304796400477, 0.015951838211205258, 0.013835928750670681, 0.012046063433993425], [0.014047633359586918, 0.009583730829636284, 0.007749836498847008, 0.006717416568540863, 0.0059535425302471275], [0.009585889839951883, 0.006531297669345242, 0.0052915503855511786, 0.004588016933548131, 0.004065029677474838], [0.00815661666557127, 0.00556631872368743, 0.00451540718672022, 0.0039038577667555073, 0.003462841853093857]]
fps.ts:[1620834077.86448, 1620836366.57944, 1620838655.2944, 1620840944.00936, 1620843232.72432, 1620845521.43928, 1620847810.1542401, 1620850098.8692, 1620852387.58416, 1620854676.29912, 1620856965.01408, 1620859253.7290401, 1620861542.4440002, 1620863831.15896, 1620866119.8739202, 1620868408.58888, 1620870697.3038402, 1620872986.0188003, 1620875274.7337604, 1620877563.4487202, 1620879852.16368, 1620882140.8786402, 1620884429.5936003, 1620886718.3085604, 1620889007.0235202]
fps.e0:[10429.592097855255, 10411.80734163823, 10529.18722468447, 10599.00258061699, 10587.693498222341, 10613.305680168281, 10623.798042013232, 10600.031049501118, 10623.117021297621, 10587.54514967862, 10612.068202479857, 10643.102649251303, 10624.29000401751, 10624.67896032834, 10640.785400298904, 10650.183130617772, 10653.831425877277, 10644.753152227031, 10654.849448480409, 10654.045150473816, 10635.390643596505, 10664.025475542034, 10656.377709294095, 10663.422929139475, 10684.395989563029]
fps.e0u:[15.007819258650324, 13.544999140252438, 13.370921067643094, 13.220622748394625, 13.218933097616901, 13.228248603546422, 13.148940752376989, 13.194922531312363, 13.162383153270913, 13.1887531799723, 13.048824541654502, 13.249017177488469, 13.266825280368426, 13.239850034958177, 13.131131845548008, 13.222165689110506, 13.223141403592528, 13.200895233938867, 13.257811062537527, 13.23102850429435, 13.195216973394619, 13.204172802801079, 13.047813090317215, 13.171363539849569, 13.150037537176184]
fps.lt:[34462.38825559202, 34149.84969064091, 21989.057356669644, 18344.50735858413, 20893.31853680273, 19315.75974105705, 18847.143053814565, 22234.177894521617, 18952.548729296002, 23824.995671559518, 20255.99253826484, 18321.94292014088, 19986.50990457691, 19971.724533755998, 20576.712126113103, 18898.399758141473, 18097.021960792255, 20368.859296012062, 18383.96108623892, 18867.646965258707, 21683.221288591496, 19001.54125032625, 19822.00235056542, 19213.40914692923, 17690.39894006342]
fps.ltu:[4712.202161643359, 4449.642593650587, 1841.8825660330115, 1268.684053073928, 1643.2504768827407, 1399.9963641440825, 1329.9585052948266, 1859.0813756386558, 1340.745795844341, 2118.288439490569, 1526.262089321931, 1258.0736328150697, 1505.4609078557462, 1501.5704439418098, 1576.8279271695803, 1336.4429872492194, 1227.4402297584172, 1552.1931517284315, 1266.474820578605, 1335.2038607272527, 1755.429612770017, 1339.0011214503575, 1453.9939818858845, 1375.9064153063887, 1169.5385865745498]
fps.c2:[5.220554472993257, 7.7084874814856565, 3.3367324547382684, 1.7609190460348567, 2.053499411625443, 2.621141997917166, 2.384827350156903, 1.3602393512502584, 1.1784941920345664, 2.9192910362889863, 2.671678582240669, 2.868147383868459, 2.0038190760976238, 1.3014579494645102, 2.3568474622885507, 2.6594215934262384, 2.2503546108241825, 1.881380940446618, 2.4013806887754865, 2.383323602808452, 1.4697507074252485, 3.273377655656348, 0.9450801182272183, 2.6812848515462147, 1.9262782896792887]
