Ri:[100, 130, 160]
Zi:[50, 100, 200, 300, 400, 500]
fps.ts:[850.8678000020981, 2552.603400006294, 4254.33900001049, 5956.074600014686, 7657.810200018883, 9359.54580002308, 11061.281400027274, 12763.017000031472, 14464.752600035667, 16166.488200039863, 17868.22380004406, 19569.959400048254, 21271.695000052452, 22973.43060005665, 24675.166200060845, 26376.90180006504, 28078.637400069238, 29780.373000073432, 31482.108600077627, 33183.844200081825, 34885.57980008602, 36587.315400090214, 38289.05100009442, 39990.78660009861, 41692.5222001028]
fps.e0:[10571.220640648424, 10612.560434302723, 10582.772413115918, 10621.34088192564, 10624.685217610473, 10603.747534921846, 10602.410294535941, 10646.038683847226, 10560.381332398762, 10628.661393703504, 10557.106435319587, 10628.401248327596, 10631.685699310065, 10609.073965086292, 10661.208233878495, 10636.417048591997, 10617.83306224488, 10603.507540629027, 10662.827255671222, 10587.311331577237, 10601.995488984172, 10591.754756399258, 10588.453016317804, 10671.415859042574, 10663.218191809869]
fps.e0u:[23.82870854128887, 23.698962863267436, 23.660475007284447, 24.1751084098232, 23.71159064466448, 24.175671568344573, 23.42458929734147, 23.56432893721951, 23.733166381279094, 23.81949998831407, 24.011330715125567, 23.707245376131482, 23.735538223950016, 24.16980255078653, 23.49606281094078, 23.86543453889509, 23.377065978351748, 23.404283744660216, 23.812763949747083, 23.641385975506374, 23.1265222685401, 24.1160042564948, 23.40174542641532, 23.101513187076698, 23.670120123224244]
fps.lt:[4895.126291220552, 4768.226575361635, 4780.8425580755065, 4603.328058578226, 4579.117815834723, 4653.3551661566025, 4768.52819107849, 4353.920863888396, 5007.222215433718, 4532.327028875476, 4884.744323329034, 4455.765921722002, 4440.893496353369, 4556.129056489546, 4348.290015967924, 4574.690385893351, 4460.655544995398, 4625.7790108353, 4376.938649238374, 4739.9026297764, 4605.659781062599, 4659.607837201388, 4746.241140810105, 4294.232838681213, 4449.468624535805]
fps.ltu:[163.95013276914852, 154.94343228898046, 155.83946101166134, 148.15763835143534, 142.84442881991114, 149.0456605495441, 152.6106852496609, 129.88220127902505, 172.62851422033444, 140.27997861018872, 163.3695469294403, 134.4699119580731, 134.50821331856304, 142.00846185560255, 127.55137387402664, 142.89267148832033, 134.76088699259338, 144.3646989143035, 131.0030834929133, 152.99553571995003, 141.35114926534442, 149.94598419262618, 150.99714542559784, 122.93746652686069, 132.75042531826875]
fps.c2:[1.8106938572056446, 0.936927934910318, 1.4063616888461148, 1.0252679675018235, 2.0985343784825585, 0.6253737345281294, 1.1700865740562447, 1.0114618133898752, 1.3197544762498632, 0.39577310827821066, 1.4414080903896114, 0.41407818155343523, 1.1953055554495629, 1.0898347829385602, 0.865543068445173, 0.4134125389727596, 1.575486673570463, 1.414484250339079, 1.9517451669832213, 1.1129371351134862, 0.9188063185175467, 1.18079189998224, 0.613915053302244, 2.186334224525193, 1.3658171272535111]
FC:[[3.75722704647336, 3.8919207332844263, 3.9179904260189238, 3.9952925814082776, 4.057330210209261, 4.119307886690422], [3.7949687586918497, 3.8970555695482365, 3.9667415362773215, 4.041693896998622, 4.1036991323384475, 4.1579536692781875], [3.9238341886054804, 4.023106087776273, 4.095247947595733, 4.1631718859672215, 4.2244677482095545, 4.283755192276541]]
FCE:[[0.06758153224250878, 0.035803198187603795, 0.021201432114402223, 0.01658291860011401, 0.014106596147335795, 0.012620168248739988], [0.05413788223657489, 0.027680474236976078, 0.01649735005246322, 0.012830066929997205, 0.010926338620765851, 0.009750627522165099], [0.04639462829981939, 0.022715595639585043, 0.013599621337864787, 0.010722679725612763, 0.0091805242231985, 0.008232045329874168]]
