Ri:[100, 130, 160]
Zi:[50, 100, 200, 300, 400, 500]
fps.ts:[1707.669660000801, 5123.008980002403, 8538.348300004005, 11953.687620005607, 15369.02694000721, 18784.366260008814, 22199.705580010414, 25615.044900012013, 29030.38422001362, 32445.72354001522, 35861.06286001682, 39276.40218001843, 42691.74150002003, 46107.08082002163, 49522.42014002323, 52937.759460024834, 56353.098780026434, 59768.43810002804, 63183.77742002964, 66599.11674003124, 70014.45606003284, 73429.79538003444, 76845.13470003605, 80260.47402003765, 83675.81334003925]
fps.e0:[10888.365758879036, 10861.631960705217, 10890.097636684124, 10880.085384104472, 10864.828081195697, 10862.759494429974, 10880.379686156803, 10877.139281561093, 10904.11704827091, 10881.485265379348, 10870.847646507667, 10878.776176892756, 10883.70996306167, 10859.704703462428, 10874.948467849013, 10881.435335956789, 10880.034641559201, 10881.337327464478, 10888.633203360554, 10868.60448366456, 10889.100825201165, 10866.142313649732, 10877.444843762238, 10866.863528298953, 10881.529030236203]
fps.e0u:[10.341740242706347, 10.47106288320646, 10.426214301995802, 10.40343594827255, 10.335652154872825, 10.599739550798127, 10.404155617061882, 10.440617772741739, 10.44653306611042, 10.465523911027086, 10.421241055507382, 10.373595473693962, 10.433696383048334, 10.399851160426952, 10.357710479170168, 10.384646507727474, 10.446048710380916, 10.6386841108426, 10.527563788560737, 10.40139375787813, 10.431691375998602, 10.404382434991717, 10.4604251911994, 10.447777324317473, 10.786335283061971]
fps.lt:[6150.324246785652, 6469.171323049659, 6209.338827849131, 6312.704665798923, 6433.840325896445, 6290.838797236291, 6230.535146096848, 6294.654048037375, 6100.579403808921, 6366.7158747153735, 6406.264605071544, 6287.029093023616, 6100.232632263236, 6361.763177421133, 6294.2130660487, 6197.056495631583, 6145.157977843452, 6253.08929654868, 6147.457428590757, 6278.525525618773, 6182.82235491373, 6360.07086320579, 6230.761986525183, 6277.019302363406, 6181.515578385097]
fps.ltu:[106.16026669452404, 119.67075727050927, 109.98250187848717, 113.01289853884235, 116.60108028071328, 114.40461406541164, 110.33301548087196, 113.48369265213773, 105.97687669957399, 115.20453403145274, 116.4811236309604, 112.25536938889557, 105.98663157460182, 115.10441987779781, 112.2302881869954, 109.15596911535995, 108.11106260338056, 113.40488742145187, 108.01212310910816, 112.07588930560804, 109.12348637475837, 115.15324033692139, 110.84517531718625, 112.41537657169305, 112.15847579323447]
fps.c2:[1.9183159571990513, 2.5413981581984197, 3.4191626072109282, 2.8894347906637794, 2.0864718510978473, 3.377147690094314, 2.892066836829927, 3.049365415165304, 3.079318466612876, 1.8215354388508351, 3.137305041384617, 3.21720563033718, 3.290411762991615, 3.42672621757408, 2.4493473276827094, 1.5092901264347178, 1.1524253821357724, 2.149442463474146, 2.0797398199729242, 2.102964425262137, 1.372217130226243, 2.7773336385724074, 2.738264064740751, 2.2880379231833925, 1.4665993744853145]
FC:[[3.7738675900374514, 3.8063452606044543, 3.8675494112055, 3.9316995082980157, 4.0033157622061335, 4.085020577263925], [3.8167297548951074, 3.8410511867753043, 3.908851797338464, 3.975141207223103, 4.057397359177988, 4.134912845809277], [3.931424074492248, 3.961098986171839, 4.036098334173686, 4.1095884320542435, 4.183325802423539, 4.258467429919422]]
FCE:[[0.027479991917481364, 0.015012886711401002, 0.009372730397593407, 0.0073660253614587995, 0.006295387894576086, 0.005512838901395649], [0.021640680979728096, 0.011606132770132001, 0.007224835307104658, 0.005688733818502683, 0.004775123037213206, 0.004177867758241701], [0.018720928185570116, 0.009888481148666764, 0.005991964705054542, 0.004608889904943498, 0.0039404804584723865, 0.0035306198517787344]]
