Ri:[50, 100, 150, 200]
Zi:[100, 200, 300, 400, 510]
FC:[[4.057316778950941, 4.051184050017929, 4.054748576909378, 4.068706762986006, 4.078319513942447], [4.020628057944172, 4.04687760049261, 4.062343256841719, 4.079277973559964, 4.10168167804114], [4.109835015468713, 4.146191936743082, 4.177158021712484, 4.212024006079963, 4.242681955366804], [4.698482270267081, 4.7627250378422845, 4.803820330981783, 4.855116552658684, 4.879694051148896]]
FCE:[[0.045835454349616216, 0.031231286048086934, 0.025207443595831252, 0.021867736526648404, 0.018695145951681837], [0.02266088560439357, 0.015585247457197653, 0.0125842502659018, 0.01048597763077373, 0.009327275901866865], [0.015209295528319712, 0.010082169182717265, 0.008186529615170829, 0.007115229018193931, 0.006335977250465417], [0.013871056538787285, 0.009554167270635237, 0.0077692859938735745, 0.006679745265615142, 0.005934629906241462]]
fps.ts:[1607008688.6612802, 1607012227.82784, 1607015766.9944, 1607019306.1609602, 1607022845.3275201, 1607026384.49408, 1607029923.6606402, 1607033462.8272002, 1607037001.99376, 1607040541.1603203, 1607044080.3268802, 1607047619.4934402, 1607051158.6600003, 1607054697.82656, 1607058236.9931202, 1607061776.1596804, 1607065315.32624, 1607068854.4928002, 1607072393.6593604, 1607075932.82592, 1607079471.9924803, 1607083011.1590405, 1607086550.3256001, 1607090089.4921603, 1607093628.6587205]
fps.e0:[10039.760329806499, 10040.401421969593, 10014.588887678301, 10017.12450725285, 10026.167990171367, 10021.637428115417, 10010.378509896782, 10019.936689590795, 10031.407699036201, 10043.152131847164, 10039.951624087573, 10023.692057750482, 10039.21749982284, 10020.22923237023, 10005.913844655593, 10051.905114712368, 10058.498636457562, 10019.428602789556, 10059.063732633927, 10031.899044804299, 10000.064507367222, 10040.922194224991, 10036.746656404364, 10037.888283227188, 10030.860068139944]
fps.e0u:[19.511936299316016, 19.51941414582965, 19.447513527610308, 19.535869922304506, 19.39942890973024, 19.625954134040455, 19.732639810848042, 19.484503953616944, 19.874586501461405, 19.401696638123312, 19.608993432471497, 19.55502260494301, 19.56145554583052, 19.783990319590167, 21.25424040414446, 19.441162883746994, 19.47910292842752, 19.617619634467708, 19.4520293393196, 19.54651002789654, 19.478189625179887, 19.5605816008414, 19.711409337787433, 19.81613894424361, 19.715141818804256]
fps.lt:[12841.752377881123, 13163.407627431794, 14768.695932407118, 14048.097344583879, 14531.680236173675, 14653.830588616012, 15951.432334794687, 15246.427977666668, 13891.761995515079, 13511.115738128121, 13177.665242291938, 13979.431202483614, 13077.034007339189, 14335.347913918, 16056.749627696609, 13182.765960553277, 12994.136840851817, 14001.502360914279, 13580.898953994338, 14494.494943279775, 16142.225090576138, 13718.898188637782, 13017.460933670429, 13007.80287960812, 13976.310398767142]
fps.ltu:[983.9453018050447, 1038.741665475933, 1298.0003904777523, 1182.951863963889, 1256.7914042283928, 1283.7493655946469, 1519.6120797940623, 1375.9963452708153, 1167.6731435315987, 1078.8145162997994, 1041.3662823121672, 1159.2165818085705, 1011.088342997719, 1231.2157786123785, 1662.4014756609438, 1020.9886730861995, 989.0890585264825, 1163.6882996962956, 1085.4448270331484, 1249.9259451481362, 1538.2160012475636, 1113.5378872032643, 1010.8153613450918, 1011.9038203720459, 1168.3170802851187]
fps.c2:[1.919662960158412, 1.1006127207565937, 2.369361451750607, 1.9234082517756301, 1.135031352021597, 0.9459353472181503, 1.216129273175545, 1.2555811081878743, 0.8780741386648536, 0.7284622685444796, 0.4845623730782592, 1.498208784725521, 0.8308542146988513, 1.8938952518640662, 1.3149780645424511, 0.7325395930733909, 1.2938479925302864, 1.2377775557500155, 0.6293050882675499, 0.6122234796803777, 1.0276602980446365, 0.861824235644492, 0.674025659348578, 1.068664566248769, 1.3535458111306524]
