Ri:[50, 100, 150, 200]
Zi:[100, 200, 300, 400, 510]
FC:[[3.9188189559730904, 3.964035319754181, 4.004273983874833, 4.041428819558697, 4.072374975742748], [4.001294271328369, 4.020416811530209, 4.048026569288136, 4.072866516682403, 4.09771563083356], [4.126530062896969, 4.157887259966019, 4.180309845410928, 4.211475464394068, 4.241653206943692], [4.771262497602949, 4.819891307581304, 4.8489438546632115, 4.876783054405418, 4.898587695133337]]
FCE:[[0.037925716969168424, 0.026192682821623847, 0.020578712271726276, 0.017875729486930777, 0.01582948597260355], [0.018884139180486384, 0.01285443581631077, 0.010446602904516928, 0.00900858024271415, 0.00794789255572317], [0.013143108517242857, 0.008956628615636047, 0.007247523465576535, 0.006276025830077747, 0.005559629353898401], [0.012023661818221343, 0.008191650030481536, 0.006616860491049773, 0.005716334090942255, 0.00505556475112538]]
fps.ts:[1603625548.88246, 1603629008.63138, 1603632468.3803, 1603635928.12922, 1603639387.8781402, 1603642847.6270602, 1603646307.3759801, 1603649767.1249, 1603653226.87382, 1603656686.6227403, 1603660146.3716602, 1603663606.1205802, 1603667065.8695002, 1603670525.6184201, 1603673985.36734, 1603677445.11626, 1603680904.8651803, 1603684364.6141002, 1603687824.3630202, 1603691284.1119401, 1603694743.86086, 1603698203.6097803, 1603701663.3587003, 1603705123.1076202, 1603708582.8565402]
fps.e0:[9970.178816860818, 9952.383481050598, 9953.985193523013, 9959.361930088859, 9951.42000852688, 9950.669058614014, 9984.80953483329, 9989.46780345612, 9940.21817203308, 9946.052454578068, 9932.700670421656, 9939.31565892965, 9973.468675434939, 9941.560700775493, 9936.319428845638, 9940.606899047301, 9937.187748152965, 9948.23934366697, 9969.446765122255, 9931.96519891855, 9964.013419085604, 9949.524386472533, 9987.053027861377, 9924.170836242462, 9963.53645560208]
fps.e0u:[16.538021018219336, 16.674566461278552, 16.795133153982814, 16.758849547300745, 16.6393226861736, 16.749003517851534, 16.63367075334198, 16.6407488518504, 16.632219154878047, 16.827575916467094, 16.728470749122668, 16.74667033823318, 16.75539571841915, 16.872431345065973, 16.88339623671346, 16.645077313970173, 16.798157392761595, 16.887712766035754, 16.744960912151107, 16.665985329976472, 16.69621825545029, 16.786034738838044, 16.686420166438328, 16.76962223444267, 16.61628789609198]
fps.lt:[14952.577590572508, 16212.256960998704, 15920.606715893282, 15135.484519801294, 16271.51208806017, 15600.382959890929, 14016.858010085161, 14002.862128956887, 16798.418596894735, 16197.121599826418, 17641.08202465726, 17434.615796834452, 14123.941201838088, 16524.703657053673, 17237.432435781004, 17237.692841424523, 15720.806156886129, 15792.666216719233, 14770.46730990274, 18368.712270643602, 15220.390562834798, 16029.85314721472, 14049.628275142497, 17670.61294049473, 15080.3280007676]
fps.ltu:[1118.6227602750732, 1319.4235142742673, 1286.8582309089475, 1153.6619996566178, 1333.2491191512058, 1229.4770093957534, 988.4051298038803, 991.8306850217773, 1420.0320819644937, 1327.5596922452348, 1577.9681755309255, 1535.2742691816732, 1014.2299891899161, 1384.2409431803153, 1508.74234761299, 1492.113717290557, 1260.7873555750377, 1279.3708212626816, 1098.8838597174563, 1706.4345389566117, 1170.4840200199928, 1315.3123904013503, 995.4311937736733, 1599.7808060437135, 1146.6490048729909]
fps.c2:[0.8455315595279, 1.0580343428210117, 1.6017342788288242, 1.7634818304028657, 2.422941129426772, 1.8355221808255753, 0.4694878554805038, 0.93517459097245, 0.7388270489786718, 2.0952238547668647, 1.1593214563534031, 1.5770725173966116, 1.5944070427664896, 1.413042666982014, 0.6366636822826286, 2.5325892601293303, 0.9766780325895154, 1.4447775726337009, 0.7161918103915302, 1.7819565684743865, 1.4886289200456155, 1.0309360234717526, 1.2145426408339126, 0.888057705463128, 1.8989812219846818]
