Ri:[50, 100, 150, 200]
Zi:[100, 200, 300, 400, 510]
FC:[[3.9440886370089796, 3.968177553517304, 3.999957151350644, 4.03386697752881, 4.063357910646723], [4.0083713225467354, 4.024175091065353, 4.053882898004363, 4.083674870383111, 4.105953446640538], [4.129067043898981, 4.145314767766707, 4.173348025573998, 4.2117478189854145, 4.24360577486858], [4.771783525950236, 4.80158477657632, 4.838247925628091, 4.87420631569899, 4.899523407748534]]
FCE:[[0.036174879758201293, 0.024879526024580018, 0.020091643117935185, 0.01740396990044108, 0.015532543709077948], [0.018566239935857265, 0.012580032566071202, 0.010170106704977177, 0.008826388841409445, 0.007828178441083718], [0.01302140855794461, 0.008814172906933362, 0.0071170458371926665, 0.0061941939609424035, 0.005517631754754513], [0.011931924365791729, 0.00811966838233898, 0.006565206687142436, 0.005687132985473685, 0.005048425913701615]]
fps.ts:[1603279461.5098, 1603282944.3234, 1603286427.137, 1603289909.9506, 1603293392.7642, 1603296875.5778, 1603300358.3914, 1603303841.205, 1603307324.0186, 1603310806.8322, 1603314289.6458, 1603317772.4594002, 1603321255.2730002, 1603324738.0866, 1603328220.9002001, 1603331703.7138002, 1603335186.5274003, 1603338669.341, 1603342152.1546001, 1603345634.9682002, 1603349117.7818003, 1603352600.5954003, 1603356083.4090004, 1603359566.2226002, 1603363049.0362003]
fps.e0:[9915.045497752946, 9927.724164684081, 9936.192489548637, 9946.88523772186, 9960.885689229266, 9925.904546948888, 9961.858084184181, 9936.825547835319, 9940.078386572723, 9934.378906082422, 9941.573345105966, 9959.073264261091, 9940.12149973268, 9934.829347771507, 9927.709018981937, 9923.928171562819, 9927.695305733354, 9933.182552602882, 9939.758312450904, 9940.83672377823, 9961.383891937134, 9949.024182298412, 9938.748856250948, 9957.935309082854, 9959.818987607325]
fps.e0u:[16.70946587495939, 16.691427286550972, 16.60675849342306, 16.617094354133986, 16.645488126827416, 16.79095719105269, 16.725857751280813, 16.716037696554864, 16.72106773474418, 16.94437625609875, 16.713340323298848, 16.70433296089338, 16.65632319104484, 16.801068916037664, 16.55946145883214, 16.875372105786877, 16.77940832415442, 16.802261554918953, 16.888496642909693, 16.83823054640605, 16.871205242744544, 16.60964579379039, 16.726037321679108, 16.479593865991387, 16.557927086542897]
fps.lt:[13710.131292281481, 13537.808095459328, 13147.280045173256, 13143.88766062654, 12183.40045454984, 13374.447637346495, 12580.276176125502, 13235.917876215093, 13152.2231182229, 12405.389158752081, 13292.15526136916, 12649.354957677975, 12854.270721113615, 12889.571497073019, 14153.777498327241, 14566.057541990704, 15121.591096293625, 14924.649220569883, 13632.558670050003, 14559.713933296196, 12660.133897006544, 13083.289728568336, 14131.38854592401, 12631.552074568652, 11809.14683210206]
fps.ltu:[964.3743780617779, 937.0164587700801, 885.2406985842291, 877.8938872368751, 761.8367093180125, 918.2223081342199, 807.1154792381149, 899.7240751814471, 882.4784721820685, 792.1480221631734, 895.4908069617039, 816.3480148845265, 843.8319913501917, 854.3595073505631, 1015.4843548231146, 1085.0788307333578, 1174.0330649999732, 1136.1883358702905, 955.8298701889643, 1082.3170547515467, 817.9821311383176, 863.060164388495, 1015.6179708889634, 801.0788416343399, 706.4428574211368]
fps.c2:[1.5335859777212852, 1.538784315247156, 1.4650641777502689, 0.6414387521641997, 1.0876852525062373, 0.7268063624391073, 1.65852177498538, 2.2880066187425845, 1.1478964379327494, 1.4723874116245288, 1.5170347640951742, 0.8877099489437033, 1.8933309749816556, 1.5487314750403758, 1.0527058507177516, 0.6823378243197862, 1.540825529929476, 0.768800239033874, 1.1114460290047432, 0.984448432523004, 0.9566205938972719, 1.867783950572754, 0.7678741401277169, 1.3045399347963595, 0.8074880075046397]
