Ri:[100, 130, 160]
Zi:[50, 100, 200, 300, 400, 500]
fps.ts:[1201.6530999994277, 3604.9592999982833, 6008.265499997138, 8411.571699995995, 10814.877899994848, 13218.184099993705, 15621.49029999256, 18024.796499991415, 20428.10269999027, 22831.408899989125, 25234.71509998798, 27638.021299986838, 30041.327499985695, 32444.633699984544, 34847.9398999834, 37251.24609998226, 39654.552299981115, 42057.85849997997, 44461.16469997882, 46864.47089997768, 49267.777099976534, 51671.08329997539, 54074.38949997425, 56477.695699973105, 58881.00189997196]
fps.e0:[10136.193554177527, 10196.16379930381, 10226.05398046314, 10245.146694483135, 10265.370969192176, 10279.449178524164, 10316.6450457802, 10289.035165764395, 10269.131579903138, 10316.996068977402, 10348.966990603016, 10366.053596486907, 10380.900487909865, 10396.844127342018, 10432.349078915791, 10421.102549789517, 10439.924408793508, 10417.121154535047, 10470.761086691049, 10466.722832532367, 10446.633889135934, 10473.034801859309, 10500.647460824359, 10483.532485299236, 10526.67988911087]
fps.e0u:[16.762169737941548, 17.584667268802434, 17.303947392032825, 17.859967432314573, 18.062924560413506, 18.041629157720017, 18.694773125466533, 18.56969782166517, 18.771893855080407, 18.6605990088142, 18.706342001332153, 18.586828953385822, 18.975162828509387, 18.888829160719936, 18.721918727757313, 18.89303632646751, 18.92038979449301, 18.743899696258435, 18.829398242164483, 18.628664517432163, 18.770480871361325, 18.44635423687055, 19.176631079856893, 18.750252047615355, 18.98831949113769]
fps.lt:[5002.638627801822, 5516.552440607211, 6019.419722090654, 6159.8058330501, 6405.210388653752, 6805.908555207156, 6732.129026050308, 7718.048812143992, 8350.837992530815, 7590.046807234326, 7591.611241450376, 7524.664968277247, 7759.899657536502, 7749.637357361758, 7211.382159465684, 7502.145278705776, 7747.773597372166, 7773.859205840639, 7413.712117785347, 7606.850539909794, 8484.527460702093, 8111.657949075644, 7664.370300589659, 8015.656925240424, 8001.636843454352]
fps.ltu:[123.95817266638224, 156.44694567991, 183.70626262820124, 199.3103123282333, 215.51038479019994, 243.70262738707507, 247.4112669132014, 318.90671754867293, 378.3872841874065, 309.6695888369346, 314.2799423308234, 304.97895227848176, 330.3060943538118, 325.7165780280197, 281.3203222541458, 307.1407907861187, 325.09090639325376, 327.78091269079806, 299.3227928632132, 308.3841750041471, 388.52597613088415, 349.95694877747127, 325.4143647565059, 347.18224203109884, 347.3207604633043]
fps.c2:[1.623579768962696, 0.986323692562376, 1.4727406687646307, 1.0380171290972748, 1.731346127892215, 2.226364283133702, 1.3209412711492707, 1.113056577153525, 1.183990272570579, 1.719193347997912, 0.5941082140717578, 0.5357250779106444, 0.9795884129202809, 2.0251113106545633, 0.9460523661742963, 0.8081968589047898, 0.7200445175467137, 1.0899580185625901, 1.2319106820972894, 1.1192007506647692, 1.9818686457247499, 1.043466475948402, 2.1174596340570693, 1.3826312771370832, 0.7320327381110061]
FC:[[4.618627971275806, 4.807812158740595, 5.070809596898013, 5.2396660883996775, 5.419295073680937, 5.5566906423222076], [4.737415838001831, 4.845745733132647, 5.078370619719718, 5.2651168580824805, 5.435567616516174, 5.573917234701918], [4.8897339780809395, 4.99379284003612, 5.179060424499744, 5.363497776917268, 5.540035815905595, 5.679213471011169]]
FCE:[[0.05462740692814522, 0.0341076934774722, 0.022683787141953564, 0.018173096264182616, 0.015785039530690194, 0.014319323366091527], [0.04329843255909255, 0.026251930409573215, 0.01731457580318937, 0.013905514230901356, 0.012058959115962475, 0.01097604600317609], [0.0371728819350669, 0.021799352715379864, 0.01429864693162484, 0.011495173231968695, 0.009987657575336867, 0.008981670280960617]]
