Ri:[100, 130, 160]
Zi:[50, 100, 200, 300, 400, 500]
fps.ts:[1789.4187599992752, 5368.256279997826, 8947.093799996375, 12525.931319994927, 16104.768839993476, 19683.606359992027, 23262.443879990577, 26841.28139998913, 30420.118919987675, 33998.95643998623, 37577.793959984774, 41156.631479983334, 44735.46899998188, 48314.306519980426, 51893.14403997898, 55471.98155997753, 59050.81907997608, 62629.65659997463, 66208.49411997318, 69787.33163997173, 73366.16915997028, 76945.00667996884, 80523.84419996738, 84102.68171996594, 87681.51923996449]
fps.e0:[10892.944354973462, 10868.746622984756, 10880.726725342896, 10871.828283454626, 10867.574477372027, 10875.752570372542, 10899.764426368938, 10866.811712480396, 10861.123952647846, 10828.71224947287, 10853.614445371148, 10858.098558684123, 10874.589920780967, 10863.041372847696, 10865.675218314764, 10866.800748088726, 10864.812107183834, 10864.912284580372, 10855.498331947301, 10878.902517840983, 10878.387606426882, 10860.301651916396, 10869.212817974429, 10878.299244699187, 10863.423543772948]
fps.e0u:[14.970909554513234, 14.963743103290371, 14.829188692434547, 15.054198605191356, 14.906402484053908, 15.044441174839069, 14.908220357538266, 14.996084076855636, 15.032460893926004, 14.94862948513596, 15.11780055068055, 14.917769532665549, 15.232270670635844, 15.018811994619314, 14.838545705989713, 14.95243414872078, 15.12185090093266, 15.069643285337245, 15.193938261975811, 15.068415345082283, 14.92323485862296, 14.879938350211084, 15.082908984529565, 14.790280435552944, 15.001679513487577]
fps.lt:[11185.373581934331, 11586.845219160317, 11487.973279293543, 11589.413738429135, 11965.149769577794, 11704.280496309857, 10891.82715640154, 12527.28395723205, 12273.923579133918, 13128.821430429407, 12521.986043810204, 12512.265227117417, 11690.357097348957, 12246.712040315033, 12316.210749270016, 11763.702959609524, 12115.842213690163, 11524.662402187781, 11903.424763532948, 11694.524525664747, 11836.440272506667, 11782.536647737434, 12178.396401976233, 11432.982327111518, 11756.736860277195]
fps.ltu:[518.4900403768191, 557.008002798022, 542.5570946140815, 559.3219104514246, 591.5511714063216, 570.1489675720273, 491.53650159346586, 650.5555036816785, 627.2394127467796, 714.170214467827, 656.9922064561707, 645.4035791880507, 574.9942952675674, 619.8962156583301, 625.1703148317484, 574.9683480446771, 617.6929557977776, 553.723117220303, 593.3002262240619, 573.2482985683005, 580.0932108098631, 574.9773164122839, 617.6858275516531, 540.7066720280043, 575.2679499414965]
fps.c2:[1.0144793827314087, 1.130572857743297, 2.2600998738408036, 1.4632442220949042, 2.1513751770772767, 1.211020830366473, 1.6955654977057328, 1.1916323903234245, 1.1191509064764522, 1.5052331511812367, 0.5363853437144196, 1.2704486944274882, 0.970208103615379, 1.3447303233744137, 0.7985719388583028, 1.136352286144358, 1.8000366744628111, 1.1793453761071957, 0.9399852335968786, 1.2652663567860485, 3.138261776020809, 1.473176817830681, 1.5932766759476817, 1.3967606830723496, 2.343599634553652]
FC:[[3.8570331028668305, 3.8645056960404656, 3.8862066446821966, 3.892670970929571, 3.9128459724308975, 3.9452556805000265], [3.892576436250487, 3.887803330369457, 3.9141549686509305, 3.9345868897420826, 3.960471286448087, 3.9917537131588654], [4.02006528802567, 4.015586361777861, 4.045712730943491, 4.070756056192693, 4.0988519180615555, 4.131719502002019]]
FCE:[[0.0333469240129671, 0.020700669522317895, 0.013685617109378895, 0.010726030824250868, 0.009094701059580323, 0.008046030861096], [0.02627481617947731, 0.015993883683367148, 0.010561293407849292, 0.008325842602302768, 0.007085292379028377, 0.006277611507646911], [0.022540646735796272, 0.01329954299704533, 0.008743611741442775, 0.006924510569651112, 0.005901881196129596, 0.005240647072697695]]
