Ri:[50, 100, 150, 200]
Zi:[100, 200, 300, 400, 510]
FC:[[4.147154116768599, 4.157002580748976, 4.183781783854467, 4.2166911444784585, 4.260372809881174], [4.114499148684006, 4.136486736247933, 4.178397314867155, 4.222790171218074, 4.2753386781341005], [4.232035786428839, 4.2672610714048735, 4.312350148537049, 4.365411462731521, 4.419569624033588], [4.906874454109215, 4.97112392487513, 5.020202712575671, 5.061937313647459, 5.10226054592617]]
FCE:[[0.03647256722405349, 0.025412080891952186, 0.020797709606653576, 0.01819390386808413, 0.016287706988667137], [0.018305138453980463, 0.0126676702727674, 0.010384443362392285, 0.00907542403342629, 0.008122895888041626], [0.012726188452801022, 0.008808717309763745, 0.006972849622250828, 0.006098014260210891, 0.005449966659179075], [0.011539930571379487, 0.007968726295290543, 0.006493730635758903, 0.00564680865239127, 0.005025482534632255]]
fps.ts:[1601026832.5945, 1601030347.4095001, 1601033862.2245002, 1601037377.0395, 1601040891.8545, 1601044406.6695, 1601047921.4845002, 1601051436.2995, 1601054951.1145, 1601058465.9295, 1601061980.7445002, 1601065495.5595002, 1601069010.3745003, 1601072525.1895, 1601076040.0045002, 1601079554.8195002, 1601083069.6345003, 1601086584.4495, 1601090099.2645001, 1601093614.0795002, 1601097128.8945003, 1601100643.7095003, 1601104158.5245004, 1601107673.3395002, 1601111188.1545002]
fps.e0:[9739.649503516808, 9766.83463816173, 9751.82908537651, 9728.937129967704, 9784.941278067356, 9770.162446118135, 9754.574565340787, 9786.559596460223, 9767.25121566649, 9775.085688004361, 9801.82706503065, 9802.78294760231, 9819.393236865144, 9816.433019384503, 9814.219320511633, 9827.636105649653, 9840.58913812694, 9845.145309259864, 9836.451383952837, 9847.45957270091, 9844.307832611965, 9840.23518279746, 9824.488794652212, 9836.792226434918, 9797.633716262888]
fps.e0u:[15.167607912509323, 15.448062605461084, 15.323199058305761, 15.314530347200474, 15.530713704646812, 15.55650243033648, 15.548980575432154, 15.553299247143821, 15.705841352892941, 15.731563771051116, 15.728474263020463, 15.68397343762616, 15.640053417931561, 15.638725964660832, 15.873312710031096, 15.869122866972782, 15.669893891642229, 16.060017086680155, 15.86088818804656, 15.852008419298429, 15.877271151405738, 15.73171675117936, 16.02248677773207, 16.014815057652935, 16.026706004881266]
fps.lt:[10396.309390057117, 9402.45398466551, 10684.594281892882, 12232.899213223678, 10167.596108978296, 10797.228380611818, 11274.991315602187, 10028.348747350678, 11013.0332956241, 10864.822306822995, 9937.072220816282, 10473.852880245035, 10090.59712028149, 10211.425193312842, 9859.476899176743, 9618.156103214773, 9340.827399101201, 9452.635573476831, 9930.206753481862, 9658.442204505143, 9735.61322357858, 10202.001937628114, 10405.845626344428, 10205.48856006703, 12075.662138304611]
fps.ltu:[507.43807974393263, 424.58396410179336, 546.2915942358303, 706.9497029751567, 494.9545878263472, 553.8304608826847, 611.7537302134531, 481.12853013674277, 585.7182309855837, 566.6662441672495, 477.5362905457822, 526.8154892868395, 486.5798334329292, 498.396566929157, 472.70819219795754, 452.9081113682977, 418.1500277998962, 438.0171656866301, 476.3734806177782, 451.7029366906057, 459.3891011632269, 502.03565721139734, 529.9315928357184, 508.62574885591107, 711.3100005304163]
fps.c2:[1.397323490123147, 2.284068580119584, 4.081032076521009, 1.9919816136818322, 2.8605278521369972, 4.052853449237411, 1.8106109611591639, 1.1629616536189489, 2.4449239466925636, 2.3171186877721563, 2.291941876391413, 2.730967062054061, 1.3907930804460429, 3.4312371733988067, 1.545722432954698, 0.9276202983010852, 1.254649054285396, 0.6241827208194659, 2.0809076577465686, 1.2498126678995998, 1.313415251290672, 1.116678110706918, 2.8484273373040505, 2.11705644383372, 1.0152196877256479]
