Ri:[100, 130, 160]
Zi:[50, 100, 200, 300, 400, 500]
fps.ts:[1513.851280002594, 4541.553840007782, 7569.25640001297, 10596.958960018157, 13624.661520023346, 16652.364080028536, 19680.06664003372, 22707.769200038907, 25735.4717600441, 28763.174320049286, 31790.87688005447, 34818.579440059664, 37846.28200006485, 40873.984560070036, 43901.68712007522, 46929.389680080414, 49957.0922400856, 52984.79480009079, 56012.49736009598, 59040.199920101164, 62067.90248010635, 65095.605040111535, 68123.30760011674, 71151.01016012192, 74178.7127201271]
fps.e0:[10989.152902812759, 11001.53460080513, 10996.842034478947, 10989.339589997862, 10997.791364584582, 10990.049555179368, 10974.048822997587, 10965.300819452897, 10971.381959346292, 10991.431716266492, 10996.35932048239, 11013.352170164295, 10991.30888300813, 10953.868259211184, 10978.868173422057, 10978.421074504366, 10982.78864043047, 10987.389257397794, 10942.44094224211, 10958.486653993765, 11020.634558854556, 10945.78091115951, 10961.158150683665, 11013.361348116754, 10968.430041851889]
fps.e0u:[17.604361323482962, 17.37054173750366, 17.275657241527618, 17.300721676698828, 17.38808913431071, 17.082095958902702, 17.06522376188593, 17.271976490327933, 17.33236400563086, 17.46575162113677, 17.24980588284737, 17.565743957818903, 17.461764819381326, 17.77181664285628, 17.321990678265095, 17.3985697138772, 17.41392709932203, 17.62209226678166, 17.255876338624518, 17.31377984478462, 17.080107234819828, 17.407040274997204, 17.593113231333813, 17.34686967102264, 17.353245671632962]
fps.lt:[12201.169155512918, 12095.900371078094, 12243.61748743956, 12715.348502549048, 12324.045797701516, 13118.666198764648, 14103.122720524778, 14048.069986120001, 13118.661974808521, 12627.309176973142, 12333.569207025193, 11629.525457483518, 12833.34002857301, 14468.34155236309, 12409.175317142437, 13362.97536985041, 12554.062610629531, 12820.85547550313, 15110.325245841716, 14302.400232292815, 11551.315455075126, 15104.426541465911, 13901.86631690332, 12142.09075842166, 12685.64180359189]
fps.ltu:[711.5928347920836, 688.1327606223914, 710.2306018437405, 757.9192800004928, 719.0588082128105, 805.0898568135457, 925.4679017597288, 929.2782868477992, 812.4703580946057, 758.328252727883, 713.5653213317266, 644.8125499743111, 773.0215703529364, 1010.6731968556137, 733.5569305018961, 841.483818287113, 743.1414705649048, 780.4431789122364, 1073.844863316527, 954.1640333803593, 622.2916978520872, 1069.876456617006, 923.6819781139992, 699.5092874993313, 758.4319591210411]
fps.c2:[1.446871454838232, 1.2500932717269024, 1.5115294076718773, 0.936996338028398, 1.2606332060205045, 0.8926858202906476, 1.189571442557153, 1.9434446598082704, 0.938744433821056, 1.6167217516400263, 1.0843363443399743, 0.8765170309011481, 0.9887045186172906, 0.9078420928736257, 1.7312617306364193, 1.3849557187290469, 1.3512439535484864, 1.235104089511722, 1.9053660728538933, 1.1804543302353887, 0.787633429933722, 1.5313484883862156, 2.014918526208411, 1.1523396629848728, 1.2021206136450955]
FC:[[3.82560237647277, 3.852128498183989, 3.878063157612811, 3.9016197230974234, 3.921777842229559, 3.9456996082020197], [3.8867158460033577, 3.911110568433365, 3.9429122681853, 3.9585237105007374, 3.9769846092917476, 4.003381944637322], [4.002115290401058, 4.020449196384266, 4.06603587959274, 4.091621937420948, 4.117046602211466, 4.14138683671374]]
FCE:[[0.03783757334332586, 0.023879739884430637, 0.01591673139581105, 0.012555510751989414, 0.010608331025120737, 0.009298945834836826], [0.029661743974723178, 0.01865614636611872, 0.012422099873851372, 0.009795240929796546, 0.008283873086056603, 0.007285688042821943], [0.02519536708096172, 0.015289147026702182, 0.01025510386121143, 0.007932092895550967, 0.00673914228839599, 0.00593027473363946]]
