Ri:[100, 130, 160]
Zi:[50, 100, 200, 300, 400, 500]
fps.ts:[300.6127600002289, 901.8382800006866, 1503.0638000011445, 2104.2893200016024, 2705.51484000206, 3306.7403600025177, 3907.9658800029756, 4509.191400003434, 5110.4169200038905, 5711.642440004349, 6312.867960004807, 6914.093480005264, 7515.319000005722, 8116.54452000618, 8717.770040006639, 9318.995560007095, 9920.221080007554, 10521.44660000801, 11122.672120008468, 11723.897640008927, 12325.123160009385, 12926.348680009842, 13527.5742000103, 14128.799720010757, 14730.025240011215]
fps.e0:[10692.671041889951, 10716.708216635687, 10704.503021769078, 10664.14017389869, 10724.524892646024, 10705.728890248134, 10674.796495144426, 10657.37727650044, 10673.695681632407, 10726.165417397582, 10730.9308169862, 10724.253035530537, 10697.55511075248, 10690.620166176459, 10645.010254194814, 10651.965381188944, 10716.50475850497, 10669.717273324375, 10704.426817924932, 10706.337476244424, 10721.411871601567, 10733.661733452998, 10749.104786586444, 10732.191038931058, 10736.13124842242]
fps.e0u:[27.73528003753527, 28.7905289271398, 29.318410218547726, 28.76931692591235, 29.17412777856144, 30.029680673406983, 28.90818500139834, 29.441852060522084, 29.12293883257715, 29.399373346555375, 28.454452285620754, 28.964122388694744, 28.947426543377087, 29.073464531315437, 29.534666164866014, 28.835750967830258, 27.71584900491085, 28.689031839158016, 29.160142803681307, 28.779541008370654, 29.316601001428396, 29.075725135340097, 28.806303101677518, 29.263585472754592, 29.144828690804484]
fps.lt:[10282.89529318235, 10179.166725334191, 10358.83980215862, 12253.021698920658, 9456.676700325646, 10141.119842994276, 12200.92037680331, 11152.512652157231, 11705.655805767236, 9762.631947447986, 9719.032833098903, 9752.133955652278, 11879.117179651885, 10222.074272219326, 13103.713891833348, 11958.71141057682, 11199.916376913852, 11422.615036827934, 10881.911300715743, 11277.157832533101, 9892.498978185688, 10113.069979745907, 9150.022394237067, 10103.389822006913, 9937.627849143973]
fps.ltu:[838.0312757479302, 834.8041581364922, 873.0822924289604, 1215.3637950512848, 724.0822486465192, 863.1080405144286, 1203.3079554247822, 1012.787930586783, 1121.8190558166957, 786.5901209718518, 753.9426403855298, 772.8252536731125, 1142.9063055483928, 853.6991127251886, 1404.1720947519686, 1151.3400208296841, 983.5962202619348, 1055.5047414965911, 963.8212248396428, 1030.8457543266763, 789.8732888944045, 826.2764979034878, 676.0372024826878, 854.4120489202744, 796.2452737567315]
fps.c2:[1.5732573511301189, 1.60136707319923, 1.9925365960339056, 1.51303055893136, 1.740366070941435, 1.2985394747053387, 1.1052967159170108, 1.681958363102474, 0.9805046169021125, 1.0210132766830098, 0.9448703284158965, 0.7856974460781984, 0.6651318828371866, 0.9459975751169043, 1.4584140616571735, 1.1602000150063718, 1.0870632247847405, 1.5352955238431965, 2.1041341011848353, 1.3567345796922736, 1.970207398497512, 0.7328967222113183, 0.8562059104947318, 0.9780777432073298, 1.4649003959864981]
FC:[[10.97139257094728, 9.825294849555709, 9.223634653188935, 8.970689056550732, 8.647676945646339, 8.510601373137375], [9.484162596207698, 8.862435361648535, 8.285683733531972, 8.131228132230541, 8.017544147875729, 7.915274140104528], [11.416425091773467, 10.853917197715887, 10.371218434904936, 10.075615764218131, 9.89411883749337, 9.739568305163994]]
FCE:[[0.4234138881493115, 0.17742764501039007, 0.10172293658189438, 0.0734376768523582, 0.05649413720836433, 0.04711936726589691], [0.18063602370366375, 0.08636477580349305, 0.04797837488772594, 0.035971586369526055, 0.02935796118332521, 0.024921124851750607], [0.17689071768644557, 0.09132246012142337, 0.053591498122757125, 0.03960275269360772, 0.03214164243042569, 0.027384730636723094]]
