Ri:[100, 130, 160]
Zi:[50, 100, 200, 300, 400, 500]
fps.ts:[1735.4525, 5206.3575, 8677.2625, 12148.1675, 15619.072500000002, 19089.9775, 22560.8825, 26031.787500000002, 29502.6925, 32973.5975, 36444.5025, 39915.4075, 43386.3125, 46857.2175, 50328.122500000005, 53799.027500000004, 57269.9325, 60740.8375, 64211.74250000001, 67682.6475, 71153.5525, 74624.4575, 78095.3625, 81566.2675, 85037.1725]
fps.e0:[10780.838152784949, 10811.683008910319, 10795.880822186155, 10835.172808767878, 10807.030561306816, 10830.154490316025, 10810.892539197814, 10838.241090288393, 10831.631637178067, 10842.899791401285, 10846.266454673978, 10835.10594814957, 10834.147579963475, 10857.330806753343, 10848.888672351884, 10846.83919195499, 10875.091561329647, 10880.454638399297, 10852.798056529506, 10858.078008933142, 10871.319693721804, 10876.39633784343, 10835.854638630946, 10870.09675256328, 10844.428845519593]
fps.e0u:[13.8811200680604, 14.088701282643331, 14.140649281119558, 13.97130857684454, 14.05731808977045, 14.151124175390965, 13.986881037999707, 14.210082179741786, 14.196514053906371, 14.190227620921098, 14.15021507776387, 14.008245989435082, 14.088385713720772, 14.069427924574377, 14.009217252981061, 13.971648113807234, 14.161007204604886, 14.059708657078234, 14.224141198708047, 14.309817878936833, 14.033494579869238, 14.088397615632243, 14.134238304736591, 14.15937867421701, 14.17933013967238]
fps.lt:[13566.429667432669, 12725.407173397109, 13489.5055924177, 12108.501514180913, 12950.779669910024, 12212.351305416221, 13833.489304454135, 12101.322133896561, 12727.375461282629, 12736.576089783439, 12113.185486166256, 12883.166437677286, 13815.558489609799, 12089.61090440836, 12594.24992028561, 12666.304866445722, 11663.549560406476, 11975.968460167875, 13627.626119721259, 13291.290200002288, 11501.891995817216, 11893.597512101285, 13371.668626064597, 12390.427948578923, 13390.399851366145]
fps.ltu:[713.7041880410965, 630.4806449827403, 714.5985200336464, 569.2655904661214, 650.9227943036784, 585.1854639865215, 737.3964643756314, 576.6660456424459, 641.5719214010002, 636.3545685314566, 578.0245796410842, 645.8563199003876, 750.2190046067627, 571.1371238905226, 615.2001575217215, 619.1950064730186, 532.3233517897723, 557.0891215646194, 729.0686013444086, 699.2104132340681, 516.7229949582576, 550.8511321000325, 706.2765348338326, 601.5696480462967, 707.5569764375974]
fps.c2:[2.0202636088182904, 1.400247482288108, 1.5624877089947977, 1.924903357418928, 0.6571806066242865, 1.2747494531085835, 2.4443860155941013, 1.6461213538396164, 1.7757054046913463, 2.3461362974953377, 1.07386100615895, 1.8593952115722083, 1.2324021061078443, 0.7420281284487474, 0.9997711906381951, 1.101421824017589, 1.0106871466390785, 1.0170646517180755, 1.8606377185231828, 1.7740832251199996, 0.5296449499176354, 1.5112987276659662, 1.4816158468358662, 2.073584278776541, 2.0792947989093964]
FC:[[3.8463429765338653, 3.900290445177837, 3.90534871730134, 3.926339728458604, 3.9459508365755367, 3.9741526385909522], [3.9102229554911405, 3.96047885468062, 3.966848687489791, 3.983090261926404, 4.005883211200269, 4.032186133826899], [4.020195613772541, 4.07109704242018, 4.085126404291112, 4.109228492324123, 4.132449667034127, 4.162780311053968]]
FCE:[[0.03088987045237078, 0.01973197257349816, 0.013014435854615649, 0.010259001198434287, 0.008687679259556033, 0.007677457993002523], [0.0245880661956748, 0.01540359248189241, 0.010144042455877576, 0.00799063379808844, 0.006615751815738457, 0.005843449294049256], [0.020931730751881355, 0.012748825801551362, 0.008366111745597468, 0.006608957718594002, 0.005622320083900107, 0.004986467582893189]]
