Ri:[100, 130, 160]
Zi:[50, 100, 200, 300, 400, 500]
fps.ts:[1816.628299999237, 5449.884899997711, 9083.141499996185, 12716.398099994658, 16349.654699993134, 19982.911299991607, 23616.167899990083, 27249.424499988556, 30882.68109998703, 34515.9376999855, 38149.19429998398, 41782.45089998245, 45415.70749998093, 49048.9640999794, 52682.22069997787, 56315.47729997635, 59948.73389997482, 63581.9904999733, 67215.24709997176, 70848.50369997024, 74481.76029996871, 78115.01689996719, 81748.27349996567, 85381.53009996415, 89014.78669996261]
fps.e0:[10723.648325046002, 10754.4941174864, 10784.822872330074, 10821.291030538634, 10865.998154419918, 10896.908687404835, 10925.23741968284, 10962.39298720935, 10985.815189005109, 11017.649758542766, 11040.782813120606, 11054.980637617382, 11075.094086378565, 11073.497943609584, 11067.666691908655, 11108.684469694312, 11127.090706899939, 11149.577812455389, 11155.808502107466, 11148.418271588142, 11180.270794639791, 11170.190604070149, 11174.805570026505, 11183.091224740841, 11178.314604547064]
fps.e0u:[11.133412543514364, 11.236062713689588, 11.183021595151645, 11.238345501932091, 11.222637515954876, 11.111999639601873, 11.223333390292513, 11.109619985329676, 11.33066882016114, 11.303733953876385, 11.285536832232903, 11.222756646567436, 11.252159490235584, 11.238603375279002, 11.29860788190054, 11.483477297724086, 11.394670815355973, 11.343352119007129, 11.207882585585853, 11.341025828804113, 11.388989094410334, 11.328248986013373, 11.462187249343375, 11.271028921453423, 11.26903903463435]
fps.lt:[3968.9523039387827, 4076.3126947417754, 4114.970103731729, 4102.435125746398, 4089.8250455475777, 4060.31012281899, 4110.035736596839, 4050.814603802847, 4009.7031535319416, 3982.1010618296777, 3953.899265264652, 3979.4612088381573, 3960.7008641161383, 4030.883466393274, 4089.702277649393, 3994.9207853012686, 3954.8196685173625, 3898.6244774548995, 3969.149064915893, 3992.9855492252414, 3892.590682878646, 3965.970264810487, 4018.619708847305, 3982.138027010578, 4031.5384544648177]
fps.ltu:[51.21115970206699, 54.37536985337218, 55.218176573739626, 55.03626288004089, 54.49452486511913, 53.14681252587113, 54.760362619753685, 52.93306477192669, 52.237207800925276, 51.40867086322952, 50.642288485542096, 51.09130919354902, 50.65773308727037, 52.2840075374765, 54.01001105224128, 51.88039129215108, 50.848466086174994, 49.01414423618683, 50.09006187463852, 51.2977249023012, 49.10658881060754, 50.48582057347875, 52.695503361315424, 50.78716927854926, 52.03896114289524]
fps.c2:[3.2167368694852803, 1.2990073020945283, 1.9644561081065883, 1.9028688264582714, 1.8463516591383875, 1.7358842458163186, 2.4698188132791286, 2.5976725241081526, 2.2802768158891076, 1.2964638790538232, 2.42255660286621, 2.197963647476584, 1.0964080877099318, 1.8734592893464783, 1.9639722187416901, 1.7764834890459122, 2.4220222520582557, 2.0981657833910505, 2.5463725013140297, 1.7022645584175857, 0.931276136054139, 2.814220246902574, 1.8660415169224458, 1.5246090580300593, 1.3090803768592392]
FC:[[4.752183605646198, 4.812492135203541, 4.868227240389876, 4.933280378242665, 4.999724600177485, 5.059248705123731], [4.794740681286172, 4.829119368413251, 4.893917967260014, 4.963362662205617, 5.028040004733752, 5.080938174479835], [4.893389188496553, 4.9228081511740225, 5.000180858133759, 5.066382815004852, 5.122992231028414, 5.170795919970638]]
FCE:[[0.035185346035979344, 0.018383215103673276, 0.011663158336401483, 0.009473356614045709, 0.008172161292264672, 0.0074159877413033015], [0.027325259209282405, 0.014093922039468737, 0.008960277286851111, 0.007299570529339785, 0.006289400475451345, 0.0057106417900775995], [0.02334158981718228, 0.011883031836627167, 0.0074011369085703075, 0.0060029715676420455, 0.005259877357653643, 0.004673395631794593]]
