Ri:[100, 130, 160]
Zi:[50, 100, 200, 300, 400, 500]
fps.ts:[1831.9561800003053, 5495.868540000916, 9159.780900001526, 12823.693260002137, 16487.605620002745, 20151.51798000336, 23815.43034000397, 27479.342700004578, 31143.25506000519, 34807.167420005804, 38471.07978000641, 42134.99214000702, 45798.90450000763, 49462.81686000824, 53126.729220008856, 56790.64158000946, 60454.553940010075, 64118.46630001069, 67782.3786600113, 71446.29102001191, 75110.2033800125, 78774.11574001313, 82438.02810001373, 86101.94046001436, 89765.85282001496]
fps.e0:[10977.91483183074, 11004.87730633792, 10969.766260636487, 10964.225105530073, 10963.806582392748, 10950.338447396025, 10988.77948691069, 10957.107139669057, 10985.33138937465, 10975.596735430598, 10978.085234694716, 10988.631155906365, 11005.139099202535, 11000.45794179899, 10964.718150182462, 11004.949709747903, 10992.718910114798, 10980.156308770735, 10984.625870381184, 10992.91680949969, 11007.994208320675, 10987.728029236625, 10985.524192508712, 10980.981913902737, 10965.88973140672]
fps.e0u:[15.136421060186295, 15.250328460707905, 15.327375141079976, 15.397290948402206, 15.175024335732942, 15.32929161198011, 15.37751308892635, 15.285869068295575, 15.250343156507602, 15.231202367937454, 15.34825142677722, 15.414969340096093, 15.16244022897443, 15.409118751179683, 15.227676135706337, 15.356169344353132, 15.145258260014305, 15.245565177995358, 15.388289282403736, 15.308171463259718, 15.400184217457328, 15.3006359829895, 15.28519606889566, 15.500199519324605, 15.282126850072123]
fps.lt:[12792.97329795495, 11827.770920913632, 12908.072942322835, 13414.014360999377, 13276.242601280774, 13843.28687465652, 12379.998240554967, 13319.354864577483, 12728.09657084639, 12941.766886709556, 13091.510421862371, 12296.932521330984, 11663.626080040607, 12477.434391119084, 13016.401881664722, 12291.422216661307, 12376.449359183916, 12544.263074640898, 12646.052555016104, 12709.41522729248, 11232.775776468232, 12483.2399132198, 12670.863161826885, 12429.551535198152, 14112.807603382875]
fps.ltu:[676.4261151842456, 578.2522742367057, 697.8719571341207, 750.9381115248277, 730.2485878723465, 800.6876700348847, 640.8200127020342, 740.0240904336979, 673.5858742701143, 699.2805841418395, 713.2013147300642, 634.6079296290185, 565.2520721341214, 648.7793111573545, 701.2576238971006, 628.5999277611833, 635.31292758065, 651.7024179792633, 673.8060231091263, 670.8132275413591, 530.9142918527718, 650.3721489989823, 670.1460916080415, 649.1443990316648, 830.5217288559393]
fps.c2:[0.8198839251944994, 0.7253629168824915, 1.5937637106296338, 1.1727437111185648, 1.5742236874089326, 0.7471991833316698, 1.3737982241365416, 1.1374201936051125, 1.1052677217143225, 1.5042268554761766, 1.2565823362700033, 0.5195488321275163, 1.1045194183171871, 1.2056369823276678, 0.94672046852288, 1.933006763012997, 0.9116058556738778, 1.0255650191006653, 1.0322260574414388, 0.6501015523306377, 1.1978708208897126, 0.7437627449134661, 1.1330656467659672, 1.8334717165336687, 1.7639784272689307]
FC:[[3.8731460932338457, 3.8678161205070594, 3.8772765471909634, 3.9137240964622726, 3.945948487443046, 3.970371522270525], [3.8725082005519584, 3.8912610458137435, 3.9311922508765065, 3.9687747249828815, 3.9994556734176303, 4.02313863966224], [4.018298291930572, 4.038675595571979, 4.071369351422918, 4.103286901357673, 4.135037059025133, 4.15505176159627]]
FCE:[[0.0334478408775328, 0.02052701385291115, 0.013515336966645222, 0.010746956613860603, 0.00915410281699949, 0.008033293588904398], [0.025811938856155653, 0.015787799924286146, 0.010495808336314073, 0.008354512093708757, 0.0071181491466810335, 0.0062666027671363506], [0.021899386093885868, 0.013593628335913627, 0.00899030931013618, 0.007137593741657112, 0.006085888084922625, 0.005356863411269642]]
