Ri:[50, 100, 150, 200]
Zi:[100, 200, 300, 400, 510]
FC:[[4.051499361170288, 4.033551971426553, 4.0502469167978745, 4.050722914786449, 4.062135166292818], [4.019474577689097, 4.026618914712671, 4.043192947221853, 4.0606804331795034, 4.079259850185402], [4.1248799388983075, 4.149254125120816, 4.169145976147232, 4.192912948038059, 4.218804787279464], [4.782633463176402, 4.826370779370623, 4.854398747083654, 4.8764614987887125, 4.893763752628974]]
FCE:[[0.03597283921814791, 0.024185941699531102, 0.019651620036680324, 0.016985299568152513, 0.01497490953275586], [0.01776496078046654, 0.012070156266925194, 0.009763369173557973, 0.008436698353286313, 0.007453788670612366], [0.01200231790893472, 0.008168756069083138, 0.006586879647313237, 0.005685377849405756, 0.005038660131178823], [0.011175248742060875, 0.007622242518006337, 0.0061540820158015545, 0.00530543512795777, 0.004691652259199838]]
fps.ts:[1614348091.6620803, 1614351563.5222402, 1614355035.3824, 1614358507.2425601, 1614361979.1027203, 1614365450.9628801, 1614368922.82304, 1614372394.6832001, 1614375866.5433602, 1614379338.40352, 1614382810.2636802, 1614386282.1238403, 1614389753.9840002, 1614393225.84416, 1614396697.7043202, 1614400169.5644803, 1614403641.4246402, 1614407113.2848003, 1614410585.1449604, 1614414057.0051203, 1614417528.8652802, 1614421000.7254403, 1614424472.5856004, 1614427944.4457603, 1614431416.3059201]
fps.e0:[10723.523563874796, 10716.64065735116, 10733.152276264105, 10719.306728127247, 10716.750807629782, 10712.317638180462, 10726.953082300086, 10706.334497228016, 10706.247118237818, 10727.021119044244, 10687.734867204743, 10665.91379070617, 10717.111907593346, 10702.512591117518, 10742.969774333531, 10698.014937352675, 10740.29958343425, 10704.769636088677, 10675.06776081051, 10732.370256230626, 10716.961081850162, 10701.772778568973, 10697.621042509416, 10712.70277072566, 10699.354011196796]
fps.e0u:[16.52367427002178, 16.596875116490143, 16.243240519139462, 16.420435787976864, 16.496466428500533, 16.50730904232475, 16.490649999138643, 16.284207973727035, 16.66197913064244, 16.36474810958081, 16.38729587245274, 16.722271690936626, 16.675931744822883, 16.529328526899647, 16.67309022252876, 16.592656935735004, 16.485683047233678, 16.51010169354773, 16.466302963378816, 16.282290730756607, 16.40194562174276, 16.46518122617193, 16.69879109965333, 16.539023395127966, 16.66141356395872]
fps.lt:[17310.58681207111, 17365.780801901976, 18031.739053622154, 19060.840119356555, 19928.797582334544, 19295.234307120743, 17460.24750931294, 19563.241381149666, 19816.451323030607, 17921.703197022267, 22723.385244482015, 22729.798322087434, 18349.934999109606, 20029.28440920134, 15926.853794881778, 20837.671022049042, 15697.435083869608, 19263.651762268284, 23036.094814382337, 17333.009992771553, 17887.184254283115, 19627.11612835446, 19611.175943749364, 17503.4134057804, 21172.26337178485]
fps.ltu:[1390.9435155864776, 1408.000477687874, 1494.0666910464997, 1671.3256107849174, 1834.9119657026486, 1734.704041997929, 1417.1982531219012, 1748.8493477835036, 1837.470012088681, 1482.3429532609039, 2370.2832185039388, 2426.9717646645677, 1582.052622161501, 1853.0091753795643, 1192.9465873714857, 2021.7594789794794, 1149.8890359396746, 1725.438536928394, 2466.106342054295, 1385.9684377153606, 1477.1091182001494, 1786.6910825058924, 1806.625913109101, 1436.0853665037364, 2094.584185570983]
fps.c2:[1.7452902301241235, 1.9267423222999491, 1.0638799788332518, 2.0439447664135617, 1.9248122537518018, 0.8729001712156879, 1.7922504797350836, 1.9777391728330618, 1.5169940802946942, 1.6501259459953042, 1.993294435369044, 1.287852559103026, 2.7505952865419987, 0.9841546676790235, 1.314276572549159, 0.9610308088987238, 1.4038900593963606, 1.117275113944379, 1.031026834691122, 2.1898553102904574, 2.189089751034488, 1.7780782093999898, 0.7169534728067077, 0.6777332476853708, 2.288724643754915]
