Ri:[100, 130, 160]
Zi:[50, 100, 200, 300, 400, 500]
fps.ts:[1005.6342399978638, 3016.9027199935913, 5028.171199989319, 7039.4396799850465, 9050.708159980773, 11061.976639976501, 13073.245119972229, 15084.513599967957, 17095.782079963683, 19107.05055995941, 21118.31903995514, 23129.587519950866, 25140.855999946594, 27152.124479942322, 29163.39295993805, 31174.661439933778, 33185.929919929506, 35197.198399925226, 37208.46687992096, 39219.73535991668, 41231.00383991242, 43242.27231990814, 45253.54079990387, 47264.80927989959, 49276.07775989533]
fps.e0:[10832.951650980662, 10868.876872060231, 10896.13933697399, 10875.694391130777, 10849.410450598267, 10882.466810656051, 10870.18087703444, 10812.428207368852, 10880.476950283259, 10865.226491692481, 10849.505493100885, 10831.783747657872, 10861.768278866424, 10831.533313928372, 10816.71650279179, 10873.860825113221, 10842.024849167627, 10821.319582546495, 10863.573981900996, 10831.169003745343, 10865.71760997699, 10898.57616268564, 10881.560146696396, 10895.078949655719, 10882.992248997685]
fps.e0u:[23.35180164221443, 22.370982385967316, 22.62967977360243, 22.917310514811717, 22.574746444448664, 22.868338730970418, 22.692196012290466, 23.161621548003296, 22.78607911493372, 23.307535002362577, 23.013601430905645, 23.23513890657597, 22.570914857871717, 23.07948259284767, 23.115552664510815, 22.673679500000215, 23.052378672375028, 22.724537897330386, 22.830632614849623, 23.158988034180485, 23.344636863399575, 22.951324235118417, 22.819374248684262, 23.05889877385893, 22.959879718097323]
fps.lt:[6612.656332015097, 6610.239744157331, 6320.911022364769, 6440.214376810152, 6599.006329767506, 6344.577999937142, 6557.795198733502, 7028.136930859084, 6234.898742987596, 6611.798286964039, 6653.789456089011, 6768.407302052956, 6325.055239599099, 6828.770907978053, 7054.742167201671, 6415.78559185373, 6657.063192130464, 6896.876270943927, 6456.499068787512, 6889.4972991674085, 6391.446042162241, 6213.780302373618, 6193.284198663475, 6232.965035142562, 6424.800671119565]
fps.ltu:[286.0173557376455, 273.0386329321595, 252.7738681889658, 265.94471905248855, 277.3495883574471, 257.2108484545889, 272.91882244185194, 320.71658640765094, 249.59983830747817, 282.5264122895828, 284.1668423150615, 294.8417627375604, 253.60962659487416, 299.8178347203521, 319.3401760372576, 259.7863854123207, 285.1760470083793, 303.3887547879132, 264.6643640798723, 305.5523030421682, 266.3009652828306, 245.57356154655918, 241.89543754365178, 248.82632757764952, 264.2599967581785]
fps.c2:[1.4025219147437613, 1.424640498499532, 2.0345621380534022, 0.9361330730262848, 0.8348299290705317, 0.47718249864159284, 1.9235132290136154, 0.39947343840967586, 0.5688206753286538, 1.186107640372169, 0.917109161087706, 0.9214969736381529, 1.9545902041790353, 1.212805518098947, 1.5345393956778983, 1.3327722332148235, 1.8147306185788248, 0.5449353154480383, 1.874822878590097, 1.1252078619162995, 0.753979569847033, 1.1979392745226751, 1.1375326154523913, 1.2175304512109448, 0.7392880198006668]
FC:[[3.848732525804413, 3.930104174554469, 4.001537018423985, 4.034896758546087, 4.074889360308803, 4.104030057487021], [3.9083043966540045, 3.964389132516007, 4.021686983632946, 4.074026817207921, 4.116234754347246, 4.15231039434403], [4.058505694176182, 4.094438741876982, 4.1536005559372615, 4.215455566281816, 4.257836363220951, 4.298855405381952]]
FCE:[[0.054086400804197576, 0.03288884423400557, 0.021074136596075654, 0.01650835828468901, 0.013994059746805385, 0.012403326486113735], [0.04293353959906535, 0.025282719734038464, 0.016161593610303438, 0.012764097762091165, 0.01088436984946382, 0.009670547713259633], [0.03738414809842442, 0.021236286619523006, 0.013646767175452625, 0.010655640756829544, 0.009103024159417807, 0.008109673987125702]]
