Ri:[50, 100, 150, 200]
Zi:[100, 200, 300, 400, 510]
FC:[[4.097417080453488, 4.092347531315947, 4.094018842215366, 4.089404104977316, 4.09619009959064], [4.057112749845733, 4.052393035860134, 4.062371857581713, 4.077876698198986, 4.0998936400497925], [4.181225608730851, 4.178505912938212, 4.2011376430184, 4.221846390911952, 4.246107061475676], [4.816515247398993, 4.847969273653706, 4.88180533939905, 4.907956810985067, 4.924527177061384]]
FCE:[[0.04150674896247886, 0.0276009034112725, 0.02227187038787992, 0.01904569196546193, 0.01676137779629191], [0.02000951007188293, 0.013500846282744223, 0.01090262888093731, 0.009391745429555148, 0.008314416113013038], [0.013582290811959543, 0.009175491553630165, 0.007418633495147158, 0.00639846504967364, 0.005659326053714274], [0.012564636972690038, 0.008527973480907848, 0.006897907485837049, 0.005962295420431365, 0.005265565260815458]]
fps.ts:[1615804133.88202, 1615807552.7940602, 1615810971.7061, 1615814390.6181402, 1615817809.53018, 1615821228.4422202, 1615824647.35426, 1615828066.2663002, 1615831485.17834, 1615834904.0903802, 1615838323.00242, 1615841741.9144602, 1615845160.8265002, 1615848579.7385402, 1615851998.6505804, 1615855417.5626202, 1615858836.4746604, 1615862255.3867002, 1615865674.2987404, 1615869093.2107801, 1615872512.1228204, 1615875931.0348601, 1615879349.9469004, 1615882768.8589401, 1615886187.7709804]
fps.e0:[10679.936553645577, 10659.81538341743, 10653.819906323753, 10716.348638517771, 10687.429553259051, 10673.56104608502, 10688.194146928141, 10658.132028557253, 10700.70696976982, 10685.377996594761, 10705.041782978524, 10688.064552926426, 10661.550243801417, 10715.00632125771, 10662.631928950459, 10650.41071167354, 10685.984760714571, 10698.34284337675, 10668.346865978527, 10673.45324600446, 10667.531351472673, 10703.767054432716, 10684.168065442844, 10699.881335554017, 10697.727300087048]
fps.e0u:[17.969075248249272, 18.252747656032966, 18.099125425208282, 18.192976621244874, 18.217345974627566, 18.348130990596896, 18.059137802031444, 18.33112038461161, 17.94056248526429, 18.276407852071085, 17.97527917066921, 18.212567960218955, 18.2097652202292, 18.207848830057777, 18.179779576378856, 18.200971634581574, 18.155810657001833, 18.277621102879014, 18.311391316023172, 18.159327854216787, 18.07441955148236, 18.24266010524377, 18.36315223735154, 18.522539083691413, 21.750289504946643]
fps.lt:[17522.265884889177, 22342.008365419195, 22240.433966600896, 15749.96910499993, 19224.238815494118, 19013.374187605892, 20002.001292930585, 20560.001954666484, 17546.80695699925, 18072.803230313802, 16085.061725077268, 18420.925201890284, 18981.81236636313, 16075.368216866176, 20645.011067078325, 25116.12338689448, 19463.156021948496, 17906.140461087696, 20530.914452266876, 18686.0203438187, 19520.955790720207, 16365.231491754797, 17800.942625488573, 17099.341475646095, 19038.91658091538]
fps.ltu:[1564.116148652131, 2551.5460456360347, 2523.419046324426, 1276.1742567447745, 1897.2463771380453, 1869.307759849091, 2043.3477710944762, 2177.1707206890346, 1562.9489993593977, 1688.7200749112276, 1313.886663668222, 1741.4982502948903, 1855.9913656210817, 1321.442969333214, 2190.7107837463527, 3243.250894975397, 1936.9007003570837, 1657.1095750014654, 2161.6886754247494, 1806.1427085414068, 1946.753618878399, 1379.881192189357, 1641.9332684239816, 1516.892090932887, 2236.2147471066287]
fps.c2:[1.8459855071870257, 1.1949023479617613, 2.3750592529078127, 2.5508020939268268, 0.7922676637582735, 1.4047980176111328, 1.775906090674226, 1.2825170813148907, 1.43805782236657, 1.2680774897724123, 1.7686903061432655, 3.3106217049977875, 1.6608014733025789, 0.842103312549921, 1.085621989046191, 1.6275315687571987, 1.9228328655785083, 1.7502991981176428, 0.8219374062468331, 1.2139440721536052, 1.724676329026353, 1.0516936073639758, 0.945036708005428, 1.2023711562485253, 0.9060125070234117]
