Ri:[100, 130, 160]
Zi:[50, 100, 200, 300, 400, 500]
fps.ts:[1421.5311600017549, 4264.593480005265, 7107.655800008774, 9950.718120012283, 12793.780440015795, 15636.842760019303, 18479.905080022814, 21322.967400026322, 24166.029720029834, 27009.09204003334, 29852.154360036853, 32695.21668004036, 35538.27900004387, 38381.34132004738, 41224.40364005089, 44067.4659600544, 46910.528280057915, 49753.59060006142, 52596.65292006493, 55439.71524006844, 58282.77756007195, 61125.83988007546, 63968.90220007897, 66811.96452008247, 69655.02684008598]
fps.e0:[10834.762881946375, 10830.634214503207, 10810.668056767732, 10809.094946016392, 10808.688335511184, 10828.107829295459, 10848.419570395397, 10848.885333351733, 10848.913017963816, 10829.131662178756, 10795.49400756487, 10821.634039267343, 10832.591269068374, 10811.047022247169, 10807.626171811138, 10843.156722977206, 10811.552738642788, 10829.851490587122, 10780.495992547289, 10825.485643238333, 10785.706544024293, 10792.734002780531, 10870.317656104553, 10839.60723421504, 10796.979005335144]
fps.e0u:[18.449051562210883, 18.326767904132, 17.918170451413907, 17.951222279994102, 17.817802640009194, 17.446170744606356, 17.28145103424087, 16.943688164141726, 17.229143929624044, 17.296419913636782, 16.970627707325825, 17.078271658424473, 17.292491277434742, 17.30275702691046, 17.241615226782404, 17.179469641957507, 17.260506344393416, 17.152891466817554, 17.541903794915957, 17.277677638735657, 17.17475311388983, 17.186513438568646, 16.989028239114372, 16.90516927268819, 17.707472933755074]
fps.lt:[10081.735412866923, 10233.144959665595, 10985.487727895217, 10594.669601485024, 10459.444540600216, 9845.577281308812, 9618.909390641518, 9575.234306028746, 9991.892415428953, 10536.510448316047, 11199.679311888438, 10323.45167928722, 10125.73802523194, 10813.616964904924, 11347.80182920498, 9991.271563175256, 10489.659315453519, 9907.12374497582, 11591.686736742782, 10436.237952730773, 11698.052365947437, 11701.23323695839, 9690.725066216268, 9811.293281301443, 11366.067891567553]
fps.ltu:[520.0137293670194, 531.9725849828191, 601.4266213922884, 557.4999660880314, 538.1571641018384, 467.91354691618517, 448.77448026731247, 434.65341386186344, 473.9640500949212, 531.8467325796042, 598.3612197969699, 506.83431841215213, 490.39356513020135, 558.3233126032718, 613.9636183504812, 477.66709852318706, 529.7097427141815, 465.4798529915637, 647.6640076051121, 518.273324229897, 653.842749937183, 655.4103872255087, 442.7851846711877, 453.61225038730714, 631.9193018098622]
fps.c2:[1.3944047872760625, 1.2095160425384999, 1.5542845803676846, 1.4445490054685122, 0.9196122874957049, 0.9833618301430813, 1.1630194719711606, 0.611789099010915, 1.1798336233787174, 0.7592163370133588, 1.8194290232715635, 2.083031793134471, 1.2055410282723031, 0.6919073681486126, 1.386505668400037, 1.1885304437840016, 1.3184073538180665, 1.5048905404457562, 1.4019271382066092, 0.7796300656899212, 1.4594998428849508, 1.1204677896716495, 1.3661299232898183, 1.1659028914431595, 1.4995597955296291]
FC:[[3.817150536175894, 3.7971277386069144, 3.817137297723595, 3.8698783969999377, 3.896828322334521, 3.9249166303239416], [3.8517342107740955, 3.83549448503056, 3.8633055808889325, 3.9127380926924564, 3.943031706993013, 3.9780604378405378], [3.961369415947582, 3.9741370063894834, 3.9970310873802206, 4.046237335417545, 4.073163050284114, 4.106166780652695]]
FCE:[[0.04193398893557487, 0.02496543439222749, 0.01564672488000185, 0.012406718076174258, 0.010488837329317538, 0.00924602596269852], [0.03214082634504914, 0.018596468822799264, 0.012083686035114552, 0.0095918345801698, 0.00814751854057828, 0.007052233310409973], [0.02581974494425674, 0.01555636394464334, 0.010051016479616945, 0.007976824828756073, 0.00678283674092184, 0.006021976588058276]]
