Ri:[100, 130, 160]
Zi:[50, 100, 200, 300, 400, 500]
fps.ts:[1753.0073000001908, 5259.021900000573, 8765.036500000955, 12271.051100001336, 15777.065700001716, 19283.080300002097, 22789.09490000248, 26295.10950000286, 29801.124100003242, 33307.13870000362, 36813.15330000401, 40319.16790000439, 43825.18250000477, 47331.197100005156, 50837.21170000553, 54343.22630000592, 57849.24090000629, 61355.25550000668, 64861.27010000706, 68367.28470000744, 71873.29930000781, 75379.3139000082, 78885.32850000859, 82391.34310000896, 85897.35770000935]
fps.e0:[10854.409015794381, 10857.918017344735, 10842.81930207668, 10838.345860934865, 10853.127537170303, 10846.44348141731, 10844.24254920451, 10833.850807058634, 10860.917452579697, 10858.678339866197, 10861.323606929402, 10849.01544592801, 10839.548024528784, 10843.350715653285, 10858.61429301501, 10855.427057015979, 10861.790270413354, 10852.466059247914, 10888.518235392714, 10866.011605936768, 10859.046325207775, 10862.33494185445, 10875.885044299792, 10855.000234939725, 10872.22101845996]
fps.e0u:[13.27849570056066, 13.275307413919434, 13.252226654563113, 13.3716238798354, 13.172810968052193, 13.217355965397221, 13.07088394991593, 13.12322856942489, 13.136269395390698, 13.106451569448335, 13.044813469070965, 13.056780201078235, 13.130764981179311, 12.930853923707357, 13.03720592320712, 13.375762416313043, 13.152342715154688, 13.350649300817302, 13.081152384907154, 13.036411623132919, 13.053373989391355, 12.913278415331606, 12.897723381804763, 12.874927288008399, 13.001136795521445]
fps.lt:[5451.287480817807, 5394.25356315944, 5527.558939885891, 5663.0407026883995, 5646.083283295162, 5529.9285226660295, 5557.4440216108105, 5656.9046218853755, 5501.888864884288, 5508.99871696636, 5554.378890157218, 5570.857592798698, 5697.713667293514, 5656.2681006339335, 5551.637694938965, 5483.372704056728, 5590.828999075991, 5660.394588755999, 5431.810833661961, 5625.138155281546, 5750.805963461444, 5843.380394563043, 5723.248428287215, 6074.137532931014, 5816.713003421603]
fps.ltu:[108.09669947211958, 106.00987042894228, 111.60693240639658, 116.61661105152466, 115.08350248489437, 111.13562074708454, 110.94106544430602, 115.27930037244492, 109.39078577656885, 109.16702564348337, 110.36475276099736, 110.9626136500245, 116.94193255436639, 113.00769505558561, 109.08223846761642, 109.84696015638839, 112.28160852756926, 116.73311665923585, 105.47203232491054, 112.66288511408271, 118.27615699992171, 120.30665141866432, 114.73939666476886, 129.36092528535895, 119.3992923412337]
fps.c2:[1.6616917573734504, 1.1555412512963086, 2.3021327586984515, 1.3359602269921287, 0.6958240118319826, 2.05561803739944, 1.5445940215164695, 1.7185546517992252, 1.0134733635027509, 1.8293585540463724, 1.8609761287760345, 0.3980563926212036, 1.6546017872310421, 1.2462532378344204, 0.9921428729294648, 2.595954221056892, 1.6255042433822917, 2.230401941969391, 0.9104461294790968, 1.7835765118633273, 0.8489397350439323, 1.631846691804682, 1.6398548494739844, 1.0339608774539326, 1.5906449950038386]
FC:[[3.7436106888215823, 3.803549512145669, 3.8706906546236737, 3.9314763259491174, 3.989897068413917, 4.050053842835355], [3.793833640010038, 3.8496061341115384, 3.9095720806126564, 3.96681783900281, 4.027628191095106, 4.091371832925297], [3.9299483802731054, 3.9749000303527526, 4.027535760637007, 4.0856217125050405, 4.148398447609913, 4.209972994915331]]
FCE:[[0.03704311471314679, 0.019218441613547597, 0.011540800439950519, 0.008798267279243948, 0.007472309590224659, 0.006653519556421159], [0.028612479833762663, 0.014765688867299304, 0.008985574048270942, 0.006831620853973159, 0.00580388454125359, 0.0051850079264937066], [0.02464636365751957, 0.012253597124872596, 0.007386047449883693, 0.005770952091832506, 0.004925729065821915, 0.004402102462977563]]
