Ri:[50, 100, 150, 200]
Zi:[100, 200, 300, 400, 510]
FC:[[4.043829216956647, 3.9796165367010508, 3.999703038918594, 4.019874693107917, 4.042778424796702], [4.003231192768547, 4.023294892009704, 4.043553227146723, 4.077142329066595, 4.1029524094202054], [4.130581753707758, 4.149767750853271, 4.174113571966099, 4.209077621437688, 4.236871342341722], [4.720795783191272, 4.775025935819827, 4.807241154877832, 4.849462945409117, 4.878897615561722]]
FCE:[[0.045138511958266826, 0.03062823279059808, 0.02430083432326159, 0.021075922751041146, 0.01862430434059441], [0.022085023944854287, 0.014956276740951806, 0.012126567760725014, 0.010560259518075245, 0.009360335444983277], [0.015113951757058236, 0.010240317097550074, 0.008276150640416195, 0.007185742719425299, 0.006371223653074516], [0.014125713859000326, 0.00956989221803133, 0.00773877967013553, 0.006717052374671155, 0.0059664859061948705]]
fps.ts:[1606921609.6209002, 1606925089.8906999, 1606928570.1605, 1606932050.4303002, 1606935530.7001, 1606939010.9699001, 1606942491.2397, 1606945971.5095, 1606949451.7793002, 1606952932.0491, 1606956412.3189, 1606959892.5887003, 1606963372.8585, 1606966853.1283002, 1606970333.3981001, 1606973813.6679, 1606977293.9377003, 1606980774.2075, 1606984254.4773002, 1606987734.7471004, 1606991215.0169, 1606994695.2867002, 1606998175.5565002, 1607001655.8263001, 1607005136.0961003]
fps.e0:[9963.019129513583, 9968.717982929737, 9980.277600606192, 9989.283003404269, 9986.258055932678, 10021.355038156991, 9989.868781640505, 10004.368975835503, 10002.441556247773, 10001.285053285626, 10009.01169444315, 9971.63433019138, 9976.797224805006, 10030.519646293675, 10003.18126973205, 10009.521750904061, 10040.149517803342, 10042.073685225532, 10016.305901757127, 10025.281962562614, 10025.213316049534, 10024.099913592807, 10013.115954115292, 10031.554762263857, 10000.67960196811]
fps.e0u:[19.41388640459194, 19.539733946706768, 19.358884515905956, 19.702389138333853, 19.620863331281445, 19.82520134175823, 19.975496495865993, 19.837796638628074, 19.830574625348543, 19.735893624657976, 19.69370325084489, 19.79436356302855, 19.641855555979912, 19.719803927505097, 19.97393902125018, 19.867683422509636, 19.87192198966464, 19.97516503013881, 20.128896433030256, 19.958432308633178, 19.69500992392745, 19.775355979036682, 19.70076699044656, 19.81834156798412, 19.911225331234938]
fps.lt:[17947.90800064418, 16733.2942305562, 18116.100745258187, 16078.092209345874, 15644.724855712959, 13316.89721101973, 16453.376315478665, 15331.95822574618, 15729.629939299732, 17689.991107589205, 15312.600697256867, 19779.003004962997, 18719.92795162243, 13600.027345872042, 15914.219680946288, 15829.065302168861, 13302.290502528063, 12704.623095843983, 14654.019411363748, 14959.03848678646, 14521.557652940233, 14247.762685240736, 15087.868538416775, 14125.006166971276, 15726.917982484765]
fps.ltu:[1876.1009853663318, 1637.210966143185, 1928.4004917616403, 1540.2302565547373, 1454.6287158089272, 1069.5849345466734, 1637.2745772521862, 1409.7123575140918, 1482.946836482377, 1880.6613761810854, 1410.0538472949113, 2349.3957431316653, 2091.0432218175924, 1111.0510210241287, 1522.1658492942531, 1506.2858466874648, 1064.246404000587, 983.6183467002735, 1308.4820772841695, 1355.3265269011606, 1261.9629023809962, 1224.3685088631873, 1363.9176391401486, 1205.8459406008735, 1495.1048068280581]
fps.c2:[0.3816761870799536, 0.7223389709816914, 1.2566787343185115, 0.5831547353246523, 1.374467058700914, 1.043415279086036, 0.8153579613214978, 2.212116868678014, 0.779193773292955, 0.8247077412230274, 1.2888016060802496, 1.3220052687252368, 1.442131689095123, 1.1330263824738045, 1.6519394971402788, 1.293897653381497, 1.0504099653040784, 0.9683824151904898, 1.1763330535327374, 1.2039795545706926, 1.776170369617718, 1.6463017931920059, 1.3914586024672413, 0.5394064197294018, 0.8919678495038347]
