Ri:[100, 130, 160]
Zi:[50, 100, 200, 300, 400, 500]
fps.ts:[1737.5703599977494, 5212.711079993248, 8687.851799988746, 12162.992519984246, 15638.133239979743, 19113.273959975242, 22588.41467997074, 26063.55539996624, 29538.69611996174, 33013.836839957235, 36488.977559952735, 39964.118279948234, 43439.25899994373, 46914.39971993923, 50389.54043993473, 53864.68115993023, 57339.82187992573, 60814.96259992123, 64290.10331991673, 67765.24403991221, 71240.38475990773, 74715.52547990321, 78190.66619989873, 81665.80691989421, 85140.94763988972]
fps.e0:[10925.491382331093, 10939.681673609623, 10919.82515749755, 10911.73770858159, 10933.101920109146, 10932.959925085135, 10912.271569099865, 10915.403148206975, 10908.14118659526, 10887.470296614158, 10906.181525848117, 10901.047490140127, 10904.975452014574, 10917.185949575598, 10929.80490112051, 10907.438310560154, 10918.122092297177, 10929.304261093977, 10918.56606434909, 10917.734526647138, 10924.234605961707, 10924.852098472664, 10906.614184758597, 10901.093846658547, 10897.07646492942]
fps.e0u:[11.831217047253729, 11.63758713445539, 11.98410741162822, 11.803857735039491, 11.83350330984513, 11.841141086901173, 11.905395238311712, 11.752231971387776, 11.74469615654075, 11.678778378382285, 11.864723205476997, 11.843481724497499, 11.909827991395142, 11.899147069135152, 11.828577810055668, 11.833410706545626, 11.832127363830242, 11.933767839890619, 11.980383607083875, 11.927597499250929, 11.819855397088022, 11.915920261791705, 12.173475261712161, 12.023967273485473, 11.726908929534888]
fps.lt:[6213.2341406957175, 6072.638798815924, 6327.851069098014, 6299.382331617696, 6117.507899027664, 6296.756604592212, 6298.599476043342, 6439.5994852653985, 6356.37902274437, 6600.180088450478, 6372.482978232808, 6509.7097654305535, 6450.662262410965, 6247.707690783942, 6182.845508049484, 6447.294657808267, 6286.542161493175, 6227.734148012283, 6363.581040480935, 6401.674609531211, 6275.4276029282055, 6165.374149661642, 6505.14343244252, 6439.262796755454, 6576.047915462305]
fps.ltu:[124.45211113512364, 117.42905762114405, 130.2779150182926, 128.4862436385769, 121.29052102709494, 127.58297205973378, 128.37097788146556, 133.03101053941086, 130.04720999429122, 139.26737111001262, 131.28872765561886, 136.62956089324123, 135.0031441984817, 126.39563576848737, 123.66280611483757, 134.53289509959376, 127.1649345393938, 126.09483848240427, 132.51890943407358, 133.32755926829978, 127.35170882526968, 124.28215212925355, 140.1136607139579, 135.29719785309692, 139.26154025299107]
fps.c2:[2.2370575439139597, 2.331672471061911, 0.9635556955249543, 3.125766920031353, 5.22625289556529, 1.9370290837175437, 2.0571648120949546, 2.2027997215940074, 1.900443854543402, 3.99206782614664, 2.3446154754519286, 2.195479764611964, 0.8305664169361736, 1.616498151503927, 2.434186357032656, 2.7069223118072796, 1.8078150544028138, 1.6092375910591865, 2.6334308038554513, 1.7081476672612355, 2.2166432388285306, 2.766482142929001, 1.7661574748895674, 0.6949109904827971, 2.3112313782717138]
FC:[[3.866049791996014, 3.876509747327429, 3.9111330736090144, 3.9845819953292847, 4.0733657099118155, 4.176998022989577], [3.9018769564252627, 3.9094086463622855, 3.950683331095219, 4.026683213953182, 4.115718160270833, 4.21757076784864], [4.040475089191514, 4.035746151930847, 4.080647412565775, 4.149650073814912, 4.241791821846541, 4.331656797011056]]
FCE:[[0.031514837485325034, 0.01698242231012255, 0.010503063409622608, 0.008300080003945838, 0.007141849867171239, 0.006319672280207712], [0.024485927159151166, 0.013076240380930994, 0.008085423417675068, 0.006397175216146842, 0.00551615869463451, 0.004884691832132935], [0.02099759269268648, 0.011090815194999343, 0.00683465837602596, 0.0053937987486794405, 0.004553009941459963, 0.004109365904820314]]
