Ri:[50, 100, 150, 200]
Zi:[100, 200, 300, 400, 510]
FC:[[3.991022265653745, 3.9779117477765835, 4.004362496818869, 4.0396657717330555, 4.073840528479763], [4.001981238859983, 4.007486349054852, 4.036899612239771, 4.0720818130032335, 4.1045176217694035], [4.102090707431171, 4.124654489038537, 4.159102358710168, 4.194208822908614, 4.230699338433665], [4.383105775439197, 4.434904618011157, 4.489979140249972, 4.534567819241579, 4.5740193454889635]]
FCE:[[0.026732122637417956, 0.018001030298714672, 0.014682992838466457, 0.012821227918431473, 0.011356609851802016], [0.013642899689869047, 0.009242769423256846, 0.007485692767630298, 0.006486663019100959, 0.005722437751054068], [0.009444594293043604, 0.006382210470616381, 0.005167996470583844, 0.004466110992847556, 0.003948748686234022], [0.008131851664592144, 0.005509665638993815, 0.004459261787710252, 0.0038614308413978285, 0.0034223633472599485]]
fps.ts:[1601481678.70844, 1601487375.81132, 1601493072.9142, 1601498770.01708, 1601504467.11996, 1601510164.22284, 1601515861.32572, 1601521558.4286, 1601527255.53148, 1601532952.63436, 1601538649.73724, 1601544346.84012, 1601550043.9430003, 1601555741.0458803, 1601561438.1487603, 1601567135.2516403, 1601572832.3545203, 1601578529.4574003, 1601584226.5602803, 1601589923.6631603, 1601595620.7660403, 1601601317.8689203, 1601607014.9718003, 1601612712.0746803, 1601618409.1775603]
fps.e0:[9943.439781987125, 9935.639497847424, 9942.66477714776, 9949.355305738252, 9938.137974744774, 9944.81364901951, 9941.998791216567, 9971.01310593939, 9931.378369151653, 9949.50930349009, 9950.571245334539, 9928.47480791191, 9952.864329893919, 9955.8839488354, 9931.592336819309, 9943.130778508461, 9952.367149708183, 9968.61086087771, 9945.631161760248, 9933.607442018505, 9973.873478170102, 9911.778139176919, 9942.91473923752, 9967.093454597762, 9949.085835791122]
fps.e0u:[12.699996890922762, 12.683986736776863, 12.706980188644451, 12.578392630991173, 12.50034541897801, 12.832120175156538, 12.721782592022956, 12.614628508968078, 12.81810319623905, 12.701563786342453, 12.61615207999426, 12.716000112906503, 12.828625812907928, 12.687808740523172, 12.730402335422855, 12.828728405787343, 12.714525300158078, 12.6882174158616, 12.96757741992986, 12.865593827332418, 12.725905365457349, 12.816793239024273, 12.806839568327124, 12.73910317575181, 12.722348375571562]
fps.lt:[13439.098899579181, 12947.804186570549, 12895.856105547065, 12841.598924558577, 13728.33611223054, 12819.622937342545, 12969.149671951727, 11592.80528350794, 13729.945812129197, 12948.385936826491, 13072.614670995294, 14033.335269443947, 12639.953767758916, 12419.134795447657, 13945.401257546939, 13088.291640556681, 13053.83752674443, 12388.289766012149, 13624.850181218715, 13394.990108767806, 11784.58299035836, 14275.35489992835, 13242.392314858125, 11995.819594759421, 12645.222120003302]
fps.ltu:[691.9879887872692, 642.9974520896986, 638.373813694999, 627.9885595562454, 714.6748997111829, 635.9106513368977, 646.2965381969342, 514.6949260456129, 728.2328100789146, 641.302880553762, 651.6622908712337, 757.802186912906, 618.0745978073779, 592.2596024804745, 745.6195685852111, 664.9096309045159, 651.5844310613984, 587.5049205302746, 725.6419517053242, 696.3251532070178, 532.3744544032766, 787.2691506845543, 682.0296613204935, 554.093408066017, 614.8661583942624]
fps.c2:[0.709013030055988, 2.0876783107346544, 1.5589365903583143, 1.5214798076850828, 0.7266637359286497, 1.7697978381177597, 2.357168989627723, 1.0983541560035552, 0.9636970460661028, 1.321152158754168, 1.6124964186741337, 1.5032258033622126, 0.8281874299952743, 2.159568707851207, 2.0573284948698616, 1.5312933305293701, 1.5674002224202743, 1.7772305161158295, 0.5247262829421917, 1.4475499400103162, 1.4807585429822463, 3.180890609121411, 1.5689564682770423, 1.1142013035399585, 1.616610409184582]
