Ri:[50, 100, 150, 200]
Zi:[100, 200, 300, 400, 510]
FC:[[3.9712998384065323, 3.9575495080913066, 3.992749563164656, 4.0093268398892405, 4.033842971650011], [4.011889804629393, 3.998841447545403, 4.026364096873991, 4.046123686150946, 4.06389732928581], [4.120021714711966, 4.128383569760802, 4.146103798653859, 4.174105038890544, 4.195803843118989], [4.748753912519954, 4.765421813518269, 4.789153901764776, 4.818550952775804, 4.835746489822975]]
FCE:[[0.04769547631607662, 0.03259143343830517, 0.026424902369491535, 0.022739933568211475, 0.02009994990722727], [0.024513045939775907, 0.016674903698345254, 0.013216297128857147, 0.011438530540471312, 0.010082054201264203], [0.016221579580411906, 0.011053044149723018, 0.008941971031953757, 0.007730081007158865, 0.006820928085393902], [0.015046316758803382, 0.010266963671499336, 0.00829338714628081, 0.0071590216474201876, 0.006323235096143539]]
fps.ts:[1613081232.8656201, 1613082859.80686, 1613084486.7481, 1613086113.68934, 1613087740.63058, 1613089367.5718203, 1613090994.51306, 1613092621.4543, 1613094248.3955402, 1613095875.33678, 1613097502.2780201, 1613099129.2192602, 1613100756.1605, 1613102383.1017404, 1613104010.0429802, 1613105636.98422, 1613107263.9254603, 1613108890.8667002, 1613110517.8079402, 1613112144.7491803, 1613113771.6904202, 1613115398.6316605, 1613117025.5729003, 1613118652.5141401, 1613120279.4553804]
fps.e0:[10753.092575058787, 10723.51781303578, 10724.127270060324, 10761.495389965772, 10723.002410131812, 10740.92509628185, 10787.425342160666, 10752.92397921479, 10728.919680056348, 10769.391100957673, 10736.478928889173, 10785.883378911627, 10739.778562378255, 10749.830241449046, 10740.928128637532, 10766.135081725884, 10762.281720609777, 10772.597479590153, 10739.760714265429, 10769.711155467601, 10744.905212321124, 10806.799571783218, 10758.658179488071, 10736.963523760429, 10563.525015128289]
fps.e0u:[22.254842213326242, 22.07474190278424, 22.255646875541455, 22.082266020853087, 22.164443708650907, 21.91208315280918, 22.05477984638195, 22.018864309108178, 22.243246744603596, 21.84941406287489, 22.446321514390714, 22.089113462360057, 22.104947259148123, 22.288166052632757, 22.22622454528696, 22.1819349674567, 22.383516213819995, 22.080127113797946, 22.196366069821803, 21.620313724850263, 21.828121206639715, 22.138931100934894, 22.21479786910848, 23.63861280583996, 233.99343886609958]
fps.lt:[19113.448193846325, 21552.809529866976, 22800.623837534902, 18045.809848151268, 21543.6633018176, 21045.793762949947, 16048.532440423935, 18302.678075072316, 19668.50288652525, 16345.969465002545, 21035.217448321408, 16467.816703770346, 20355.607786750552, 19366.216089985275, 19814.836985713613, 16492.61590943025, 18130.62024511447, 16897.012741351344, 20560.964414091635, 16539.290067933038, 19716.507131194885, 15488.835483175137, 16136.763906884793, 21022.177063573898, 122046.40766173424]
fps.ltu:[2264.4737121205894, 2851.3635140874103, 3229.1779113210387, 2006.0594329497553, 2896.317073866681, 2725.669159012927, 1597.0469302891645, 2066.4733826065317, 2410.2689615961895, 1648.499154266536, 2767.9243991376256, 1682.005987171944, 2575.832043156059, 2331.5537450215734, 2423.809243578935, 1678.5185328887735, 2038.9986729205666, 1757.2071678638463, 2614.915240599719, 1674.0658992975889, 2386.090603117031, 1469.2015946550114, 1633.557104606686, 2946.7586037931965, 960969.8427594381]
fps.c2:[1.40069901369772, 1.4397960595828, 1.6211471626961182, 1.2437524051136708, 0.9638273399141967, 1.1261591624738694, 0.9251071557959718, 0.8217570963954705, 0.9924020684577942, 1.246111533911918, 0.7589560516984862, 0.9266447257633323, 0.9076688336988415, 1.1804035616286117, 1.4105142828421409, 1.394612236849707, 0.8817988764786802, 1.4506749444032572, 1.5583557206876615, 1.8433670846195478, 1.7868090774778207, 1.0497311224258394, 1.2276367263314998, 1.4108107606216937, 1.1609279357606583]
