Ri:[100, 130, 160]
Zi:[50, 100, 200, 300, 400, 500]
fps.ts:[1724.8534999990463, 5174.560499997139, 8624.267499995232, 12073.974499993325, 15523.681499991417, 18973.38849998951, 22423.095499987605, 25872.802499985693, 29322.50949998379, 32772.21649998188, 36221.923499979974, 39671.63049997807, 43121.33749997616, 46571.04449997425, 50020.75149997234, 53470.45849997044, 56920.16549996853, 60369.87249996662, 63819.57949996471, 67269.28649996281, 70718.9934999609, 74168.700499959, 77618.40749995707, 81068.11449995518, 84517.82149995328]
fps.e0:[10903.403480625886, 10894.52863687529, 10896.609976167721, 10935.032076134314, 10893.88212543079, 10899.525251055356, 10891.318058180386, 10889.916679684096, 10892.60701097414, 10882.715191936573, 10894.963319772058, 10883.246484251407, 10898.07588915352, 10896.70468351939, 10896.813655084472, 10858.158217008577, 10885.252932525367, 10885.801244354177, 10875.179979394987, 10885.819466777682, 10896.369582612899, 10882.151944123318, 10889.175049294847, 10939.150262652463, 10901.391533301085]
fps.e0u:[14.645626402671859, 14.571109162996496, 14.57696275200597, 14.563491996192575, 14.492707950407961, 14.497256330622202, 14.529039558919616, 14.71728300226445, 14.804337584435869, 14.560452461936213, 14.49442358714429, 14.538767304826957, 14.748204385725574, 14.718164311554958, 14.400288836644862, 14.374518565620136, 14.56562037710164, 14.615675931456087, 14.760965552443553, 14.514841821008204, 14.592946649922368, 14.635852402120808, 14.500460326830037, 14.51241553372078, 14.548232980378716]
fps.lt:[12044.820228958066, 12669.410768404046, 13002.67258476282, 11139.546953324265, 12335.802993157471, 12119.096116432147, 12841.47014349397, 12910.996263707864, 12238.951729853128, 13238.803133248393, 12596.271509390124, 12832.52309092059, 12399.77572442251, 12051.15916941943, 12294.509585006388, 13795.59185481119, 13037.655980725554, 13117.380407347766, 12907.094610413775, 12763.019238716497, 12312.976128558086, 12828.44632681031, 12416.266350730832, 11231.442625555397, 12334.390942806236]
fps.ltu:[586.9776659357753, 644.1433258755237, 683.3748783180207, 499.35895478115197, 612.2248735130189, 587.1750317698392, 662.3893143463392, 671.6334668040018, 612.3640462295571, 701.6474526586154, 638.0728764150045, 661.8949059171626, 626.1073363299317, 589.5848979618702, 600.8532743796006, 757.1235007934631, 685.311665503979, 697.439715234689, 678.0192682134793, 654.3745048132099, 614.234298285428, 667.2761922152047, 620.1935111492568, 502.02085449105846, 613.5657078076081]
fps.c2:[2.122440422286254, 1.6649833311358684, 2.0276779239893936, 0.7016968798544443, 1.7526456187808708, 1.1736403729336258, 2.106903963342172, 0.9003894616133794, 1.476987333720102, 0.863937770742135, 1.571399067781015, 0.6822385549146859, 1.8102426781389598, 1.1800251901011878, 2.423207075311085, 1.3298534430134352, 2.3718109858211105, 1.7689572380822467, 1.5109482188398724, 1.3045127593377965, 1.990929564339633, 1.1669617685265345, 1.5625754980004543, 1.7797465104628716, 2.511035154757969]
FC:[[3.8477998474987647, 3.8572007495365783, 3.895628181370872, 3.928552530518788, 3.9473712615844514, 3.9695289422487243], [3.8947526830438286, 3.9001062914220674, 3.936416370808145, 3.965169854261867, 3.98518620640845, 4.013195421336522], [4.004037228602781, 4.0220705888553425, 4.0531424280433, 4.083690088156397, 4.106536520218363, 4.133257010106874]]
FCE:[[0.032492271544987884, 0.0202630489903233, 0.013544884201844689, 0.010706212503950338, 0.009041091862309916, 0.007746882864589505], [0.025395470498898478, 0.015630597520954633, 0.010419001630412095, 0.008031534191670976, 0.006803697330479915, 0.006013106896146841], [0.021638489932393555, 0.012935099643023407, 0.008555117753201918, 0.006776492932589135, 0.0057584209052117434, 0.0051045865301067115]]
