Ri:[100, 130, 160]
Zi:[50, 100, 200, 300, 400, 500]
fps.ts:[1740.4368800020218, 5221.310640006065, 8702.184400010108, 12183.058160014152, 15663.931920018196, 19144.80568002224, 22625.67944002628, 26106.55320003033, 29587.42696003437, 33068.300720038416, 36549.17448004246, 40030.0482400465, 43510.922000050545, 46991.79576005459, 50472.66952005863, 53953.54328006267, 57434.41704006672, 60915.29080007076, 64396.16456007481, 67877.03832007885, 71357.9120800829, 74838.78584008693, 78319.65960009099, 81800.53336009503, 85281.40712009906]
fps.e0:[10724.429777505598, 10744.283734410477, 10723.63847244609, 10745.392396021893, 10727.837651501568, 10743.263621435744, 10744.06149356363, 10736.544505691336, 10733.165512704214, 10743.67548731061, 10734.113351404898, 10746.711681649927, 10743.1901594592, 10750.59939293182, 10728.946664261754, 10772.473652816792, 10760.947940700853, 10749.517712231383, 10766.096086643196, 10734.32845669597, 10753.517885583782, 10743.463196549197, 10752.829711734776, 10760.678068384865, 10768.834197170147]
fps.e0u:[11.91384007526277, 11.948253482347903, 11.879393206501415, 11.996273731087522, 11.983927793088034, 11.897453601883173, 11.864653096262261, 11.999430259277963, 11.976969503504348, 12.032161233427662, 12.041704560257166, 12.093170943712288, 12.084913022098208, 12.130386016492306, 12.02872350423073, 12.149881804906265, 12.100708848240062, 12.093027575290716, 12.046080577114985, 11.971592730347066, 12.003150282610964, 11.989354205098529, 12.000198379238714, 11.929308755635393, 12.303609563519172]
fps.lt:[5224.096785371101, 5060.656287097983, 5212.819721698092, 5059.97609689116, 5200.431034877801, 5091.1887053329165, 5045.636982991989, 5157.0905853454815, 5263.375221601886, 5112.865158209634, 5313.14493186444, 5150.071202205342, 5182.5235659563305, 5108.007517230621, 5250.602320180247, 4995.682285408945, 5053.075334434566, 5172.381818775146, 5039.5939624474095, 5261.894653666492, 5204.951306839856, 5230.353028337218, 5244.032663880847, 5094.453736598437, 5082.117859419609]
fps.ltu:[89.43585581406165, 84.34586322934085, 89.37131640556214, 84.80706230173303, 89.65973355474307, 85.32443744649844, 83.5924099723931, 88.32961665595273, 91.34141342535689, 87.06437784234106, 93.7460461256406, 88.19338154035162, 88.95725331334756, 87.10992097071772, 91.90761345672053, 83.55726559881774, 84.85787575200347, 88.98958991529776, 84.45149943227182, 91.33395078011053, 89.45321432931176, 90.18633087787774, 90.77942536562213, 85.38313472096594, 87.02418567469645]
fps.c2:[1.5816948518452385, 2.651239556863561, 3.557906180136807, 1.2309542153280923, 1.0915470998523165, 0.5514355231383348, 1.8709473285328637, 3.9024197671221126, 2.474803115780991, 0.6907557721250525, 2.6652709720586105, 2.903964345802663, 1.6950819271849606, 1.3959845929503198, 1.4539916332086769, 2.01150824153864, 1.5158043321250512, 1.7696477784861142, 1.917664385879923, 1.7482300907778137, 1.3655891350901577, 1.3567478004267006, 1.203185809112564, 3.045950826478084, 1.416053970201761]
FC:[[3.8044726291996755, 3.79859248501789, 3.8683419005858775, 3.9236891683494046, 3.9695442392491436, 4.0262965039525005], [3.833434142529228, 3.8440498169457866, 3.908441657412749, 3.968260322589188, 4.021447015235134, 4.077749214739319], [3.9423440031398953, 3.9648546668696905, 4.029525187287339, 4.090048218915111, 4.143724030806692, 4.200269485299161]]
FCE:[[0.03501989479627137, 0.018002607187405314, 0.010925675849994782, 0.0082675091352333, 0.006792549043723657, 0.006018240522171953], [0.0271782821064463, 0.013985709050288054, 0.008250488073208039, 0.0062629292086677805, 0.00529776605826395, 0.004699291206379353], [0.023268019471750542, 0.011301130988845373, 0.006790866092700347, 0.005288380439231363, 0.004491688921070047, 0.003993689726897038]]
