Ri:[50, 100, 150, 200]
Zi:[100, 200, 300, 400, 510]
FC:[[3.9593181175433108, 3.9815322915219733, 4.0017439354588475, 4.004877881199433, 4.039060056780115], [3.9849492395039414, 4.0198986732068605, 4.035367455869605, 4.0597533882239345, 4.092368241342872], [4.124202583807637, 4.147971183991406, 4.177482088695336, 4.20825814394093, 4.24159069021046], [4.703719502925708, 4.743050926387646, 4.793875261417201, 4.8272565260259475, 4.857826043235763]]
FCE:[[0.047943728901526844, 0.03293669034592913, 0.02668743951993951, 0.023278473155169295, 0.020673769255062025], [0.023882625691904958, 0.016428311428768785, 0.013282280772002284, 0.011507969699525156, 0.010177520401879761], [0.016994912525655496, 0.011506480764345043, 0.009312364889930685, 0.008050149429406525, 0.00711374457137511], [0.015537094822716906, 0.010563981961810588, 0.008597745319431964, 0.0074273231678210205, 0.006563223099003776]]
fps.ts:[1609506044.24596, 1609509480.5418801, 1609512916.8378, 1609516353.13372, 1609519789.42964, 1609523225.7255602, 1609526662.02148, 1609530098.3174, 1609533534.61332, 1609536970.9092402, 1609540407.2051601, 1609543843.50108, 1609547279.7970002, 1609550716.0929203, 1609554152.3888402, 1609557588.68476, 1609561024.9806802, 1609564461.2766004, 1609567897.5725203, 1609571333.8684402, 1609574770.1643603, 1609578206.4602804, 1609581642.7562003, 1609585079.0521202, 1609588515.3480403]
fps.e0:[9993.120085856897, 10058.470037861996, 10050.303057388604, 10045.319563508789, 10075.259072169842, 10062.595749318241, 10033.734907948861, 10063.07514268412, 10034.659854787207, 10059.374587428107, 10030.21577890112, 10049.445208949386, 10048.304680514248, 10068.998021529409, 10016.616298843112, 10045.82245556867, 10059.39366416096, 10095.19803881221, 10082.992542817417, 10045.985229893762, 10089.884699386263, 10041.62673122348, 10077.589463867822, 10123.009421272205, 10065.14391041162]
fps.e0u:[21.916864040155723, 21.72318147307312, 21.6093340454456, 21.781809029690372, 22.019953116521528, 21.566521286703097, 21.802644780872367, 21.774305833271633, 22.16256115635852, 21.64358105710711, 21.64458563111251, 22.165410672743235, 21.90555776766068, 21.64169465292271, 21.679927058900947, 22.037934072969737, 21.641749510074103, 21.858438516495724, 22.098883902488772, 21.967112011560044, 22.110227392586655, 21.827227474406406, 21.7158639218748, 21.845450046716564, 21.984969662184653]
fps.lt:[24753.526767072017, 16559.897199678737, 18875.027615746476, 17344.285281469252, 17475.41436336474, 18408.9663546178, 21009.556864249935, 18262.35769214957, 19472.47656518826, 17430.00392918695, 20623.161104283758, 17734.7254359685, 16856.45779581392, 16478.649521594347, 22385.79760457301, 17279.923317924706, 16759.404262851243, 14343.40226297789, 14878.777784817214, 19432.500214992164, 15902.914923874247, 20034.323918849237, 16860.243772832015, 12904.976847681995, 14623.913179483026]
fps.ltu:[4021.864288384695, 1768.597754838092, 2311.792192927425, 1971.8900874057445, 1985.6999567301343, 2171.2082021047595, 2860.215346719164, 2161.5519897320555, 2503.0628666524394, 1962.4670279817967, 2764.5506406907307, 2065.768962179878, 1876.57648933856, 1759.0214132798017, 3255.6982322553035, 1974.2511872950433, 1820.210433257145, 1343.9632458312751, 1458.7112097464374, 2476.6477596741543, 1672.174468913201, 2586.6472474306624, 1844.9339339581265, 1085.7997870918662, 1415.747525655417]
fps.c2:[0.9840764812695219, 1.3034483527060121, 1.3264150846838496, 1.4363415208881665, 0.9441176813289562, 1.0813807100075818, 0.7665080775199637, 1.7459691486044266, 0.4945532527689641, 1.183176698986205, 1.1464099516891881, 1.214804669789747, 2.0015889136792535, 0.5364450505821551, 1.6013673059759062, 1.325125749385556, 1.2684881967037547, 0.7266484970657092, 2.0660179168335953, 1.2186676737461652, 0.8355477341614361, 2.295591585343177, 1.8251133115838025, 1.100211981421222, 2.4697524653323293]
