Ri:[50, 100, 150, 200]
Zi:[100, 200, 300, 400, 510]
FC:[[4.040304510617828, 4.0780006563648525, 4.066209079781809, 4.096973677108601, 4.094786211052275], [3.986171493044664, 4.023372535468958, 4.040953056054701, 4.071247150125869, 4.098758273179714], [4.129248978061824, 4.16803903339775, 4.189271969719973, 4.222470592865456, 4.250127994814061], [4.783359260476111, 4.833576511940064, 4.865151739690756, 4.898421724298978, 4.919497742545795]]
FCE:[[0.04274726007197884, 0.029516711531760807, 0.02373941687162502, 0.02057968268122762, 0.018058367364711444], [0.021042392806644723, 0.014449580069134127, 0.011703533815960792, 0.01013129634313617, 0.008968620169215033], [0.014889241784327257, 0.010173458490459366, 0.008220094109241417, 0.006906560705785728, 0.006108133429510579], [0.013450171927864619, 0.00918725690920836, 0.007434275084886883, 0.006424444999355789, 0.005673877362760357]]
fps.ts:[1616081584.3018801, 1616084652.95364, 1616087721.6054, 1616090790.2571602, 1616093858.90892, 1616096927.5606802, 1616099996.21244, 1616103064.8642, 1616106133.5159602, 1616109202.16772, 1616112270.8194802, 1616115339.47124, 1616118408.1230001, 1616121476.7747602, 1616124545.42652, 1616127614.0782802, 1616130682.73004, 1616133751.3818002, 1616136820.0335603, 1616139888.6853201, 1616142957.3370802, 1616146025.98884, 1616149094.6406002, 1616152163.2923603, 1616155231.9441202]
fps.e0:[10689.174118519108, 10693.109024740852, 10678.11051281869, 10685.302373699025, 10693.611710864872, 10706.64316995477, 10645.33750245679, 10683.607482671425, 10677.176992233266, 10695.364735783569, 10656.018658804413, 10706.661591441678, 10651.1421591748, 10661.304397530523, 10662.551451858591, 10690.813871380295, 10673.663380316637, 10647.400356326858, 10691.816975466667, 10703.473892405998, 10685.177423554955, 10688.499107211088, 10670.247484211743, 10668.89643100651, 10689.304133570147]
fps.e0u:[19.713561925539615, 19.24109741645289, 19.859338392453772, 19.97118578541638, 19.78509651522877, 19.789096358597437, 19.515470446268232, 19.401281953987397, 19.43764474270291, 19.698739555684032, 19.808308376733898, 19.568097250236573, 19.59888690679922, 19.78698652627026, 20.001808238434712, 19.567413376596246, 19.932429782360195, 19.528975108867094, 19.755778220817998, 19.668664585959185, 19.662155219930394, 19.434359855975753, 19.62784355090772, 19.898375736655957, 23.508510954956428]
fps.lt:[17165.85295903359, 18646.955862936113, 18729.413113486586, 17372.383050928343, 17319.908556337192, 16643.308940950657, 21585.54464148748, 17653.033583539527, 18519.89232431448, 17468.822328081438, 20095.87210563509, 15663.372598848704, 21548.960769267673, 20776.007666929454, 19749.453433914336, 18977.5194106075, 20313.543738880413, 22024.796784187052, 17926.478762587867, 16542.791188727213, 18352.15866216048, 16289.404442351848, 19303.74458638201, 19381.822943993488, 19946.46146226926]
fps.ltu:[1639.1416847743478, 1886.8080616009659, 1952.143643492338, 1690.6743621685061, 1667.9594394191831, 1532.162556313533, 2571.656440657451, 1719.6382798407033, 1900.8030969200065, 1696.3321150250174, 2241.3617881588475, 1358.1595877063005, 2573.9776825909635, 2409.5172516722955, 2207.3309092877034, 1992.1704889474624, 2317.709513071276, 2666.771509875441, 1792.162541257735, 1521.5223068607115, 1873.4898595221964, 1459.5023579621577, 2057.9240817037285, 2109.7069508604436, 2649.1373560958004]
fps.c2:[1.40421494824267, 0.9465120393330628, 1.5627429440566445, 1.494563869163458, 1.6454905853374104, 1.2144833263806976, 1.7910914435960217, 1.2810919003630468, 1.0111776447961067, 0.7836092162653373, 1.5876024879947719, 0.730233127492786, 1.315992022433848, 1.589517040172153, 1.022648894658277, 0.8767115413091118, 1.5894425445417668, 1.4483489318047318, 1.1599568851818243, 0.7240192388751081, 1.5049798284230438, 2.6679378280628923, 0.7818105916604347, 0.7493488796704535, 0.7421390308244995]
