Ri:[100, 130, 160]
Zi:[50, 100, 200, 300, 400, 500]
fps.ts:[1768.1402400016784, 5304.420720005035, 8840.701200008392, 12376.981680011748, 15913.262160015107, 19449.542640018462, 22985.82312002182, 26522.103600025177, 30058.384080028532, 33594.66456003189, 37130.94504003525, 40667.2255200386, 44203.50600004196, 47739.78648004532, 51276.06696004867, 54812.347440052035, 58348.62792005538, 61884.908400058746, 65421.188880062095, 68957.46936006546, 72493.7498400688, 76030.03032007217, 79566.31080007553, 83102.5912800789, 86638.87176008224]
fps.e0:[10851.695725783613, 10848.223454736239, 10846.183106047421, 10856.309073420938, 10854.55673747816, 10840.517690650273, 10845.832125312458, 10848.027769482296, 10843.669685515424, 10842.088095547602, 10844.828310060095, 10843.378874614305, 10854.684688187694, 10847.053351103323, 10841.062468662098, 10846.746295512587, 10869.587637443006, 10854.187070856739, 10856.600501350003, 10856.164257817081, 10847.264437619951, 10846.820654735278, 10851.360935359098, 10862.027944348982, 10854.227564901104]
fps.e0u:[6.757594621468983, 6.758069290249094, 6.749196924142791, 6.768983366374757, 6.781431906236558, 6.801172938028902, 6.775200806329982, 6.805950971422133, 6.752611620527679, 6.796620598841962, 6.798357118159834, 6.808955801898098, 6.775966697230348, 6.82262603579902, 6.8235601283720175, 6.833050458469753, 6.809653957386647, 6.80158203240659, 6.796217419252027, 6.815247234508753, 6.761189770870314, 6.784251307370617, 6.780802157467925, 6.7702982405065635, 6.841201797548943]
fps.lt:[8085.554522956116, 7997.202140357666, 8093.751961073397, 7821.760962643784, 8059.080409875865, 8289.220910606746, 8010.738207718401, 8019.853157233505, 8073.188893458637, 8198.881168995156, 8210.390906855313, 8127.553608798192, 8054.5356359375355, 8133.136631883568, 8204.14591071652, 8140.994871279742, 7717.639717078606, 8039.872683187217, 7933.856413573652, 8005.888905807114, 8104.694523259425, 8289.723163438313, 8081.324338379328, 7961.742013236743, 8060.059961887559]
fps.ltu:[121.91239808178582, 119.64661872495448, 122.52794280115945, 114.76528582577245, 121.4808186000489, 128.87024341326088, 120.37201946026467, 120.77479454178159, 121.92554620286343, 125.93645221734096, 126.25550966481657, 123.74337069913703, 121.06033792452986, 124.41247883572146, 126.61264495798024, 124.68568435888757, 111.91947938388267, 120.87926578169305, 118.14855555703544, 120.23164614479681, 122.31356131684763, 128.51369918095057, 122.12294633558899, 118.31402464699902, 122.451245734834]
fps.c2:[4.248936842081786, 2.5666810573452095, 3.996149434107742, 3.807471273412225, 2.8899744522151405, 3.970316294371678, 6.568583638434865, 3.491070627002443, 0.9157358352036125, 2.703044433592753, 1.9533676947074765, 2.5268917722980926, 2.619906410259326, 2.468183568069723, 3.8881001876817365, 3.5104855316994783, 3.615082377800807, 3.2824766022023892, 4.873385597550487, 2.295591102125557, 2.711773621388403, 4.372236072023725, 3.5111629332069496, 2.92002012922943, 1.8145552611990576]
FC:[[3.8372256829881253, 3.8363565957481307, 3.86246680260886, 3.8943190345699312, 3.9352263631999747, 3.9697112257587555], [3.882195375654692, 3.881857041979719, 3.9130158302319438, 3.9476687316661656, 3.9866993222848484, 4.024485892033795], [4.00241667222063, 4.008260513463508, 4.048317224582425, 4.087059822964682, 4.1279329739757955, 4.166730679193789]]
FCE:[[0.01684262119569355, 0.009587090363287669, 0.006143426293006281, 0.004691708374081755, 0.00397543970585019, 0.003511300903953889], [0.013172166952459765, 0.007461074621134392, 0.004651613937482017, 0.003641134473498656, 0.003092237261249777, 0.0027396229772249153], [0.01101984184997057, 0.00616821681820843, 0.003941905916897099, 0.0030966863198684962, 0.002638602849741386, 0.002343852739533497]]
