Ri:[100, 130, 160]
Zi:[50, 100, 200, 300, 400, 500]
fps.ts:[1665.8279399967194, 4997.483819990158, 8329.139699983596, 11660.795579977035, 14992.451459970474, 18324.107339963914, 21655.76321995735, 24987.419099950792, 28319.074979944227, 31650.730859937667, 34982.386739931106, 38314.04261992454, 41645.698499917984, 44977.35437991143, 48309.01025990486, 51640.6661398983, 54972.32201989174, 58303.977899885176, 61635.63377987861, 64967.289659872054, 68298.9455398655, 71630.60141985893, 74962.25729985238, 78293.91317984581, 81625.56905983924]
fps.e0:[10915.18712433007, 10906.374778278827, 10937.4714527265, 10922.565367747115, 10919.22443829416, 10921.22165938932, 10927.055953724683, 10909.154140084996, 10920.546771784151, 10921.68467916932, 10927.694831489616, 10934.43198817463, 10911.920956365644, 10899.102396961793, 10914.445962640995, 10907.959465383366, 10899.353199706506, 10919.679066634206, 10923.375704759928, 10953.16846803981, 10923.645880457514, 10899.958592657198, 10913.476224928856, 10931.575364014856, 10919.344614902395]
fps.e0u:[14.972242918382456, 14.71462530416909, 14.98197337817893, 14.630193431098597, 14.879180653661773, 14.839664788462136, 14.755478495531523, 14.700940951902503, 14.867644860211852, 14.751680302677817, 14.893140497489433, 14.949009933646904, 15.063547732055815, 14.943044134873542, 14.765553050512036, 14.922685530274986, 14.799791245767944, 14.807524725018276, 15.096898333040714, 14.990343854955468, 14.966842013062701, 14.7171730338245, 14.772376854184447, 14.97970234370797, 14.898031205254961]
fps.lt:[13012.33954479973, 13705.783054392563, 12545.914327201133, 13212.119976487264, 12829.442147788905, 12877.55056310746, 12524.36962255421, 13370.374611975814, 13204.725474042823, 13021.023448722475, 12359.319139764446, 12197.83941148813, 13358.177980425362, 14005.873406398981, 13465.38948621414, 13250.33925830351, 13513.762957013218, 12546.7024887388, 12673.148769272142, 11756.191118591685, 12700.83817549635, 13946.446211403387, 13330.961758164223, 12654.101130447232, 12937.764836586859]
fps.ltu:[696.4540889491535, 763.101539684729, 651.1304571051505, 704.483832389559, 678.3341875844008, 676.2361604573315, 638.3212063859124, 727.6393118753028, 717.2907474684985, 692.581181381749, 626.8343162762288, 610.4975064273391, 744.4220536163217, 810.4503196627412, 738.6890992577161, 715.9245396241641, 748.9676621256541, 641.9908743665893, 668.4589415667043, 568.7240348725223, 668.1631117423611, 789.8523820569332, 726.7241346984263, 660.5138440304103, 688.7566513886476]
fps.c2:[1.2272213486515078, 0.7989268902990615, 2.1435076260988106, 1.156604688837399, 0.9887915461681485, 2.2460302232305387, 0.7418405609658593, 0.9091717541713844, 0.7515234547459849, 3.883359486045947, 1.504864788017512, 0.8085045014659555, 1.1566905712690387, 0.60881320270854, 0.854567772897046, 1.1384325845247654, 0.6168530486665632, 1.748407162561802, 1.7214851114083045, 1.4102882464012287, 0.9006738947189658, 0.8330617730937794, 1.7212373548600286, 1.5209674580965864, 1.3806856366876483]
FC:[[3.8631757491280854, 3.8859883257202226, 3.903458411216643, 3.9138909742005845, 3.936690751109629, 3.9601598048001967], [3.921005221521738, 3.922661371893355, 3.9503032778119374, 3.9664425618214443, 3.990289868645717, 4.016886536920787], [4.054440023924536, 4.05288425581918, 4.07165391598803, 4.096102800985206, 4.116389866018985, 4.144900650897335]]
FCE:[[0.03308795614018875, 0.020525327064641857, 0.013669595441296834, 0.010708245075577738, 0.009096680995672062, 0.008029903756131796], [0.02595519601502214, 0.015923539711481874, 0.01061055133211014, 0.008324521655297224, 0.007096765625039693, 0.006277571051337388], [0.02185794444740194, 0.013369658314288485, 0.008807903046652216, 0.006772231073857274, 0.00575786900899336, 0.005099542788645776]]
