Ri:[50, 100, 150, 200]
Zi:[100, 200, 300, 400, 510]
FC:[[3.9670085050840207, 3.9977079097341557, 4.030470945570794, 4.045298531876612, 4.059701452399416], [4.004616077364151, 4.022062542708565, 4.0481506517226284, 4.0817515396810915, 4.105127208995422], [4.159319170457456, 4.166911127252799, 4.197388734081, 4.228138461045894, 4.256277888971268], [4.807499250930917, 4.8311283079818175, 4.866378595731542, 4.894135311333512, 4.9152457733777375]]
FCE:[[0.04291006259646476, 0.029779532320967726, 0.02428372089132448, 0.021019273122498367, 0.018574129798023715], [0.022379876377941924, 0.01521011146771112, 0.01230084908775362, 0.010657009996479925, 0.00945154964355336], [0.01554096211536449, 0.010478434798826111, 0.0084753566372334, 0.007329750331754495, 0.00649521799080403], [0.014458662854137449, 0.009765269678391763, 0.007908082217771768, 0.006826624995352208, 0.006035098809541362]]
fps.ts:[1618471795.6382399, 1618475258.5187201, 1618478721.3992, 1618482184.27968, 1618485647.16016, 1618489110.0406399, 1618492572.9211202, 1618496035.8016, 1618499498.6820803, 1618502961.56256, 1618506424.44304, 1618509887.3235202, 1618513350.204, 1618516813.0844803, 1618520275.96496, 1618523738.8454401, 1618527201.7259202, 1618530664.6064, 1618534127.4868803, 1618537590.36736, 1618541053.2478404, 1618544516.1283202, 1618547979.0088, 1618551441.8892803, 1618554904.7697601]
fps.e0:[10714.925414873522, 10714.904170594533, 10684.916963156656, 10696.17717538432, 10711.275825848794, 10690.422011075792, 10713.361987719985, 10713.064726882449, 10704.276409230892, 10683.011476973128, 10674.439219772048, 10743.569268325298, 10719.811550304914, 10702.795912825182, 10661.964555366903, 10713.768642214156, 10703.335861563663, 10702.136351568663, 10720.599549024291, 10701.859228450225, 10698.411863961966, 10689.596638836441, 10647.134748358265, 10692.104166512054, 10694.246867547134]
fps.e0u:[20.286010977631722, 20.529340034997755, 20.748269993398296, 21.024392889078772, 21.065259441197334, 21.071586889178267, 21.10023628889183, 21.140426110686278, 21.098877858427905, 21.454457746906872, 21.595187702301278, 21.181082360447856, 21.403712101515925, 21.399842468945124, 21.480371513836403, 21.299811925629157, 21.31834402935305, 21.171326051987133, 21.37558959222329, 21.36593099539094, 21.614659733001957, 21.15532372576608, 21.505901497078, 21.406510735055537, 21.43861303675656]
fps.lt:[17905.54127476815, 15431.46472619063, 20891.31102737917, 18596.22102273928, 18344.026442307415, 18035.131594392922, 18346.27134976375, 16657.07811686949, 18598.528078630527, 17717.614079124854, 19513.1827715266, 15822.616007812563, 17003.371602773655, 18208.942815495422, 23181.288014215104, 17645.67875679618, 19101.104792722723, 18774.66393829091, 17090.539552712886, 18033.96777541143, 19770.157725839683, 22394.586688110747, 23200.93758178308, 19805.12871960297, 18483.36256154244]
fps.ltu:[1826.494421618152, 1374.8622448714684, 2522.6549020702478, 2055.5473303734348, 1990.4718233354754, 1938.743389023417, 2002.5546813193837, 1658.3211924770292, 2055.658699403278, 1898.350273476546, 2305.259797967805, 1506.4473774395544, 1739.1323966657137, 1990.8093014607978, 3234.6122933539464, 1869.3325240507586, 2180.470108413959, 2111.7079030563427, 1762.369744610167, 1965.5903237680695, 2358.306899287619, 3001.159543101283, 3252.0299262611306, 2348.4053733829282, 2078.0111233350076]
fps.c2:[1.5782548367650036, 1.4372041387858336, 0.7884811989771526, 0.9089509623413268, 0.8287587930970848, 2.4480233220256236, 1.262333453704287, 0.5790174527392407, 0.9551089314142396, 1.1847650898855424, 1.3910219231590875, 2.1070286656670745, 2.166513887820393, 1.324771005225371, 1.0124490034320912, 1.4384178183865388, 1.7974161543534388, 1.6017905823566212, 1.343471098882497, 1.9711886435523027, 2.2316792051610443, 1.8079283108198725, 1.3048138175869544, 1.3135219489367398, 0.6934756867892288]
