Ri:[100, 130, 160]
Zi:[50, 100, 200, 300, 400, 500]
fps.ts:[151.5253200006485, 454.5759600019455, 757.6266000032424, 1060.6772400045395, 1363.7278800058364, 1666.7785200071335, 1969.8291600084303, 2272.8798000097277, 2575.930440011024, 2878.9810800123214, 3182.0317200136183, 3485.082360014915, 3788.1330000162125, 4091.1836400175093, 4394.234280018806, 4697.2849200201035, 5000.3355600214, 5303.386200022697, 5606.436840023995, 5909.487480025291, 6212.538120026587, 6515.588760027886, 6818.639400029182, 7121.6900400304785, 7424.740680031777]
fps.e0:[10918.47762910007, 10896.61066355991, 10943.748744794824, 10931.000155124399, 10969.439724351807, 10884.325248125962, 10883.524785610412, 10938.457364200516, 10923.577296137319, 10959.128051108133, 10964.969217945276, 10865.883602422433, 10883.67284303041, 10913.386429689192, 10941.33011595101, 10937.445097725735, 10929.915689650952, 10896.186952895281, 10958.712500201216, 10961.204094754232, 10914.069253760199, 10911.80205948662, 10978.643922593186, 10909.894963107863, 10920.800528747093]
fps.e0u:[31.929464066299737, 34.12977696562382, 32.77418325600171, 32.60446721144953, 32.414311580688285, 32.3627803680876, 32.8786584683439, 32.80815780106945, 33.612443223428386, 32.093292791260396, 32.98483548712074, 33.65099148510473, 33.18791703214334, 32.671555073996274, 33.22232499084375, 32.997311869087596, 32.412571949642405, 32.99873932396488, 33.10674835888221, 32.59742060126867, 33.34590423130992, 33.6989575047556, 33.282433560386785, 32.927606660104175, 32.86950574033232]
fps.lt:[3209.940952454949, 3235.9899956780473, 3109.537922968471, 3083.228006836192, 2919.6682322081024, 3227.57616133271, 3187.971919624607, 3077.89652957095, 3131.719690386249, 2995.562750672688, 2986.109300610831, 3250.54754938338, 3156.3633027762844, 3159.833892714546, 3044.0116094384766, 3047.0271413074393, 3092.1765291442953, 3163.96435243694, 2978.9039490361383, 3012.2912650291887, 3138.1375353986687, 3126.2614304113367, 2904.1593419107317, 3080.974469405388, 3115.8732986231194]
fps.ltu:[95.81571749811646, 100.7880819095717, 90.77721606697044, 88.92781550632537, 80.77832615001242, 98.56355537011368, 96.08631145613904, 89.03564520730065, 93.3153858766, 82.91936422528627, 84.60119898171986, 103.1728958015019, 96.34897556721154, 94.70046880494687, 89.05905360738458, 89.14560444905723, 89.10745197687417, 95.4297952763358, 85.31844241812009, 85.36322932159752, 94.73785222639441, 95.7739726861985, 81.93102524168224, 90.34482849714945, 92.06165468892391]
fps.c2:[1.8131386737620057, 0.7573520888515879, 1.1925768733039168, 0.842731968574914, 2.5010054715310406, 2.4781960427396994, 0.7876256384104015, 1.3785881660781927, 1.3019789497806669, 0.8485306023494809, 1.3188467902032124, 1.1404658606387115, 0.9568652909688404, 1.0572027900687846, 1.6726278319394596, 1.2745546973148545, 1.0282347769270979, 0.7223980466150614, 0.8107053237090012, 2.3838835515186414, 1.1217796961636401, 1.1683768992741637, 0.9610684352413371, 1.6402341233774824, 1.6330031949401314]
FC:[[8.54167681220598, 7.7474402310342425, 7.347761461885037, 7.243708385232195, 7.177869921746753, 7.155128349595663], [11.226175896610963, 10.439037771142738, 10.010605846093759, 9.750455197854441, 9.632289753316186, 9.583548443097598], [14.612594371607123, 13.454011332997872, 12.679923385529646, 12.243349099725709, 12.017106145409429, 11.862028077064332]]
FCE:[[0.2528764782231551, 0.0947892711339729, 0.05202639554374602, 0.03922122535902205, 0.0332768048769506, 0.029794192912360382], [0.2348214708980131, 0.09475108826334044, 0.05214040501348717, 0.039468203784763976, 0.03324774233591987, 0.029513510187442856], [0.3147563602291357, 0.1213399439032618, 0.0639809744624373, 0.0470649705275904, 0.038917564179637466, 0.03399410844167935]]
