Ri:[100, 130, 160]
Zi:[50, 100, 200, 300, 400, 500]
fps.ts:[1740.5136800003052, 5221.541040000915, 8702.568400001524, 12183.595760002136, 15664.623120002747, 19145.650480003358, 22626.677840003966, 26107.705200004577, 29588.732560005188, 33069.7599200058, 36550.78728000641, 40031.81464000702, 43512.84200000763, 46993.86936000823, 50474.89672000885, 53955.924080009456, 57436.951440010074, 60917.97880001068, 64399.00616001129, 67880.0335200119, 71361.06088001252, 74842.08824001312, 78323.11560001373, 81804.14296001435, 85285.17032001495]
fps.e0:[10995.096316824378, 10963.5751601284, 10984.348868433204, 10959.750543172326, 11000.780230445158, 10985.656589866636, 10942.068176623274, 10973.650308039887, 10971.04682615338, 10989.995828864288, 11028.693635570986, 10949.107240927431, 10986.040429830759, 10995.540980315036, 10998.86897332012, 10992.27755666856, 10977.873370586536, 10984.771698327655, 10990.21049345438, 10964.13946040188, 10939.776686854282, 10992.301309022663, 10986.336876555912, 10988.438984573753, 10972.021958070532]
fps.e0u:[15.879351368656012, 15.977555232627944, 15.947241030772986, 15.920666421093422, 16.113314364763482, 15.94962460660419, 15.969282555043332, 16.05959931012342, 16.136998344580736, 16.086682631854178, 15.90753502530194, 15.919542401286312, 15.84304621464723, 15.915058535882398, 15.805005596677232, 16.198584466806675, 16.056702172916754, 15.83009316234115, 15.904357520835395, 16.05217178804387, 16.204350251615473, 15.840470245121773, 16.178285757434097, 16.22753336895516, 16.00697679726102]
fps.lt:[12432.918088226163, 13310.960725800905, 12347.251031744907, 14233.756179398231, 11774.33170363066, 12404.785290897893, 14980.741938531968, 13941.142446011843, 13217.437057047626, 12646.804318501556, 11874.758284566196, 15278.90825207717, 12473.277797067005, 12598.984383696672, 12447.75567892247, 12547.565491784184, 13228.398670795252, 12514.283944286064, 12201.528862430734, 13595.651113340162, 14307.371492197779, 12852.413028347155, 12698.91169052425, 12489.443889645729, 13498.377062857566]
fps.ltu:[664.0440710172237, 777.6001320229482, 661.7693097816936, 875.1483338342674, 606.5023295597333, 666.757504015251, 968.9231202662029, 850.0213628598289, 764.8264096286198, 700.2332400601067, 606.3090135896972, 1006.2005888119565, 670.4991526957333, 687.3433320761178, 661.3554119511084, 683.7570983546713, 764.4911549553213, 673.1710827700849, 645.1572816320406, 808.9911728774515, 906.0099305712711, 711.0153193701987, 707.1584429234686, 684.5634234376377, 786.9094457211536]
fps.c2:[1.2488603781191, 1.7327487002733457, 2.100462884146153, 1.2720853474692495, 2.134483630221696, 1.930655139713316, 1.376355430196304, 1.9703381195690899, 0.7620334969700888, 1.4128025847906756, 0.9535863063816833, 1.2953953994422456, 2.5120332899594535, 1.1086276869080776, 0.9361348030871096, 2.1141313500420074, 1.4375624459629615, 1.2811357624425017, 0.8505389791740026, 1.2031601656715554, 1.3952812543807278, 0.9717540610877834, 0.791047862722053, 2.1612583051704113, 2.2502853015030846]
FC:[[3.838466668049125, 3.8656400952548258, 3.9038508050200638, 3.91741992918048, 3.9385264188043214, 3.9644507898838675], [3.9118440396266405, 3.9208559652144053, 3.958687824409796, 3.9635036401833914, 3.98395870180592, 4.014082596479049], [4.0310008972422215, 4.04897161997197, 4.081051684815924, 4.095721184828807, 4.1167633652439735, 4.145731810635073]]
FCE:[[0.035462360147674614, 0.022255175608803662, 0.014945260930100875, 0.011442034522656283, 0.00962187291551248, 0.00842380947683049], [0.027235153615834923, 0.016931818031104395, 0.011325696359312836, 0.008860076941392151, 0.007467492178095285, 0.006568222744877128], [0.02332382844444726, 0.014353308623769184, 0.009532657831506504, 0.007495441650988277, 0.006337327662345348, 0.005590214436693892]]
