Ri:[100, 130, 160]
Zi:[50, 100, 200, 300, 400, 500]
fps.ts:[3462.062239999771, 10386.186719999314, 17310.311199998854, 24234.435679998398, 31158.560159997938, 38082.68463999748, 45006.80911999702, 51930.93359999657, 58855.0580799961, 65779.18255999565, 72703.30703999518, 79627.43151999475, 86551.55599999428, 93475.68047999381, 100399.80495999336, 107323.9294399929, 114248.05391999244, 121172.17839999199, 128096.30287999153, 135020.42735999107, 141944.5518399906, 148868.67631999016, 155792.8007999897, 162716.92527998926, 169641.0497599888]
fps.e0:[10917.159594481798, 10922.737238874599, 10910.854242909978, 10948.31825216273, 10914.887089157723, 10929.687941845454, 10902.355483276217, 10922.501525955915, 10929.510058196522, 10910.994389812722, 10925.722533691995, 10935.761801508275, 10927.862119007721, 10919.29209797087, 10906.930071421883, 10913.736811564058, 10898.613145285939, 10920.694636941902, 10924.496355612333, 10918.309687058383, 10906.836011554768, 10915.005209363091, 10900.338268486072, 10928.182377511755, 10934.177826451802]
fps.e0u:[11.67951640717988, 12.004071729952308, 12.033786579285167, 12.145258593766048, 11.982961130711479, 12.137351637130473, 11.884181133354843, 12.025486120545501, 11.646382244093582, 12.027077422389768, 12.072126134047327, 11.67420314777712, 11.926162043662503, 12.008648534704903, 12.013992882929253, 11.414495613512505, 11.576441985442257, 11.915450817372626, 11.819308361069307, 12.060156223069011, 11.987070023775876, 11.933818364327754, 11.848534982583326, 12.061040975099477, 12.220944186222061]
fps.lt:[6727.82171561158, 6668.6236611081895, 6633.039180136179, 6379.808262620871, 6766.281319248514, 6719.112326592006, 6855.055406556268, 6649.62037850216, 6540.568977799782, 6844.181014398883, 6664.154926921991, 6587.0314829226145, 6642.60323684655, 6841.825676838898, 6993.898685348549, 6756.432665124783, 7037.445273476574, 6776.404770276287, 6686.979909786884, 6780.120270866066, 6981.995618282623, 6861.5702258136225, 6927.081150226985, 6660.422518606885, 6497.550110632992]
fps.ltu:[143.55053533292553, 146.158837343736, 145.00709226908276, 134.36555763195264, 150.9125564366568, 149.64627558295575, 153.08889542413377, 145.10821036123815, 136.30027370227285, 153.6143879199546, 146.77381953945869, 137.87506772095082, 143.51322307108546, 152.75797766565634, 160.27408693030975, 142.00763228152536, 156.4210464939153, 149.29390800681125, 144.6961973810133, 151.15095650888227, 158.82808944423158, 153.7452471556111, 155.38356286019328, 145.96754929349822, 140.9066112003903]
fps.c2:[1.059607174046001, 1.853289745866228, 2.0235589280393578, 1.4145288451153648, 2.053563743449396, 2.7781160198300157, 1.5819308134205718, 2.183400117185796, 1.8864900827290063, 2.0459630473713397, 2.315536993919469, 1.209304684922976, 1.8023957300818259, 3.2938093743968073, 2.499214790114693, 2.544055377382536, 2.245781034619858, 2.0479468172647133, 1.8093679709249244, 1.6494079825135515, 2.4873375922867402, 2.8010304213778263, 2.294338076382107, 3.782093387609173, 1.6309435250122641]
FC:[[3.9285665826276484, 3.8727820365873282, 3.89276894577066, 3.926366012590609, 3.9779650726297504, 4.031435552245456], [3.985301278772785, 3.93278478688918, 3.9468372077633025, 3.9856104744474616, 4.03263275416026, 4.082776287852865], [4.128863055146894, 4.057375798121059, 4.077444405211572, 4.1252350056601035, 4.171930221910916, 4.2193655235005085]]
FCE:[[0.03194172558392521, 0.017037607925125684, 0.010839285842698205, 0.008437907077157285, 0.006979113415891359, 0.006182606816174946], [0.025050066177049562, 0.013294528455445494, 0.008205200732596382, 0.006390028654935651, 0.005422394928000415, 0.004813922406590198], [0.02135992653126642, 0.011272089496361175, 0.006933761791030393, 0.005319317454978725, 0.004512365838168334, 0.004001828844325391]]
