Ri:[100, 130, 160]
Zi:[50, 100, 200, 300, 400, 500]
fps.ts:[4359.797360000611, 13079.392080001831, 21798.986800003055, 30518.581520004274, 39238.1762400055, 47957.77096000672, 56677.36568000793, 65396.960400009164, 74116.55512001038, 82836.14984001161, 91555.74456001283, 100275.33928001404, 108994.93400001526, 117714.52872001649, 126434.12344001772, 135153.71816001894, 143873.31288002015, 152592.90760002137, 161312.5023200226, 170032.09704002383, 178751.69176002505, 187471.28648002626, 196190.88120002748, 204910.4759200287, 213630.0706400299]
fps.e0:[10862.943866895052, 10859.560604302056, 10850.32413736505, 10845.852447920837, 10853.006566612656, 10858.724418411766, 10868.838920329245, 10868.082069717106, 10857.589985814548, 10851.947393685345, 10852.49040417281, 10853.163630840025, 10873.116416316183, 10863.34747864525, 10862.567685789303, 10863.470630086711, 10854.522827452585, 10866.024798973809, 10861.960525810697, 10861.62723626669, 10864.78056337119, 10859.056599395486, 10861.484129184782, 10859.809722345706, 10863.332611784977]
fps.e0u:[9.323695749763004, 9.37724450285886, 9.375495570907244, 9.265972927678165, 9.386313777431283, 9.310645472998601, 9.219001891746471, 9.324712571926076, 9.37944806943154, 9.35821541485374, 9.344021206175773, 9.395435433117571, 9.394995949615112, 9.32179496848875, 9.350162292819192, 9.426515885328985, 9.42961673503621, 9.425579960619144, 9.364416281042258, 9.43331958134531, 9.426000440802778, 9.45360191204424, 9.394988554875075, 9.525496307685795, 9.462704517782852]
fps.lt:[5159.923674034554, 5198.447931171963, 5214.815299664391, 5254.650666927133, 5200.750275204248, 5149.375047570162, 5077.855913885153, 5139.495605631907, 5183.545195974822, 5213.722381278233, 5257.580975442564, 5256.6545498955975, 5131.95684554656, 5199.086454104489, 5164.440266431192, 5216.7142325320665, 5207.532035079681, 5171.887879698585, 5270.341555733644, 5197.573866469296, 5162.569822399656, 5280.367653826292, 5204.154272495583, 5258.899054762105, 5243.560382158755]
fps.ltu:[68.34145846064187, 69.55972953542019, 70.23855077486196, 70.40925526991425, 69.80984649727169, 67.92117461332039, 65.39562430073379, 67.56850499675026, 69.11247986314405, 70.00640593129334, 71.14627235377829, 71.5227567302414, 68.15691372847468, 69.4204847011123, 68.83210791259478, 70.22915308738372, 70.1674495268548, 69.20902983926227, 71.69685273487268, 69.86334686438884, 69.26401180539497, 72.42595503122683, 70.02096470674228, 72.35727579826666, 71.60314286177058]
fps.c2:[2.738910545077127, 2.153843449815103, 2.3495277631577185, 1.2691213292070183, 2.0329097175705733, 1.9437892557961052, 0.9886823092618073, 1.670606410478682, 1.7909523495255841, 2.4523122224589047, 1.3286553228710394, 3.8447898554566597, 3.6119816698806932, 2.7874980322827314, 2.4850724175404832, 0.912293789587967, 1.4930188570563818, 1.5090033867219868, 2.0354242292460656, 1.5201332137733348, 1.7164699046051193, 1.4084952877877888, 1.6804972471523518, 3.174313830047321, 2.742233163256719]
FC:[[3.7609302354825984, 3.7559297084346297, 3.8034775083698675, 3.864453305451636, 3.9209661001470986, 3.9817997232429168], [3.767857504301918, 3.781394739047709, 3.833073300474026, 3.8890374967785686, 3.9472568446886274, 4.0096190450612], [3.8170725543330035, 3.842799145822352, 3.8970794585751953, 3.9568474985603705, 4.018384651018393, 4.090426803333465]]
FCE:[[0.02499220865367151, 0.013061056567493593, 0.007977084939012493, 0.006246766617947815, 0.005320466262305761, 0.0047580152823261754], [0.019422840928061506, 0.01010717353550407, 0.006168521686606753, 0.0048249614896438186, 0.004117857770205797, 0.003686903323973606], [0.016367212320864032, 0.00842442103884287, 0.00513347187618622, 0.004022595071146825, 0.003439934177330561, 0.0029478763424367524]]
