Ri:[100, 130, 160]
Zi:[50, 100, 200, 300, 400, 500]
fps.ts:[707.9485200023651, 2123.845560007095, 3539.7426000118253, 4955.639640016556, 6371.536680021285, 7787.433720026016, 9203.330760030745, 10619.227800035476, 12035.124840040206, 13451.021880044937, 14866.918920049666, 16282.815960054397, 17698.713000059128, 19114.610040063857, 20530.507080068586, 21946.40412007332, 23362.301160078045, 24778.198200082777, 26194.095240087507, 27609.992280092236, 29025.88932009697, 30441.786360101698, 31857.683400106427, 33273.58044011116, 34689.47748011589]
fps.e0:[10909.318869818717, 10926.365402663303, 10908.30266311359, 10922.607530784702, 10917.005983797406, 10935.573384908454, 10862.201146134821, 10930.159496813823, 10927.12774749517, 10928.88928413006, 10933.744500170738, 10890.225391155262, 10880.302134307436, 10900.921168676223, 10879.445638083851, 10953.658556234945, 10926.041878275979, 10885.817201476879, 10898.375526928892, 10898.940446244585, 10901.076581144525, 10894.171476029045, 10915.580602836078, 10934.159305620296, 10938.467986954409]
fps.e0u:[21.847676476251458, 21.777210594885183, 22.08356770460582, 21.273424600404336, 22.0406627324315, 21.814255436397982, 21.827975463489942, 21.67033881960883, 21.728938954899878, 21.27296600469248, 21.48522664911081, 21.80988340346097, 21.776219233329254, 21.902918972616618, 21.809453939420525, 21.561880136757274, 21.834339223705665, 21.175649432130054, 21.466650849400203, 21.56170268791625, 21.490611553449593, 21.45431505689098, 21.27557194571278, 21.561749378497446, 22.52084666472708]
fps.lt:[11750.696497997746, 12168.400562613948, 12837.651667241193, 12511.985629001314, 12015.698361982133, 11694.712590766903, 14834.527253851824, 12108.512764431132, 11541.84543706067, 11875.60452058568, 11072.631830122235, 12872.822359286476, 12645.198382862203, 12699.940943524285, 12703.359209225611, 11033.552251752015, 11269.093897709823, 13420.154822195555, 12862.712527113556, 12740.585034219981, 12899.54332085715, 13861.51814372869, 12424.208602878593, 11731.233340014081, 11197.464690115625]
fps.ltu:[833.3220031257666, 883.678801822473, 997.3066914535855, 921.0911137920773, 878.0478185563188, 823.2449862631634, 1315.6322839115228, 883.9203506756323, 798.9825293389172, 825.2088149088975, 724.9456740329796, 986.5200146168411, 961.6334474154818, 984.1228930869597, 989.2546688512481, 717.6069246480432, 767.7617811221114, 1057.9957528424015, 975.4643221542368, 966.9737294176443, 990.0732843952079, 1137.1412821919423, 916.0566754946462, 817.0545629100931, 775.2769382127079]
fps.c2:[1.236613124678646, 0.6908681442274947, 0.958100457913476, 1.4891846426732656, 1.355829870421073, 1.9584451997621066, 0.7966594231857382, 0.6362792819188273, 0.7642729794272412, 1.222307015005099, 1.8680129306330604, 1.2135270824782465, 1.1399660622774712, 1.721443416324528, 1.150339275595533, 0.921456555498668, 1.5620102542494705, 3.405044020608092, 0.8742515529098002, 1.1989815705578455, 1.3252872483873273, 0.4540923362841128, 1.9973786938450917, 0.9118055641845809, 1.1291707586945259]
FC:[[3.7782325825614684, 3.7835807423549164, 3.8429758304579957, 3.886108476692298, 3.9098248228889543, 3.9372207398049825], [3.8359103933434175, 3.840293759672072, 3.873772915069095, 3.9203257056853085, 3.952888182671906, 3.984527343302231], [3.9814889319192734, 3.9652496013999667, 4.006701693287011, 4.061200744830101, 4.092323748137044, 4.123812220280135]]
FCE:[[0.047161338912180786, 0.029603281426535677, 0.019623656391950524, 0.015516261024865223, 0.013142541084624428, 0.011587976127298224], [0.037195522327877484, 0.023044213598576908, 0.015165457905366359, 0.011993139282216804, 0.010229778189718326, 0.009058285703622881], [0.03215888504292712, 0.019483376463772357, 0.012863234589040455, 0.009804246859465663, 0.008366373727522162, 0.007418859361897138]]
