Ri:[100, 130, 160]
Zi:[50, 100, 200, 300, 400, 500]
fps.ts:[434.62484000205995, 1303.8745200061799, 2173.1242000103, 3042.3738800144197, 3911.6235600185396, 4780.87324002266, 5650.122920026779, 6519.3726000309, 7388.622280035019, 8257.87196003914, 9127.12164004326, 9996.37132004738, 10865.621000051498, 11734.870680055617, 12604.12036005974, 13473.370040063859, 14342.619720067978, 15211.869400072097, 16081.11908007622, 16950.36876008034, 17819.618440084458, 18688.868120088577, 19558.1178000927, 20427.36748009682, 21296.617160100937]
fps.e0:[10774.2894021246, 10748.323783477019, 10748.225264362172, 10742.586730116509, 10758.552353313507, 10741.75670962086, 10718.699745742457, 10788.841434730355, 10769.177228230617, 10757.386278464355, 10767.377589984759, 10703.509426791197, 10759.442609218391, 10743.88133631123, 10745.079874168028, 10734.74726577005, 10761.722124986129, 10780.150935275708, 10778.986210833336, 10772.428999550753, 10795.182853420312, 10717.212663714792, 10813.779325627771, 10773.292397060999, 10778.60596067809]
fps.e0u:[18.921267942239517, 18.988403408247507, 19.089505819459728, 19.019825534929293, 18.912477709320623, 18.947084421852782, 18.81796399836331, 18.735376052163524, 18.997950829510366, 18.66780946035522, 18.942231494393912, 19.121636621995606, 18.721235851067515, 19.08487861850641, 18.85955742092222, 18.881508931508144, 18.941892674332088, 18.464838537553536, 18.840334434589547, 18.646658908179788, 18.619818403416485, 18.932360470621525, 19.012082972622704, 19.075018104814315, 18.966656825978173]
fps.lt:[4929.333500588551, 5189.622117299487, 5235.41698623281, 5240.1227640945435, 5137.867777201286, 5158.682438556847, 5314.725451091311, 4995.413708968709, 4895.465508822326, 5230.1400798972445, 5123.495446274859, 5466.352539398954, 5007.044488382116, 5127.377321760469, 5262.754694996482, 5314.757829573617, 5104.731535841315, 4996.361306263166, 4951.322697979378, 4981.338006416635, 4942.30254213809, 5463.030057097618, 4679.675510213741, 4925.18794341536, 5034.695929308047]
fps.ltu:[130.86001507621404, 143.4719734073625, 147.23662568058342, 147.30779554955566, 140.86439284750304, 141.12151110235328, 151.05992536916926, 132.50861937108405, 128.99374133377523, 144.12646325487083, 139.42943792535448, 160.662644323202, 133.62148299084785, 141.99294042796546, 148.27931258682477, 150.05281701241006, 137.79837855546387, 131.93307374815163, 130.47282895506433, 131.47609134552405, 128.3275931053546, 159.64279153147186, 117.86981479384093, 129.48846569508606, 135.09997461807066]
fps.c2:[0.7830080492317933, 1.0746939386237566, 1.8560862580968032, 1.6910811903846852, 1.7386310403110865, 2.052013006006123, 1.2635639172671835, 1.4536772887062765, 2.1599354952855125, 2.796453070340131, 0.7777602151093278, 1.2224699175614928, 0.31559795796448653, 1.2367311971219217, 1.8741653099277356, 1.229189881937362, 2.247572977695811, 1.7396373781851149, 0.9250959534201612, 1.631923906283278, 1.8236122012288487, 2.2807215047149874, 0.6211085626923427, 1.7700652477296424, 1.7724339460644265]
FC:[[3.774991946355621, 3.820063817260286, 3.8540492168297784, 3.9013398362177933, 3.968939568115836, 4.042727421557792], [3.8214248309836387, 3.8532913742466377, 3.899122473460387, 3.9587472618586235, 4.020810403630045, 4.096368124643061], [3.974052938502368, 3.9823154581873585, 4.020050063966546, 4.087920807675482, 4.148823920392121, 4.223184192406484]]
FCE:[[0.054508496565202236, 0.027425510631974577, 0.01713924857082507, 0.013260847005519315, 0.011143466798461286, 0.009996166826820972], [0.042175605529232066, 0.021528964810239748, 0.012646204095533296, 0.010031120871093691, 0.008629217055811956, 0.007775114511081264], [0.03624924372153263, 0.017266136167248515, 0.010600866583688936, 0.00842229693890115, 0.0072726494031956175, 0.006570388733130081]]
