Ri:[50, 100, 150, 200]
Zi:[100, 200, 300, 400, 510]
FC:[[4.118285474448444, 4.111790571308902, 4.1386011640927975, 4.184839780062061, 4.195014506293568], [4.1402350257108465, 4.168662022522445, 4.179808046783163, 4.20020595384608, 4.218525459607378], [4.280074411734012, 4.307063867249964, 4.3257424080820925, 4.349488016744702, 4.374653345000923], [4.861989896892189, 4.935955450561813, 4.985801396153767, 5.013769825600399, 5.031063814849189]]
FCE:[[0.05556355639269949, 0.03713740906485873, 0.030223768447875676, 0.026085214321522464, 0.022942375915306026], [0.027876930434139906, 0.019016078381759106, 0.015362804198377438, 0.013185937632957433, 0.011595474822421736], [0.019444923128093382, 0.013224352766230319, 0.010678237700421514, 0.009182766639391517, 0.008081009114145304], [0.01801094140274761, 0.012363398697623675, 0.010042407549943323, 0.008655054909633168, 0.0076271233938197455]]
fps.ts:[1602055657.41384, 1602059083.2175202, 1602062509.0212002, 1602065934.8248801, 1602069360.62856, 1602072786.43224, 1602076212.2359202, 1602079638.0396001, 1602083063.8432803, 1602086489.6469603, 1602089915.4506402, 1602093341.2543201, 1602096767.058, 1602100192.8616803, 1602103618.6653602, 1602107044.4690402, 1602110470.2727203, 1602113896.0764003, 1602117321.8800802, 1602120747.6837602, 1602124173.4874403, 1602127599.2911203, 1602131025.0948002, 1602134450.8984804, 1602137876.7021604]
fps.e0:[9943.048959331922, 9928.277669811858, 9980.421195751544, 9934.62222877066, 9968.782774351515, 9969.640739573884, 9922.855309682544, 9961.771824680189, 9972.691892811014, 9962.220047948325, 9979.904823576975, 10002.915658176315, 9967.031788935516, 9964.757494254723, 9933.79319685994, 9965.895863585249, 9984.245402184915, 9961.789239242207, 9968.459892468614, 9981.28302167713, 9992.071211552011, 9977.777552491694, 9988.48642544013, 9977.823106051495, 9997.424924867502]
fps.e0u:[23.72110096581219, 23.906723202566514, 23.60619854265915, 23.748005607441332, 24.030229766655086, 23.963377511016148, 23.916296407260447, 24.07426183991674, 29.692423590996523, 53.92103914035743, 24.17113282300095, 23.815050784621807, 24.23755951137334, 24.18697837478455, 23.922258450679585, 23.805936828762068, 23.843343446065198, 23.74155861367092, 23.279681691340706, 24.251622536194596, 24.05578096009256, 23.957357906354726, 23.854420434001565, 24.199501713465477, 23.720598163383986]
fps.lt:[15129.872175797344, 15696.775420614986, 12806.529302363508, 16015.931028275572, 13665.409288802171, 14079.6829083243, 16619.581931858334, 15123.231332236137, 14342.55035411401, 13864.395411519588, 13519.227630821926, 11680.329236295145, 14119.635341299061, 14469.053016879388, 17831.75028843602, 13780.508750853884, 12810.882136015138, 14723.984424546448, 14426.779324010706, 13296.028171570506, 12725.558452825513, 13121.361038047393, 12819.407349889461, 12459.169046860687, 13167.656501699035]
fps.ltu:[1637.9145324963367, 1777.4593999958627, 1183.8576780088783, 1843.6545596217668, 1355.5058809934442, 1431.7487625852789, 2007.7138405178216, 1655.7433364549947, 1829.2477153289765, 3127.620536351842, 1343.8483683973882, 982.9512008705225, 1446.142531413902, 1524.092265548062, 2293.1420575699403, 1373.0515904542333, 1178.3956861803072, 1574.8448181305075, 1480.263076799185, 1288.9708476546061, 1176.539512063009, 1257.896701119055, 1181.2713738906616, 1130.1839050909953, 1246.1788038683324]
fps.c2:[1.2742224051377546, 1.1360834386628753, 1.1518454176671682, 0.9003753828800078, 0.8602461493546811, 1.048261659702231, 1.5282302758142556, 2.37172100579369, 1.2595554090741492, 0.46750081337890964, 0.8911516412263227, 1.4562277674762236, 0.8228707593730941, 1.1320371366055186, 1.306121125679834, 0.7634457937496534, 1.0686448347711401, 0.7494597098526524, 1.4779213202895214, 1.8660086847916626, 1.2261950837578939, 0.7665970276384271, 0.4307917673154303, 3.017416474425102, 0.46433268298295527]
