Ri:[50, 100, 150, 200]
Zi:[100, 200, 300, 400, 510]
FC:[[3.982032317212868, 3.9979769601201998, 4.007335001785207, 4.026313538187994, 4.035114456746789], [4.024128817817701, 4.034659374831587, 4.041787179586224, 4.072501478163489, 4.085460011733146], [4.1521637661707045, 4.170858717138337, 4.188995553721618, 4.21738788529207, 4.240365180510925], [4.738306600233658, 4.790261991314887, 4.821801272607852, 4.857645143690286, 4.878902876141893]]
FCE:[[0.0496915681664952, 0.033876184421528566, 0.027551873885457826, 0.023875818289867866, 0.02091279428639955], [0.025329680063005844, 0.017249168128888562, 0.01393768706922065, 0.01204176231832897, 0.010559878250870382], [0.017288754226417798, 0.011745673068979829, 0.00947944080450041, 0.008196892860432963, 0.0072328228418112464], [0.01580759807405083, 0.01082085791000508, 0.008768854981576472, 0.00757826140695591, 0.006693301774648892]]
fps.ts:[1620123785.1321, 1620127180.5523, 1620130575.9724998, 1620133971.3927, 1620137366.8129, 1620140762.2331, 1620144157.6533, 1620147553.0735002, 1620150948.4937, 1620154343.9139, 1620157739.3341002, 1620161134.7543, 1620164530.1745, 1620167925.5947, 1620171321.0149002, 1620174716.4351, 1620178111.8553002, 1620181507.2755003, 1620184902.6957002, 1620188298.1159, 1620191693.5361004, 1620195088.9563003, 1620198484.3765001, 1620201879.7967002, 1620205275.2169003]
fps.e0:[10745.644734379364, 10751.25180599435, 10733.034664660452, 10751.874267760551, 10734.811972035704, 10734.178318488268, 10745.635554575898, 10769.854856102678, 10773.995305899149, 10778.0747071972, 10724.141553250327, 10751.691824436035, 10710.390936965065, 10755.954836419996, 10779.240787758767, 10741.448976750928, 10761.1534494537, 10783.925629626485, 10707.464727497934, 10715.270470638981, 10737.230451731122, 10739.427143401339, 10757.040378007545, 10741.832214652335, 10748.116756668018]
fps.e0u:[23.787881637491605, 23.447400780524053, 23.65181869635676, 24.071985745759918, 23.403493060726877, 23.331521972480438, 23.68974323455066, 23.268371868023696, 23.5115577702702, 23.726977235571503, 23.855845420693278, 23.809259699387937, 23.817141301834866, 23.649335456667057, 23.50670065077169, 24.224175153254595, 24.16936977293771, 23.676229704180706, 23.75112215166806, 23.9997543989643, 23.803026349675676, 23.816731331263778, 23.537170513372466, 23.851991605986928, 23.764335773977187]
fps.lt:[17541.195659641962, 18571.111463907007, 22444.86093626492, 18737.688647480158, 20695.38255963418, 19875.630432380436, 17816.1669000415, 16650.84259457156, 18306.476421154937, 17173.74102621362, 21606.998982665453, 21424.3955473637, 23923.49587211809, 19400.57881846495, 18161.58111022965, 19234.078483706722, 18058.934961980456, 15902.767673836655, 24690.83411157945, 21449.351642606096, 22371.659470730345, 18299.888694868732, 18330.623222624257, 20649.53589567665, 18711.122603289]
fps.ltu:[2057.2541558796233, 2287.1075831863122, 3348.6656015042495, 2370.853323648649, 2806.6147451642046, 2603.8097803086766, 2107.3177217775246, 1819.199545366593, 2203.3592589689197, 1971.7754602682794, 3129.3973306379207, 3028.0236115242383, 3806.3153423414296, 2492.7985609787324, 2180.6165049838537, 2519.6821740626838, 2198.9227023178773, 1662.7724273433198, 4073.0305608999083, 3102.809577638553, 3318.457383815209, 2235.4857360875467, 2193.841314645415, 2849.8305539865005, 2350.608735293133]
fps.c2:[1.896518510609783, 0.7905521336617642, 1.5191842628888388, 0.8603186716766993, 1.6228124855588828, 0.9572656801855461, 0.9734159607132712, 1.2339406439963463, 1.1050277014342726, 1.9140359656584436, 1.572648663765896, 1.8105202932861348, 1.1661263109959625, 1.1414945482451346, 1.7589590963931816, 0.9839124596774648, 0.9166181936594426, 1.3927007494929395, 1.2800595311005243, 1.7012729131610878, 0.8480050260066707, 1.8835083662113499, 1.6598002857880518, 0.8937904621023389, 1.3975076820958896]
