Ri:[100, 130, 160]
Zi:[50, 100, 200, 300, 400, 500]
fps.ts:[1696.4764599990845, 5089.429379997253, 8482.38229999542, 11875.33521999359, 15268.28813999176, 18661.24105998993, 22054.193979988097, 25447.146899986266, 28840.099819984436, 32233.052739982606, 35626.00565998077, 39018.95857997894, 42411.91149997711, 45804.864419975274, 49197.81733997345, 52590.770259971614, 55983.72317996979, 59376.67609996795, 62769.62901996613, 66162.5819399643, 69555.53485996247, 72948.48777996063, 76341.4406999588, 79734.39361995697, 83127.34653995514]
fps.e0:[10791.295382272401, 10817.108112543123, 10781.582386347758, 10828.071338897304, 10817.603768443045, 10819.465069290643, 10823.318668209531, 10809.71979036683, 10798.78903123157, 10789.819344413656, 10835.27200960492, 10820.14185451327, 10847.750665720676, 10814.006164912988, 10810.979746645573, 10817.517393497998, 10831.542035049599, 10823.809914548108, 10812.180191201325, 10837.815562751182, 10833.266376205864, 10814.961905341577, 10848.424639546118, 10851.336036281507, 10827.56201724653]
fps.e0u:[13.396900954157863, 13.365612046942436, 13.125561518273518, 13.060675009008785, 13.202352643353633, 13.064334117032427, 13.290723053395526, 13.123871169827867, 13.258120392221018, 13.180871153626173, 13.165965428570901, 13.255593888442416, 13.14488257965979, 13.252436588080867, 13.288819708355776, 13.013234994913933, 13.181001625018588, 13.174360706901837, 13.306020705389155, 13.462999874122152, 13.486996856421797, 13.369405551223984, 13.302593638713429, 13.404512778471897, 13.51401290292081]
fps.lt:[5885.039107553927, 5727.088576733857, 6014.50698386863, 5689.434499217359, 5687.9410146064965, 5682.769234350645, 5627.379922162958, 5785.401064660586, 5811.275753656843, 6078.226085210751, 5680.004405527713, 5800.71934008815, 5499.870134448309, 5818.134715634119, 5855.695997380199, 5709.604893635161, 5718.935845093561, 5733.476182372521, 5688.725231285227, 5547.615929982278, 5627.980342532098, 5796.326676447051, 5454.162002033725, 5515.627436085363, 5667.3162280209235]
fps.ltu:[126.9369686197886, 119.30904768025634, 130.06804238346507, 116.04153941418062, 117.29484657377913, 115.9706882417236, 114.97385445180088, 119.92721170081681, 122.96926942434435, 133.38747361137914, 116.15265930934454, 121.99752077717865, 108.99799143788303, 123.16814994062457, 125.44655636608489, 116.94813983303331, 117.55243191135429, 119.00569936261701, 118.76033480042675, 113.0452689184252, 116.68426127029726, 123.29389310558739, 108.69729516199057, 111.38232627175087, 118.79743234148818]
fps.c2:[2.081121096500816, 2.366272521659433, 1.6364800003198734, 2.9060394622308867, 1.9889462426561633, 1.9710635993141206, 2.2298572658534073, 1.5159791095874213, 1.631210169249551, 1.8396434084128748, 1.2971753106095063, 1.5967123489087383, 2.238676274829022, 1.8851616472482213, 1.7013371040041405, 1.853276283469368, 2.419934079851114, 1.568576637962696, 1.867373020405952, 1.178831539210726, 0.9157912130063873, 2.0153606227393714, 1.1561711173016194, 1.5060687012427616, 1.316265792773475]
FC:[[3.7918673212468597, 3.797766645183643, 3.8527093581342955, 3.905262833844994, 3.970158326829613, 4.031540523538168], [3.8298311069405093, 3.8195231883348764, 3.881103407367313, 3.946006630664681, 4.018349066482468, 4.088614644559952], [3.954865037070229, 3.961390103169805, 4.01329815921889, 4.075778637113794, 4.143194627674734, 4.218706963933398]]
FCE:[[0.03684040951201141, 0.019630943190699468, 0.01175355189564926, 0.009141393547735396, 0.007764309504245139, 0.006707832205203549], [0.02912344014625912, 0.014752671091561054, 0.009043390230724218, 0.0070816078797852535, 0.0058888247814913135, 0.005254863348153613], [0.02495485760010382, 0.012351730673164144, 0.0074718520940585224, 0.005850600913151141, 0.004992482093124297, 0.004363560659346694]]
