Ri:[100, 130, 160]
Zi:[50, 100, 200, 300, 400, 500]
fps.ts:[1721.5774599981307, 5164.732379994392, 8607.887299990654, 12051.042219986915, 15494.197139983178, 18937.35205997944, 22380.5069799757, 25823.66189997196, 29266.816819968222, 32709.971739964487, 36153.12665996075, 39596.28157995701, 43039.43649995327, 46482.59141994953, 49925.74633994579, 53368.90125994205, 56812.056179938314, 60255.211099934575, 63698.366019930836, 67141.5209399271, 70584.67585992336, 74027.83077991963, 77470.98569991588, 80914.14061991216, 84357.2955399084]
fps.e0:[10919.758900852888, 10944.12810940235, 10939.763512781125, 10938.085334544628, 10915.399241661116, 10923.910320948884, 10927.439670114029, 10941.999100280873, 10943.971062707578, 10926.55106504447, 10940.925191411596, 10924.126788921085, 10928.285497315086, 10950.286068057552, 10952.467011141045, 10952.376404025736, 10948.70903160319, 10943.568745224115, 10932.193957822543, 10945.732191751928, 10936.088580910055, 10957.985517268911, 10829.589404986933, 10926.276741139116, 10911.68770362674]
fps.e0u:[14.554101055335495, 14.545397202052897, 14.61109644259736, 14.310325306474562, 14.862640996678762, 15.578359035233643, 12.844142486035231, 12.303420622241928, 12.311674312863477, 12.322983275570945, 12.02504313351051, 12.36063432086117, 12.340487674804672, 12.33627969684179, 12.041235048660864, 12.239203422105948, 12.510574049257617, 12.210456175650915, 12.261433840128003, 12.300556216185328, 12.210773479646939, 13.018658813471536, 14.656440010184108, 15.44160556479903, 14.736538827632891]
fps.lt:[6315.653426921371, 6237.864449301237, 6155.887610735093, 6313.185690767133, 6404.483429500222, 6454.284343282366, 6304.878229017215, 6096.568530870981, 6154.994128601806, 6214.9608985992845, 6248.623079327628, 6355.559255488986, 6367.465072127356, 6062.248516698352, 6026.1108196700525, 6072.927976326752, 6080.263566483886, 6255.715253183284, 6309.710648702606, 6062.494331899484, 6248.035040718852, 6090.118922006849, 6460.480556181543, 5980.465793682338, 6080.856205301346]
fps.ltu:[158.1004202691463, 154.41910407480395, 150.64667217941505, 154.57477760124002, 166.72978537595534, 178.40518313061102, 139.996533973371, 125.26172034788964, 127.26985863918901, 129.72791600151183, 128.0842981147723, 136.8428838573561, 136.45052214727406, 123.7635398399855, 119.51486216321723, 123.38021036973545, 125.31289654897361, 129.98147059533574, 133.43550308755877, 123.70386698211537, 130.19638615863522, 131.290514529893, 168.9330014331699, 151.41025315619655, 150.62675980723975]
fps.c2:[1.4102618528984023, 1.1005331327458243, 1.4425564805420334, 2.5167278868929044, 0.8777016119260771, 0.9188776148231573, 1.418115651963644, 1.2271531117074388, 1.2330742473426426, 1.4336828324419584, 2.1217644065103474, 1.065595041674589, 1.1000646844822297, 1.2181866780389294, 2.7259547641990705, 1.4572194805227778, 2.4176085542495644, 1.5597296043158384, 1.4794395482529183, 1.2845297846550092, 1.51389005024593, 1.9196022236770296, 1.3237601441288116, 1.7373618395865145, 1.7959090455312716]
FC:[[3.9329002130860258, 3.9306510704960806, 3.955563817743374, 4.026527312195985, 4.099631791364606, 4.180337962529736], [3.9931616401446264, 3.971003195013037, 4.006424322653646, 4.0755333570118815, 4.155774409343625, 4.240519085512039], [4.105751597217198, 4.079505358758259, 4.121739526046213, 4.196363886304257, 4.274572678360655, 4.35712490761778]]
FCE:[[0.0361113879703909, 0.01914794707868385, 0.011731483270694511, 0.00922594128247059, 0.00774542536351361, 0.006960793190796439], [0.028112589777644845, 0.014981289755372688, 0.00916819827869529, 0.007027180669992846, 0.006039919540371584, 0.005436013100599801], [0.023539317738596164, 0.01222440591156169, 0.007521054441711783, 0.0059236951065129466, 0.005093599025482435, 0.004589378369450552]]
