Ri:[100, 130, 160]
Zi:[50, 100, 200, 300, 400, 500]
fps.ts:[1730.772459998131, 5192.3173799943925, 8653.862299990655, 12115.407219986915, 15576.95213998318, 19038.49705997944, 22500.0419799757, 25961.586899971964, 29423.131819968225, 32884.67673996449, 36346.22165996075, 39807.76657995701, 43269.31149995327, 46730.85641994953, 50192.4013399458, 53653.94625994206, 57115.49117993832, 60577.03609993458, 64038.58101993085, 67500.12593992711, 70961.67085992337, 74423.21577991963, 77884.76069991589, 81346.30561991215, 84807.85053990841]
fps.e0:[10993.274925426287, 11006.947709257212, 10974.42711215875, 10987.377554957227, 11003.533465532963, 10973.890911644763, 10974.00757937184, 10968.217470620382, 10974.25540885989, 10923.147015366538, 10962.777074557749, 10975.734238388399, 10987.432703220102, 10967.144529171266, 10994.798471318429, 10962.797124800747, 10971.056371936027, 10968.097124384636, 10972.978559529667, 10982.824783805376, 10978.10044336878, 10957.867047721107, 10964.794029461184, 11019.538036894854, 10964.40748641748]
fps.e0u:[15.865104322796089, 15.907516898990737, 15.975614318089708, 15.878425452615687, 15.658732152517832, 16.106275769236508, 15.907854572837515, 16.150021027646893, 15.957289262141945, 16.06731691949451, 15.940476713214727, 15.972603977134382, 15.857442549244924, 16.141793666337083, 16.12624121696194, 16.163679936994413, 16.19405936397985, 15.93137194423959, 16.2363924165869, 16.084991374793336, 16.09549775864942, 16.05888174594115, 16.027566984657568, 16.025491460890418, 16.28496118315081]
fps.lt:[12309.349226462045, 12312.752021701403, 13485.369010863047, 13163.401536825344, 12165.33435060746, 13034.283133571087, 13206.907622996203, 13995.374603575634, 13605.865053093474, 16842.04968103559, 13512.166641597029, 13371.23593991693, 12573.49691381291, 13438.821467187987, 12045.903307796661, 12946.275423654952, 13589.858906706273, 13810.106261305416, 13439.5157665474, 12543.082523053976, 12933.816856453528, 14012.029829459143, 13918.975368566875, 11549.717426514411, 13408.291992293904]
fps.ltu:[656.4464450038125, 656.9219529573575, 791.6296052082431, 748.7145035930059, 632.1016945852563, 746.6756524487353, 755.6698815783129, 859.4654089851439, 800.6194439103735, 1233.200724873412, 800.9784578181001, 779.431839593777, 679.923263439496, 794.2647144965006, 635.9906317698669, 732.671578151847, 811.0871520648388, 824.6970952657821, 789.9103311923697, 686.8777460230434, 725.912127138123, 851.5612122612117, 843.3508629104618, 581.3321260818191, 791.6761418851808]
fps.c2:[1.8466979984072727, 0.8554072734907611, 0.71655322273795, 1.7648238815546213, 0.9784762349646692, 0.3918710519438839, 1.2614380350902463, 1.5510264292650229, 1.2039596079475834, 0.7657407711703412, 0.8277405213417904, 1.0404381290571372, 2.5905930158670403, 0.9886610868232828, 0.7808959238149781, 1.24175058062159, 1.3531675612603422, 0.5332970104626003, 1.0713074385210286, 2.538237372687507, 1.4766455054447396, 1.201761821293771, 1.0883201746534596, 0.9505128542735152, 0.9815324788139178]
FC:[[3.8865198641546077, 3.8989416045507688, 3.8955984776524293, 3.9169546146729384, 3.9428835523227703, 3.970957304240251], [3.9191440224101153, 3.9298693132866065, 3.9459126922786742, 3.9710574079521224, 3.991815343411781, 4.0199679488692155], [4.0243850465995905, 4.039292030077439, 4.0716579298385005, 4.100464921899461, 4.1249485544564095, 4.150040848357358]]
FCE:[[0.0351733132719903, 0.022104025153072637, 0.01447767701774142, 0.011418364943743056, 0.009641460110095102, 0.008452591821115293], [0.026895701492206568, 0.016903505196227065, 0.011162871694616293, 0.008823100005647679, 0.007466414275714145, 0.006569132752393118], [0.02280804660871017, 0.01429244802056358, 0.009485437690568973, 0.007509396626458529, 0.006378694208393206, 0.005615891306190434]]
