Ri:[50, 100, 150, 200]
Zi:[100, 200, 300, 400, 510]
FC:[[3.9821890142506446, 3.9938515588255723, 4.012308049045144, 4.019290104880152, 4.039159874257143], [3.9896340721266306, 4.012423240484476, 4.040453593404923, 4.059636994951812, 4.076678510797563], [4.129286174167363, 4.154897746654081, 4.180713690062487, 4.203325871756217, 4.224947485123527], [4.778989935958425, 4.828140531008108, 4.854210750870882, 4.879867978748428, 4.896755114359519]]
FCE:[[0.036693980990894576, 0.024929461070437746, 0.020107338284546458, 0.01732908878007099, 0.01530622274823905], [0.018284207168117995, 0.01244002905954987, 0.010090003706533802, 0.008718075180570597, 0.007255009543258824], [0.012100948895537018, 0.008213396001706043, 0.006628869811479785, 0.005722412723386668, 0.005064552468664985], [0.011237177619520028, 0.0076374641553272685, 0.006161746370141837, 0.005323466167649733, 0.004704533840256021]]
fps.ts:[1614434930.5612202, 1614438414.18366, 1614441897.8061, 1614445381.4285402, 1614448865.05098, 1614452348.67342, 1614455832.29586, 1614459315.9183002, 1614462799.54074, 1614466283.16318, 1614469766.7856202, 1614473250.40806, 1614476734.0305002, 1614480217.6529403, 1614483701.2753801, 1614487184.8978202, 1614490668.5202603, 1614494152.1427002, 1614497635.7651403, 1614501119.3875804, 1614504603.0100203, 1614508086.63246, 1614511570.2549005, 1614515053.8773403, 1614518537.4997802]
fps.e0:[10697.786800879492, 10719.523707597624, 10693.685829850243, 10686.333239505338, 10717.815489793938, 10688.287839510334, 10717.877139446695, 10667.453748205075, 10701.842323950956, 10696.181998475558, 10701.828007984046, 10736.700982507147, 10733.633211719938, 10714.369356124753, 10701.438925637189, 10691.657035743598, 10730.092666592342, 10696.147015552788, 10712.667634972844, 10720.294214690892, 10711.494715097719, 10701.793891303778, 10747.50576026746, 10682.748065253652, 10738.097732673343]
fps.e0u:[16.350756432477862, 16.628257748681946, 16.51202245149883, 16.66753417991682, 16.599825967520957, 16.417296850046984, 16.592182595886968, 16.715345990830276, 16.49050818597616, 16.52906905636229, 16.65548174534079, 16.511440806588926, 16.4542720653384, 16.404524962524146, 16.665553994724064, 16.63006585385965, 16.67379594405195, 16.61761740873795, 16.71122381386492, 16.51823524149037, 16.547430680551305, 16.50601176291861, 16.69888049489439, 16.625378902413047, 16.52380925935861]
fps.lt:[20638.478992040582, 17684.13311708539, 20209.42109971067, 22318.05253673495, 18540.768615040273, 20396.49544232569, 18707.746176857294, 23526.35675542453, 17956.05576275872, 20150.285179687293, 18815.31827806415, 15475.042495687963, 17829.773089337246, 17864.812856106055, 19231.200344443867, 18304.267013517627, 16662.62151689438, 20091.73298180725, 17180.215365716234, 17697.76499022743, 18175.689887636443, 19762.152623933598, 15574.247032011672, 20720.428902870757, 16804.950133883853]
fps.ltu:[1962.985486485, 1466.9709788604512, 1898.5495136884822, 2332.163180301122, 1607.2611333349773, 1925.1676142735023, 1640.022801367112, 2600.833524246788, 1505.3260185633578, 1886.2253191081943, 1665.762961134695, 1122.2654027191259, 1477.6881568572207, 1482.0050227814625, 1739.1525627628396, 1573.949793553992, 1299.1701612359525, 1886.7589190162682, 1396.647534614131, 1456.2483451670346, 1542.7493238633158, 1817.4094233494673, 1139.6914843815684, 2006.1651485025627, 1317.805691068288]
fps.c2:[2.475178222330517, 0.6237430014883825, 1.2487285427388506, 1.3766912610716455, 1.0785266877201243, 2.530937457354981, 0.8310142783266724, 2.8557647676182984, 0.7419811151605413, 1.9319642305645561, 1.1410596379293465, 1.5143785490314923, 3.313668309974564, 1.7553475650831318, 1.6132781045357558, 2.3716489621127788, 1.9124929408247828, 0.8900546508981056, 1.0102565769388994, 0.880519381562042, 0.7997842898642389, 1.579532193355835, 1.9272236491818708, 1.9017645147597133, 1.6306814457728291]
