Ri:[100, 130, 160]
Zi:[50, 100, 200, 300, 400, 500]
fps.ts:[1682.787760000229, 5048.363280000687, 8413.938800001146, 11779.514320001603, 15145.08984000206, 18510.665360002517, 21876.240880002977, 25241.816400003434, 28607.39192000389, 31972.967440004348, 35338.54296000481, 38704.118480005265, 42069.69400000572, 45435.269520006186, 48800.845040006636, 52166.4205600071, 55531.99608000755, 58897.571600008014, 62263.14712000846, 65628.72264000893, 68994.29816000938, 72359.87368000984, 75725.4492000103, 79091.02472001076, 82456.60024001122]
fps.e0:[10761.4772942282, 10842.948627731288, 10769.179758507313, 10806.805629824645, 10764.664542959077, 10736.738665540955, 10847.303157788558, 10783.408585491903, 10739.021736520865, 10868.54970554534, 10779.253048390592, 10817.569237699692, 10750.528440378961, 10803.648403481753, 10794.672761626838, 10794.167705003614, 10789.436337160785, 10801.528666340831, 10794.80993340965, 10798.170942507659, 10784.962762376968, 10789.079580511487, 10824.010094613037, 10783.417793865017, 10774.977180919188]
fps.e0u:[21.458326801911117, 23.469032075914424, 25.738951638892978, 27.965407603381802, 25.496506307486747, 27.650829423507655, 32.19531320410644, 33.90384067627272, 30.85428653474953, 33.481330178194675, 35.368215450912835, 37.029797272936804, 31.23024010403852, 33.3499379449879, 32.68067280076308, 32.03566380285023, 29.6484259038273, 30.05954123585807, 28.088424424439907, 23.417738027458036, 23.48095069388106, 26.569147253975093, 31.460086120884032, 28.49594098749091, 23.16172684097575]
fps.lt:[6948.884921228825, 6138.703006358267, 6949.852636621639, 6616.238368865052, 7195.438852011768, 7549.952014407069, 6642.914950734945, 7211.024773427975, 8157.5129519983075, 5908.769561568828, 6801.686394642383, 6801.281567759041, 7397.193591616908, 6777.043905719656, 6574.126629347592, 6773.481519798455, 6873.158720370039, 6718.1526226998685, 6912.873141030661, 6871.750757120665, 6982.356298958102, 6821.250841410042, 6542.491075227313, 7142.633699840234, 7065.579682049138]
fps.ltu:[284.16946881899855, 243.0525511667109, 342.2219787785631, 338.3367416107514, 361.7517577521568, 433.7026834894783, 397.72973353712035, 486.3227838532481, 572.0715328829457, 331.1164592058965, 454.2746045877332, 475.6689954687672, 477.96074571255133, 430.1515320153201, 390.3078545702559, 410.80194407063925, 385.97584782906455, 376.2251165786085, 374.4494398456079, 307.9419213053708, 315.12076971889996, 340.7221940177497, 368.0560325869963, 411.1479741805045, 315.38076298181124]
fps.c2:[0.657398448839037, 1.0945656356019946, 1.6761542840826198, 0.5511429858612288, 1.1594867981368178, 0.9272695272938343, 1.01738788264036, 0.9664909435843416, 1.4310331223078672, 0.47721592092559173, 0.9910315739655289, 0.9628527340929213, 0.6497276691478936, 1.2749145433229938, 0.9739357282283408, 1.5926294169909019, 0.9566086867876435, 0.7618780667892858, 0.36477214470216296, 0.3496990507612669, 1.274266560422247, 1.1238606940449862, 0.7910048336467344, 0.9425991019505273, 0.9573135078765609]
FC:[[4.42646703853671, 4.322909099607843, 4.276626242024995, 4.312208174523934, 4.3777787868035185, 4.429539691987502], [4.372309905061487, 4.348948594760789, 4.310535588947331, 4.354434696297028, 4.413914821286128, 4.469276886781157], [4.486097841709332, 4.448277873844829, 4.432272633355748, 4.486584648339827, 4.545130315293471, 4.6034020778785925]]
FCE:[[0.09166371398129504, 0.04788391252130438, 0.029015872217395686, 0.022576063378224796, 0.019077151784664317, 0.01681135573972782], [0.06733652852188723, 0.036318127833452, 0.02213294908743479, 0.017328346965013584, 0.014683787893374758, 0.013007026143083841], [0.055401192349021244, 0.030205564901074875, 0.01851618538241834, 0.014476596140508011, 0.012280419536069606, 0.010914431050435358]]
