Ri:[50, 100, 150, 200]
Zi:[100, 200, 300, 400, 510]
FC:[[3.9722798918175504, 3.9504002949542163, 3.951797121609913, 3.9715198786602985, 4.000009488330503], [3.9779739502019535, 3.9861730191496605, 4.005726047909546, 4.023728179302327, 4.0515784115580455], [4.066133620417551, 4.08621677840209, 4.110063435149245, 4.135134507918629, 4.165186005234669], [4.397023139195063, 4.42789478092589, 4.461121221767356, 4.499032275737412, 4.531903441602266]]
FCE:[[0.028808354052129743, 0.019444011724364305, 0.015790322637228175, 0.01372989187535315, 0.01215698750452905], [0.013936645194848718, 0.009471134424236543, 0.007671246735978121, 0.006616323300025399, 0.0058490379790765495], [0.00964357171234277, 0.006550195242621451, 0.005277341183878606, 0.00455319068862439, 0.0040299012590868395], [0.008202446775579412, 0.005561275546545384, 0.004474910509135995, 0.003867576105282362, 0.003422239035929657]]
fps.ts:[1622120870.02108, 1622124385.6772401, 1622127901.3334002, 1622131416.9895601, 1622134932.64572, 1622138448.3018801, 1622141963.9580402, 1622145479.6142, 1622148995.27036, 1622152510.9265203, 1622156026.5826802, 1622159542.23884, 1622163057.8950002, 1622166573.5511603, 1622170089.2073202, 1622173604.86348, 1622177120.5196404, 1622180636.1758003, 1622184151.8319602, 1622187667.4881203, 1622191183.1442804, 1622194698.8004403, 1622198214.4566002, 1622201730.1127603, 1622205245.7689204]
fps.e0:[10746.269489251856, 10724.50879369483, 10738.662275853929, 10757.637403693385, 10718.626959534178, 10732.037570982318, 10750.50416805395, 10737.82753617969, 10739.53849003881, 10732.247323121237, 10742.18898782462, 10754.478084886628, 10718.913265860409, 10755.266195066413, 10721.9856700566, 10733.697619451392, 10755.855361580943, 10747.12490335881, 10730.241916308432, 10731.79839069748, 10751.20110858068, 10752.890471169007, 10723.308058459399, 10730.32553950493, 10751.723585632617]
fps.e0u:[13.674675336583611, 13.68174041150404, 13.603202456110067, 13.54948537294834, 13.617714472300415, 13.530523663787738, 13.6097151732334, 13.435304621533819, 13.627495433290894, 13.575663039143707, 13.531877007050735, 13.534665779649053, 13.586698683362563, 13.601109919736224, 13.66237946271067, 13.614611572646423, 13.582146388166846, 13.666806518377657, 13.612557231455996, 13.584087108585537, 13.617475442238272, 13.587400320008328, 13.602144342017937, 13.578339691758678, 13.726588399594553]
fps.lt:[18670.71829091726, 21931.272167873674, 19747.144225413635, 18600.72018296472, 23617.77684062276, 22307.2352762207, 18905.633940747353, 20827.13517245712, 19874.003481729054, 21448.571076891847, 19327.35245345642, 19928.955899720615, 22894.90204814962, 19890.9244614155, 21872.28978006555, 20010.89610639568, 18012.105198608122, 18667.16007930036, 21247.228488861158, 20629.256239584112, 18532.483866838542, 18729.061804350775, 22306.462131490636, 22488.20908025059, 18424.164625018784]
fps.ltu:[1339.0162716237403, 1848.8167928289974, 1496.3132746962945, 1306.4008430736428, 2124.8889519921386, 1879.2753680622543, 1361.8370989737543, 1637.2754113390267, 1511.5082888936868, 1735.5094042631422, 1415.5915968387237, 1500.7483877861796, 2004.310027206435, 1521.852522926886, 1823.603979558299, 1528.623988527014, 1228.9029173005404, 1331.58443256923, 1728.6083002134508, 1636.3425789722642, 1315.5534646989581, 1337.1765235753658, 1895.4284590132377, 1923.9957910897676, 1307.7641484171545]
fps.c2:[2.2759249890022772, 2.3986211890369757, 0.9842108464995144, 2.067605754381769, 0.8641570675196708, 2.2274577430140257, 1.8467241784750459, 2.8185789543010746, 1.87147237157079, 1.5661868855068377, 0.5955777229826336, 1.2280643158114328, 1.2681397384413307, 0.9516241153856213, 2.7767136394186163, 2.1462804034289635, 1.8837478093661253, 1.796895310731962, 1.0167466920241865, 1.3668461958039981, 1.5517710942342615, 1.0139774128816526, 0.88714575513899, 1.1834924703683365, 0.9350985530952879]
