Ri:[100, 130, 160]
Zi:[50, 100, 200, 300, 400, 500]
fps.ts:[1741.993079996109, 5225.979239988326, 8709.965399980545, 12193.951559972762, 15677.93771996498, 19161.923879957198, 22645.910039949413, 26129.896199941635, 29613.88235993385, 33097.86851992607, 36581.85467991829, 40065.8408399105, 43549.826999902725, 47033.81315989494, 50517.799319887155, 54001.78547987938, 57485.77163987159, 60969.757799863815, 64453.74395985603, 67937.73011984825, 71421.71627984048, 74905.70243983268, 78389.6885998249, 81873.6747598171, 85357.66091980934]
fps.e0:[10950.585334926613, 10930.51078614706, 10953.813446343343, 10892.09472148004, 10963.521526088878, 10937.671594075906, 10940.636557387006, 10897.737113178262, 10937.568601844954, 10926.309825156533, 10922.989630161504, 10948.978561215004, 10930.450137824751, 10928.45820509067, 10912.047864186345, 10929.95002052614, 10935.088470453209, 10961.084919131903, 10935.817368744725, 10928.654247152228, 10954.058145824902, 10966.224660524447, 10916.715630143726, 10926.027874333682, 10921.080822594626]
fps.e0u:[17.535269977306896, 17.34130288431538, 17.85848545993771, 17.609195022570066, 17.874395964513116, 17.796368996360602, 17.89778675422329, 17.660069303966328, 17.765051918002783, 17.546736058604893, 17.705300197580055, 17.021877804077636, 17.917016901476558, 17.59743885619799, 16.84623443069425, 16.701653359336728, 17.616165501908164, 17.01491267615145, 17.776447258669307, 17.480386873874547, 17.452686058519635, 17.56662367972679, 17.98640101197417, 17.99382934962357, 17.927806365245317]
fps.lt:[6522.396418538614, 6835.024985513129, 6656.084443976691, 7213.406570023211, 6581.903679876704, 6785.89671403806, 6729.349861547462, 7300.702408187929, 6775.551352227044, 6903.0800099118305, 6943.065586794694, 6543.350102735355, 7022.637731597519, 6757.630454514586, 6988.02868128573, 7050.765571045308, 6783.067207974762, 6430.134173384086, 6858.063481777742, 7017.6371428064585, 6572.309389994431, 6598.513368259164, 7024.985119935423, 6956.8224778532485, 7046.964855314842]
fps.ltu:[205.2928727838465, 219.76925036583003, 215.70348605032115, 251.75524480056555, 210.27494951945758, 222.12345419309005, 221.6015316602612, 256.6097795491002, 222.49699788069, 228.36463232583824, 233.5377322143345, 200.0880955824079, 241.3783799451961, 221.19878850175246, 225.04455946887916, 226.96263965312738, 221.4894292192539, 193.42976125202165, 225.77195310000673, 232.74962495059717, 206.56597662953814, 210.44248827574327, 243.0029399704423, 234.9954234480917, 243.1773774521339]
fps.c2:[0.9832968269647402, 1.707480132741639, 0.5748026047654053, 1.1186185395728694, 2.2359241532224625, 0.9140173590350265, 1.6994941731510038, 2.334865610621019, 2.227826350890901, 1.2551465310816854, 1.07198951683135, 2.487539169143248, 1.3914039855766522, 1.7388176338376329, 2.7139514841695336, 1.3054162550196993, 1.2995115275307616, 2.510223699468465, 0.7816743005396524, 1.0084946378931334, 1.9765228595537268, 2.500004349464931, 2.5099531355545603, 1.8418723563848969, 1.2039818004225826]
FC:[[3.9742920034874007, 3.927848775839598, 3.950100701376791, 4.043917950908813, 4.134166556824232, 4.224907830723212], [4.022534919258491, 3.974496933791631, 3.995703892475641, 4.08000463801908, 4.175877981741378, 4.26916306411246], [4.137217754761474, 4.094550331165678, 4.121823855650075, 4.200989168014233, 4.2920688936378175, 4.384196778447616]]
FCE:[[0.04796085830310759, 0.02573331195006403, 0.01605225454607248, 0.012733895509611555, 0.01069408555925391, 0.009587790501437574], [0.03645023629638136, 0.020020803652346392, 0.01237801509539483, 0.009818782683844895, 0.008273533219415359, 0.007442905095566267], [0.031030117585831542, 0.016891603992599855, 0.010431572980912771, 0.00806290058239868, 0.006952556881645444, 0.006139281525873688]]
