Ri:[50, 100, 150, 200]
Zi:[100, 200, 300, 400, 510]
FC:[[3.981038551151177, 3.940205743455608, 3.9302774870626553, 3.9441611113765664, 3.9759243495490417], [3.942219688548548, 3.922732833555726, 3.935742137920741, 3.9472939172150463, 3.975548529774837], [4.0433592328748595, 4.0446980098384016, 4.06356165226848, 4.07811665066195, 4.105836350488274], [4.608784928636865, 4.648544096094263, 4.678933525714618, 4.696690148246023, 4.7186169045027535]]
FCE:[[0.045420989251712555, 0.030682619904381023, 0.024167139106371287, 0.020362633017176494, 0.01778374426181696], [0.021859063542378702, 0.014767620824141276, 0.011821518492511368, 0.010044541250132294, 0.008561052356708966], [0.01503928166161517, 0.010219479071557, 0.007986605741487037, 0.0068089933033230856, 0.005962471219022976], [0.013353884293537505, 0.009173025697681598, 0.007406439856345357, 0.006336192191008059, 0.005542366504363536]]
fps.ts:[1593357839.1955001, 1593361066.0505002, 1593364292.9055002, 1593367519.7605002, 1593370746.6155002, 1593373973.4705002, 1593377200.3255002, 1593380427.1805003, 1593383654.0355003, 1593386880.8905003, 1593390107.7455003, 1593393334.6005003, 1593396561.4555001, 1593399788.3105001, 1593403015.1655002, 1593406242.0205002, 1593409468.8755002, 1593412695.7305002, 1593415922.5855002, 1593419149.4405003, 1593422376.2955003, 1593425603.1505003, 1593428830.0055003, 1593432056.8605003, 1593435283.7155004]
fps.e0:[10596.912970133388, 10569.273915253953, 10575.23946943232, 10613.609679072844, 10533.736800682544, 10575.34148242408, 10581.283893678976, 10591.069768839561, 10605.512417065143, 10534.646445168433, 10584.191500214512, 10561.700067218579, 10515.282993446668, 10563.46572546434, 10588.658753230784, 10536.454997932868, 10503.016590907528, 10568.839829138627, 10565.64659808935, 10582.858694911993, 10521.005807466994, 10577.940818253735, 10581.82011519676, 10544.379498617203, 10546.072524269954]
fps.e0u:[18.83177687680933, 19.12060835487316, 19.227176383130303, 19.11384303082141, 19.184956585132973, 19.30945410118227, 19.21184714856176, 19.287058547465513, 19.211208563008366, 19.6243502881651, 19.361755331452564, 19.366564740356534, 19.332707131666282, 19.278345415129383, 19.41647801542938, 19.744764760068954, 19.21592179745654, 19.15897111874684, 19.17187716216687, 19.63225432922407, 19.15426833120524, 19.317655607053933, 19.111185137177447, 19.17785995673776, 19.257223345674312]
fps.lt:[19842.24000903227, 20501.841284956696, 20254.492726964672, 17474.588677969485, 28031.346280606434, 19533.550278302704, 20182.216495262892, 17626.463119406006, 17579.436470018587, 23298.31141064744, 19614.868603807186, 21899.68644823352, 30845.31532127478, 21077.904074829265, 18306.978749673704, 25266.705461229663, 32596.757601649944, 21004.607249115954, 21604.488676610403, 19508.28470195228, 28444.52172898836, 20877.29889466059, 19472.000315336452, 25316.88467973324, 23608.158915573207]
fps.ltu:[2071.9268316366447, 2238.790924200082, 2198.501260843766, 1633.91052151288, 4183.036199142215, 2058.0207650343664, 2178.1502296031767, 1665.1231096541771, 1667.594157243554, 2961.1808999178056, 2100.2635830020463, 2586.447078403761, 5134.136219129117, 2389.5824058140533, 1824.286934215092, 3503.4534469085434, 5704.706250691036, 2364.0819630993497, 2533.834410679565, 2087.324603949242, 4348.0693839264895, 2347.1621269267007, 2028.1798935068414, 3445.071143932579, 3004.3018366259053]
fps.c2:[2.3364559451396056, 1.2341221630083299, 2.099410521919937, 0.6699885082018405, 2.0128474091067154, 1.3439843714145618, 1.0673928139479611, 1.05821918881483, 1.0920107865623527, 1.2712538896068974, 1.1878362156249611, 2.4802734560750057, 1.2673976380688576, 2.3894009394689157, 1.0155528359370196, 0.6543388134210117, 2.072683015634232, 2.3133049650076347, 0.8733295670187506, 1.1574796819464277, 1.8134639305824112, 1.3309033087255835, 1.4146037049288827, 1.60568769959702, 1.633856290370709]
