Ri:[100, 130, 160]
Zi:[50, 100, 200, 300, 400, 500]
fps.ts:[1753.637199997902, 5260.911599993706, 8768.18599998951, 12275.460399985313, 15782.734799981117, 19290.00919997692, 22797.283599972725, 26304.55799996853, 29811.832399964333, 33319.10679996014, 36826.38119995594, 40333.655599951744, 43840.92999994755, 47348.20439994335, 50855.478799939156, 54362.75319993496, 57870.02759993076, 61377.30199992657, 64884.57639992237, 68391.85079991817, 71899.12519991398, 75406.39959990978, 78913.67399990559, 82420.94839990139, 85928.2227998972]
fps.e0:[10796.989427212908, 10807.962739171324, 10806.959331001515, 10810.559839180361, 10815.422482587286, 10781.685067925488, 10786.317435631274, 10815.764558840672, 10820.51430693847, 10823.518471671949, 10831.351555452535, 10839.914503511338, 10807.73071413771, 10798.842933446449, 10786.2072450052, 10783.473975936242, 10838.129386460503, 10796.564377102768, 10779.830799887895, 10800.663713630214, 10829.800068408855, 10811.565151149292, 10817.829670199635, 10810.368862325098, 10806.708995027171]
fps.e0u:[17.16217855747555, 17.53489714438831, 17.2151496213005, 17.34887847202035, 17.247292048124336, 17.36999791751349, 17.53518685345424, 17.324497349617946, 17.353605500327355, 17.39896178859764, 17.57090178744841, 17.120977480496588, 17.262973605073977, 17.56461455824128, 17.319874063022084, 17.09619882616821, 17.432203848592813, 17.284112507557303, 17.528185046161596, 16.926394957641378, 17.195103537024398, 17.2126106547231, 17.492458205823475, 17.221922120204475, 17.438024983832985]
fps.lt:[7884.009438521385, 7376.237048893364, 7384.583100286589, 7422.649160079771, 7508.856746957508, 7985.989214478732, 8026.746839345916, 7502.303467813924, 7397.19309199686, 7298.275630479485, 7049.745553947153, 7133.144818599496, 7688.519375071677, 7669.418111754377, 8020.375810769629, 7734.617934166225, 7159.173022407818, 7595.231160982008, 8216.603739636885, 7795.241584922075, 7341.329502931654, 7452.109598445236, 7238.498718382209, 7333.8404662688745, 7548.044312410572]
fps.ltu:[293.65017811287225, 262.29470702564635, 259.41999296143075, 263.83158536812374, 268.2759070095563, 305.7633135623934, 309.8235197513001, 270.2148601950696, 262.3576929118015, 256.0838779582097, 241.69858146660633, 241.4978091330774, 282.35428282700695, 284.20452867238185, 308.6948943812874, 284.8273488357327, 247.3566628371063, 277.0888662096766, 326.2782714195451, 285.86134466934914, 257.27104980139546, 264.7846543824385, 255.18511025581662, 255.77407495317348, 273.52214552368525]
fps.c2:[1.8082897894650616, 1.348591477713692, 1.4705464533561003, 1.1442950007953425, 0.9590235425299583, 1.4012096981918656, 0.48506975329786317, 1.9873806571977626, 1.8108390166543924, 0.7002951117956188, 2.0208673252657676, 0.5529059387080055, 0.7452474550532083, 2.8707078252718308, 1.3751566739924297, 0.6292597080480167, 0.6573251625001486, 1.479805517492936, 1.894668294178094, 0.7144323993741479, 0.8171342885134613, 1.2585054462296652, 1.2478002116838118, 1.0140055444419176, 1.7163981771175378]
FC:[[3.882745610185231, 3.9241710715994613, 3.9751221330797493, 4.006644070536398, 4.034668122075454, 4.05872110295394], [3.867158766053805, 3.9572383048526643, 4.018310188995258, 4.061437564959568, 4.095081714199706, 4.119567752678636], [4.043115629543823, 4.114694413727921, 4.16242762169879, 4.202601409583453, 4.234862007628817, 4.2629902320131015]]
FCE:[[0.043825050846657575, 0.025247409068900654, 0.01620764889940566, 0.012706045571881904, 0.010678235022700978, 0.009314978539880805], [0.034200010270602044, 0.01945085576949839, 0.012466146019372262, 0.009805882268160909, 0.008270272294002562, 0.007259878452554243], [0.028181224302372427, 0.016300810385868076, 0.010521717771888268, 0.008270486668005474, 0.006991365694544786, 0.006171964126355252]]
