Ri:[50, 100, 150, 200]
Zi:[100, 200, 300, 400, 510]
FC:[[4.072057381478763, 4.0852666109615265, 4.096858577590232, 4.136249771183347, 4.151123039318573], [4.119221682920159, 4.138998644524538, 4.151579748670632, 4.1884162628669195, 4.209104020008853], [4.234956586525404, 4.270564470216703, 4.288283092928654, 4.317731224887073, 4.33965949201398], [4.795100073851826, 4.900773610066802, 4.968328763328473, 5.007217597483514, 5.022661566969365]]
FCE:[[0.05281310966460836, 0.03601285981026911, 0.029231682465449854, 0.02546398780542224, 0.022360086954945048], [0.027493874142058037, 0.018550531397313937, 0.014966105470570435, 0.012946448533150834, 0.011366407584318802], [0.01915240877785204, 0.012948723864553521, 0.010403364998903887, 0.008962017177914079, 0.007891256680768425], [0.017627659353625088, 0.012096571902862086, 0.009791677187460572, 0.008453926547268151, 0.007450060092442953]]
fps.ts:[1602227862.85994, 1602231288.1838198, 1602234713.5077, 1602238138.8315802, 1602241564.15546, 1602244989.47934, 1602248414.80322, 1602251840.1271, 1602255265.4509802, 1602258690.77486, 1602262116.09874, 1602265541.4226203, 1602268966.7465, 1602272392.0703802, 1602275817.3942602, 1602279242.7181401, 1602282668.0420203, 1602286093.3659, 1602289518.6897802, 1602292944.0136604, 1602296369.3375401, 1602299794.6614203, 1602303219.9853003, 1602306645.3091803, 1602310070.6330605]
fps.e0:[9964.45448644749, 9937.471011416623, 10003.337019837732, 9934.04391700994, 9972.740742098207, 9988.967858370166, 9976.335223074795, 9976.635493853522, 9930.873351161958, 9961.704285548383, 9936.831525918267, 9966.640887033884, 9950.320887240217, 9987.550244042892, 10018.953368960962, 9968.220558805682, 9979.464407037332, 9986.050423564022, 9973.486704498773, 10051.670313417859, 10006.738217774504, 9956.956783430673, 9969.009901251342, 9987.500438560517, 9992.679224056126]
fps.e0u:[23.572043552844118, 23.65926312232779, 23.731825224327608, 23.872857812363694, 23.957201638505733, 24.143405072408665, 23.825239650939224, 24.207318450835213, 24.423972088064218, 24.434475355169152, 24.40301913129573, 24.067765076691146, 23.907539701577317, 24.0207082147746, 23.768077374118153, 23.843023194883727, 24.13066639407346, 23.973822849200317, 24.017655983754718, 23.90546808636831, 24.22843281972173, 24.077312468296945, 24.676392416264708, 23.908496245037703, 24.11469486125113]
fps.lt:[15597.696196240733, 16904.170568433165, 12626.359479636976, 17200.78861133349, 13592.067447301602, 12629.64746382662, 13841.142490570433, 13427.328362975155, 15815.42574307682, 13884.594699460835, 16496.482987610776, 14089.304119450773, 14074.944213634017, 13357.155948931484, 11913.229165971536, 13874.872601139516, 12885.759205217266, 12526.275093304725, 14305.245014784805, 10376.248062626652, 12066.51384452525, 15431.093639384819, 13380.333305202792, 13005.083054553954, 13103.450319985746]
fps.ltu:[1738.2306575486152, 2039.055436945644, 1152.818036088546, 2146.502846504503, 1355.8237322215778, 1164.8724605281768, 1395.7934374737915, 1310.82641885499, 1858.3697317326812, 1430.5266936136056, 2008.6780583021823, 1455.7130902428657, 1443.7406570853734, 1298.772598274904, 1016.7079092993133, 1387.8014156542515, 1208.8692008636506, 1138.2984644957758, 1487.0357087742714, 775.668148187828, 1060.997486278949, 1740.4349971648435, 1327.7409939139618, 1226.4697634333422, 1253.0090532005522]
fps.c2:[0.9441154133988745, 1.3904617696182824, 0.7341617633185996, 2.2906490746419803, 0.9967443314035438, 1.3390080751324147, 1.8206628378086405, 1.1740847157275667, 2.2966137457313915, 1.7493629624011349, 1.4162272778964236, 0.9905239948974331, 0.9221472082014718, 1.2642352600599158, 2.0164115209856175, 1.1915949736504126, 0.9977560003598922, 1.1667353944799435, 1.2326729273492147, 1.9716236210724856, 0.9840499577116615, 0.9808579633723844, 1.311883748780828, 1.0582442939572874, 2.517657161196291]
