Ri:[100, 130, 160]
Zi:[50, 100, 200, 300, 400, 500]
fps.ts:[326.1604799985886, 978.4814399957658, 1630.8023999929428, 2283.12335999012, 2935.444319987297, 3587.7652799844745, 4240.0862399816515, 4892.407199978828, 5544.728159976006, 6197.049119973182, 6849.37007997036, 7501.691039967538, 8154.011999964714, 8806.332959961892, 9458.65391995907, 10110.974879956246, 10763.295839953424, 11415.6167999506, 12067.937759947778, 12720.258719944955, 13372.579679942131, 14024.90063993931, 14677.221599936485, 15329.542559933663, 15981.863519930841]
fps.e0:[10706.143448106015, 10741.28385458219, 10686.257568937064, 10748.769543979875, 10725.413328529485, 10725.114721979598, 10685.564886650935, 10710.069492072316, 10674.774886559875, 10697.050362068203, 10704.422691639102, 10734.664332778759, 10683.278410783985, 10747.941237735286, 10733.057652923742, 10712.197135183513, 10701.12678062468, 10711.184705399906, 10708.824130169276, 10692.929496509762, 10702.084181840553, 10644.99422197493, 10718.241182570964, 10711.858824770345, 10723.772203608742]
fps.e0u:[24.596631125353245, 25.118156389818196, 24.81752890433601, 24.52782762173005, 24.839878591793827, 25.263323971071557, 25.022681186421277, 24.848487555876932, 24.926406051126886, 25.29105607764424, 24.73181978047479, 24.371488858713235, 25.231494701828236, 25.12992750953478, 24.588281807857626, 24.908216938629465, 25.414482529985058, 25.07301071074358, 24.56951817838329, 24.672795500504083, 24.683049356329402, 24.959411305733617, 25.06764460387079, 24.92154563640373, 25.323442048933877]
fps.lt:[5202.286634159788, 5031.704604469356, 5318.1989410792385, 5012.792660953743, 5076.465880537425, 4989.436421051224, 5322.521668353878, 5152.272942525478, 5612.916718749216, 5351.682022064489, 5283.6945677972335, 5029.703628268065, 5283.875283477247, 4968.108885108354, 5041.531808558196, 5124.299944124976, 5087.2809839474885, 5157.908576714598, 5222.856749453244, 5444.297252755917, 5220.086075492842, 5641.174383309585, 5227.138735590476, 5120.389587024446, 4811.604065308785]
fps.ltu:[180.28174520124796, 170.71666319562974, 188.59574763548537, 168.3468870870559, 173.56195602278657, 172.32392685981182, 192.45200172902344, 179.34786513010692, 216.67550401031005, 195.84430930868803, 189.29526028747284, 167.3926834378779, 190.66541804893106, 169.19200641779383, 171.0163113905049, 176.72481817195478, 178.19752078573995, 181.8273309492703, 181.9785783029465, 200.10463012339994, 183.69737372534274, 217.85042951457729, 184.76214611355132, 176.9464851840867, 160.3335250526325]
fps.c2:[1.6095887081486409, 1.3484002001323836, 1.7468590037594067, 0.8211223935558506, 0.9641281346204958, 2.057492963575591, 1.5619066452029995, 0.6420003480237448, 1.0311865550858639, 0.8518756662902025, 1.6927239281093784, 3.199125790743805, 1.4798854380730193, 0.8572916392250206, 1.8941086906605178, 1.3273090613484466, 0.3980964628754038, 0.8181857857259305, 2.2446115995532336, 1.0981508597165974, 0.8448184160767854, 1.1565309671118438, 1.1663871017565066, 1.9127844731458916, 0.693505505680539]
FC:[[3.6055902378351194, 3.750156575040802, 3.8247176677578434, 3.8727420756403292, 3.9367781403082165, 3.997993885330124], [3.7654364805277085, 3.830354671802488, 3.8739526284959167, 3.9168914441305183, 3.985510086091995, 4.04704110171371], [3.920376361289456, 3.9354468063793475, 3.988498730929263, 4.04625713257363, 4.112193910858024, 4.177036725079287]]
FCE:[[0.0660446530383369, 0.036118514725547377, 0.022027923635767787, 0.016744779250506738, 0.014040170464761567, 0.012352776325388282], [0.056853825572395426, 0.028802633679488026, 0.017110438848205747, 0.013205074031085572, 0.010913643763067162, 0.009610806557820484], [0.04908494077682981, 0.0244143827877509, 0.01441390566786987, 0.010966339765471936, 0.009064836401526366, 0.007976022156854997]]
