Ri:[100, 130, 160]
Zi:[50, 100, 200, 300, 400, 500]
fps.ts:[1725.6405599975585, 5176.921679992675, 8628.202799987792, 12079.48391998291, 15530.765039978025, 18982.046159973142, 22433.32727996826, 25884.608399963377, 29335.889519958495, 32787.17063995361, 36238.45175994873, 39689.73287994384, 43141.013999938965, 46592.295119934075, 50043.5762399292, 53494.85735992431, 56946.138479919435, 60397.419599914545, 63848.70071990967, 67299.98183990478, 70751.2629598999, 74202.54407989501, 77653.82519989013, 81105.10631988525, 84556.38743988037]
fps.e0:[10834.959458991932, 10830.379529440497, 10816.992842655522, 10856.63997093698, 10864.207710667859, 10856.051386089299, 10866.106640165346, 10846.430337509943, 10862.591524589101, 10863.651028357506, 10841.903028407023, 10845.976998223598, 10833.104817982496, 10869.532089431079, 10863.157745611172, 10847.981911122457, 10863.229238366956, 10843.722586970829, 10844.606255951689, 10833.07695875395, 10863.605474000316, 10870.868536318676, 10845.341140424141, 10821.858871406574, 10855.304021013708]
fps.e0u:[11.946122158193916, 11.85250241658574, 11.852051278497962, 11.722938222843728, 11.891717686203386, 11.70517453776908, 11.878174304072196, 11.797525844301779, 11.93835518230244, 11.948816091221119, 11.855293555730066, 11.819435379737792, 11.834547103143269, 11.741417189036243, 11.758356713580977, 11.754173018064279, 11.86977391336669, 11.94558410457967, 11.93399917449041, 11.880247634665174, 11.94325870797256, 11.924813317026565, 11.937680523706733, 11.894707999440254, 12.023623388346701]
fps.lt:[8748.521815673175, 8899.229189536398, 8927.288468791567, 8419.136824870942, 8388.100439660528, 8317.342799055135, 8144.76825640559, 8828.798876677181, 8420.233936041106, 8350.351309530475, 8513.823963724237, 8514.93683414603, 8796.912560678988, 8163.123155898975, 8407.230263174522, 8520.849985424133, 8218.729799896097, 8773.091394140902, 8581.142263854166, 8992.406915491349, 8115.180681916996, 7967.995705128926, 8676.631513154458, 8998.600551553953, 8478.63021997635]
fps.ltu:[251.18824014193711, 260.4016744383841, 260.41983389764135, 229.3112216639311, 229.29304944293224, 223.69451117962586, 216.6932887543199, 253.7829930545035, 232.50662818768865, 229.51561011321294, 238.1357328673216, 235.55461238098488, 252.61572833093655, 214.81971023929353, 230.5053087224485, 236.88095893833216, 221.03576906009195, 253.15420286660043, 241.6039349409531, 263.38918978800353, 217.5184095908501, 209.5580846097551, 246.90669394407885, 265.65732405746206, 237.71805461888687]
fps.c2:[2.4064502704391133, 1.1692626120818432, 1.8969466522069252, 2.5944287927920056, 1.5842954281570756, 1.4301206756749818, 1.0553202632005465, 0.9934793791230919, 1.0757971612808428, 1.0337704817224713, 2.509706990486848, 2.941588522539601, 1.8444703479262858, 3.0366822331313, 1.2515274000696412, 2.1883875015182257, 1.241718497243345, 1.2176208315244916, 1.2046371590520275, 1.5705846835429917, 1.9914830393812015, 1.3233967180967627, 1.8941284462952896, 0.8052168665198016, 2.558293749122996]
FC:[[3.8223377484735517, 3.8257338737230744, 3.850857099608284, 3.885642927894414, 3.9203035667798, 3.959629850478621], [3.846994989988403, 3.863378699848301, 3.8952839750179273, 3.935554219532041, 3.972190947694489, 4.011591384323536], [3.9732827124364496, 4.0056944828014815, 4.033615847934914, 4.072885917404129, 4.1144537300193385, 4.16154153512494]]
FCE:[[0.0288824939010175, 0.016808776052499093, 0.010787568288366781, 0.0084445280332785, 0.007133712876108959, 0.006155794855123345], [0.022421689856421238, 0.01299987371776712, 0.008315487874013115, 0.006534216658533894, 0.005402404668777751, 0.004786585355108789], [0.01867922138990482, 0.010802445738484483, 0.0068691917045698835, 0.005406911791711839, 0.004613525109444334, 0.004022976167270016]]
