Ri:[100, 130, 160]
Zi:[50, 100, 200, 300, 400, 500]
fps.ts:[1781.5219600009918, 5344.565880002976, 8907.60980000496, 12470.653720006943, 16033.697640008926, 19596.74156001091, 23159.785480012895, 26722.829400014878, 30285.87332001686, 33848.91724001884, 37411.96116002083, 40975.00508002281, 44538.049000024796, 48101.092920026786, 51664.13684002876, 55227.18076003075, 58790.22468003273, 62353.26860003472, 65916.3125200367, 69479.35644003868, 73042.40036004066, 76605.44428004265, 80168.48820004464, 83731.53212004661, 87294.5760400486]
fps.e0:[11004.214288428331, 11025.01430908559, 10989.08035240565, 10995.004655143433, 11032.192972023064, 11019.430514353926, 11032.049115085863, 11035.613336053724, 11015.149314003198, 11038.789205899831, 11039.331876492866, 11030.730267265553, 11041.471272968105, 11044.486293962173, 11029.469273319857, 11039.169639561176, 11025.957634185248, 11032.214248691314, 11009.436309216499, 11013.296247426135, 11021.928956663143, 11026.390772185146, 11009.122875945299, 11011.780504979772, 11027.161610874888]
fps.e0u:[12.610890953383013, 12.375538353462275, 12.489594081440421, 12.503155109318683, 12.441336598964849, 12.44544804076153, 12.382107830768485, 12.428329131284057, 12.41818971767121, 12.370990773257567, 12.457997588350697, 12.340813355983375, 12.225985026077895, 12.278165039276995, 12.239002445884088, 12.086270149194567, 12.242491009823665, 12.255060983690226, 12.296990674881277, 12.301748001864079, 12.280322857763007, 12.247464877877627, 12.193065972239618, 12.268299454251641, 12.199228590325927]
fps.lt:[8566.344049535091, 8227.479400224998, 8953.135285607776, 8858.996698293506, 8072.252712126902, 8451.240734320421, 8245.36416482496, 8158.788964976955, 8361.448444020636, 8095.490935442576, 8312.265497943381, 8258.743630120756, 8070.406263689703, 8073.952214238114, 8288.444017826265, 8138.4221097434165, 8506.984075741493, 8171.3100639906515, 8687.618811285993, 8335.223116694891, 8240.992999747137, 8289.79092962284, 8575.825184163588, 8504.267640602602, 8371.829949582267]
fps.ltu:[252.07865609494058, 228.2679155071088, 271.88289476226777, 269.3665973747249, 221.5885659957619, 241.38685407340256, 231.70390257390545, 224.67878899095382, 238.2985306507161, 221.03281761124762, 233.24685612375012, 230.0738960726258, 217.10471701084583, 217.4490625421894, 229.5259278321247, 216.9261124178505, 240.94440542879127, 221.36963495137192, 251.39562367445112, 231.79468023557254, 226.20726334714595, 226.49529326165023, 243.07825977303452, 240.74415933562886, 231.64180755830105]
fps.c2:[1.9053151917953821, 1.4541475139217235, 3.4050278782102272, 1.745747289766129, 2.3220672486384775, 1.3131446276841494, 1.9651708775990746, 1.6505996569330874, 1.928377967313355, 1.4578223263035224, 1.4322114019165002, 1.5446252996449512, 3.4088209249195907, 1.6239913773632155, 2.7342288792867655, 2.2098370233137685, 2.034695828797543, 3.088886737734893, 0.8026876986116568, 1.8342978930614189, 2.7102801913777506, 1.972722230689385, 1.8901907447656399, 3.2505049304319806, 2.2684713945349766]
FC:[[3.780668178386193, 3.826848387998476, 3.837912774454213, 3.8655297157686137, 3.896851852457889, 3.9310134176524487], [3.8112605291953683, 3.8608987081290564, 3.882393026385939, 3.917438256432616, 3.949962483680941, 3.9849756917551127], [3.935520623179766, 3.9925270441490675, 4.009114973270802, 4.046207340038428, 4.081576701065087, 4.123254192136498]]
FCE:[[0.028974201512599454, 0.017184659111559385, 0.010955805996815797, 0.008528349262235625, 0.007044162000017125, 0.006241312267174697], [0.022542509269624398, 0.012982839720133291, 0.00824194030468684, 0.006447283134655942, 0.005480922424541333, 0.004864431558130326], [0.01896423135962873, 0.0109786714774023, 0.006950035532992719, 0.005456184247372547, 0.004653015446884573, 0.004054054952600844]]
