Ri:[100, 130, 160]
Zi:[50, 100, 200, 300, 400, 500]
fps.ts:[1720.5560199975966, 5161.6680599927895, 8602.780099987984, 12043.892139983176, 15485.00417997837, 18926.116219973563, 22367.228259968753, 25808.34029996395, 29249.45233995914, 32690.56437995434, 36131.67641994953, 39572.78845994472, 43013.90049993992, 46455.01253993511, 49896.1245799303, 53337.2366199255, 56778.34865992069, 60219.460699915886, 63660.57273991108, 67101.68477990627, 70542.79681990147, 73983.90885989665, 77425.02089989185, 80866.13293988703, 84307.24497988223]
fps.e0:[10840.98518827572, 10840.170364043686, 10852.920169191568, 10843.065477619906, 10849.550419176949, 10851.733597976288, 10856.188262537022, 10833.386253234074, 10845.945699431566, 10868.411021733185, 10852.959526928222, 10855.587846399818, 10851.178536834977, 10856.511912054406, 10858.451960835677, 10866.429170056808, 10853.158897837135, 10854.598014649682, 10873.13897637335, 10859.343458740139, 10844.93698853049, 10840.70072904507, 10865.350578287465, 10845.190785417368, 10856.360888175233]
fps.e0u:[11.634244381630996, 11.662963125864927, 11.681676936374712, 11.495416871492772, 11.602871925040889, 11.72952702895908, 11.608669119836183, 11.663608429757522, 11.555934845379198, 11.641680317544195, 11.509614399417572, 11.489145170718505, 11.587172120182597, 11.537673702708348, 11.585616983226306, 11.606821798197931, 11.57902209685052, 11.601716987032832, 11.559713589011285, 11.70768457864634, 11.57713630728012, 11.606016510655506, 11.664954215321801, 11.69493968654918, 11.793801569644174]
fps.lt:[8665.303788696961, 8933.388761785136, 8542.865127694111, 8712.179203170217, 8610.57096756861, 8360.70257306808, 8304.634145091753, 8655.22558437639, 8686.837087404687, 8172.803331042298, 8409.22572008948, 8444.545460313302, 8580.871270571559, 8371.50728917734, 8444.574299578837, 8286.39520526291, 8503.605290559635, 8437.046048563585, 8430.955465969155, 8378.991134045638, 8791.840019852078, 8642.426596891835, 8131.715736678265, 8678.80143578934, 8517.640087654547]
fps.ltu:[239.49593811929853, 255.38591321264414, 234.31538696136005, 239.52032955532363, 236.18552056487604, 224.05302061716944, 220.56631994688766, 240.22335441066016, 240.34287725772091, 213.20010686482246, 224.47057154916388, 225.9788857729625, 234.38803453429966, 222.6766149878967, 227.78829733163207, 219.15972358876343, 231.3115861379871, 227.05372437317797, 225.36295803270016, 225.84071978148964, 246.1063399954173, 239.55866334140552, 211.84264535158385, 241.8503601847418, 236.5573499866653]
fps.c2:[1.9847422323214192, 1.567628442846135, 1.0693276999608163, 2.066183028877709, 2.571936195209808, 1.7704587105722083, 1.306701388912463, 1.2785545764350925, 2.297941031883603, 1.3468635035077743, 2.0993673706231473, 1.2526148374454813, 0.8644888733962706, 1.3948056472637005, 2.7871883703289715, 2.0825985700393352, 2.109941074406031, 1.296985325459516, 1.431189521872491, 1.1139035030672486, 1.2697929316544372, 1.704597528065847, 1.9195010692872159, 1.1858041844569265, 1.9609434162278776]
FC:[[3.80156711463979, 3.832852089754055, 3.844424685807671, 3.872265215635815, 3.905227011011448, 3.9334313210721907], [3.8639566135867662, 3.881315755458799, 3.894096344129376, 3.9229700524782376, 3.9583927252558233, 3.9926524144535116], [3.9871995316583146, 4.005468087919967, 4.0330648281451085, 4.064701703159024, 4.1005880850146665, 4.135217240643348]]
FCE:[[0.02906725816109659, 0.016916580471829083, 0.010630672517777957, 0.008079056697017362, 0.006839220235066877, 0.005855444289358678], [0.023117121344107826, 0.012551435707867377, 0.008048113020239852, 0.006121590174002395, 0.005189338288216592, 0.0045874946173538106], [0.01942755497743762, 0.010627261406825706, 0.0066782711201515965, 0.0052172296377574765, 0.004432535661739692, 0.003926865925940497]]
