Ri:[50, 100, 150, 200]
Zi:[100, 200, 300, 400, 510]
FC:[[4.00623871589097, 4.0222876666100555, 4.04386326596232, 4.0566665535133195, 4.064170771061796], [4.033700147314923, 4.035306601318756, 4.051865442586518, 4.079897201910731, 4.097977430812987], [4.145516107193804, 4.158301585047658, 4.183749165195852, 4.213407920217101, 4.2346744343527885], [4.766757016357205, 4.793944276556659, 4.8463010348667535, 4.880033928007554, 4.897738558102376]]
FCE:[[0.03802583581924879, 0.025824116485954642, 0.02098454907275892, 0.018075759291373283, 0.015889857094448342], [0.018841681609219636, 0.012803811521206424, 0.010393012277756518, 0.009032329645753859, 0.00798896819486045], [0.01312873838951287, 0.008949686756622664, 0.007087521999660314, 0.006142514162751222, 0.005443777203657258], [0.011892729800526925, 0.008115596000974366, 0.006570677876065437, 0.0056967210005336045, 0.005051606197656068]]
fps.ts:[1615107573.74434, 1615111029.5970201, 1615114485.4496999, 1615117941.30238, 1615121397.1550603, 1615124853.00774, 1615128308.8604202, 1615131764.7131, 1615135220.5657802, 1615138676.4184601, 1615142132.27114, 1615145588.1238203, 1615149043.9765, 1615152499.8291802, 1615155955.68186, 1615159411.5345402, 1615162867.3872204, 1615166323.2399, 1615169779.0925803, 1615173234.94526, 1615176690.7979403, 1615180146.6506202, 1615183602.5033002, 1615187058.3559804, 1615190514.2086601]
fps.e0:[10708.576771345597, 10725.505781959684, 10724.483707680547, 10713.721773248557, 10730.936140070333, 10707.696635390104, 10718.596666775918, 10714.792497385417, 10701.499310772762, 10734.991624226805, 10716.264544291278, 10755.38880419912, 10723.050372559133, 10724.371649589026, 10728.665552961755, 10720.535500150236, 10766.51463536925, 10753.766224025483, 10720.86195669001, 10726.998787699715, 10707.613708660747, 10753.211753789414, 10731.345060032827, 10745.608045455376, 10721.226367847776]
fps.e0u:[17.62936536840372, 17.84339168829906, 17.605406842539292, 17.91006681373396, 17.79616957863374, 17.96030021864352, 17.63247024455742, 17.643083371197314, 17.787223962252327, 17.79851703084343, 17.738127789343984, 18.021020962713347, 17.831922727389266, 17.853320310091316, 17.804558694181296, 17.747230398969805, 17.793621498652797, 17.595989525490296, 17.781888548850294, 17.726316620121434, 17.794363633667135, 17.77917189258965, 17.86507158515625, 17.747160371077335, 17.966916925672844]
fps.lt:[16918.44831863161, 15412.825554959822, 16365.374801701038, 15880.354004433355, 15260.233737547253, 16890.474124766217, 16208.195203857675, 17975.483582219986, 19557.636259020874, 16333.529508519323, 16005.05152268299, 13825.329677678781, 16365.330774041617, 15757.622824564562, 15419.299334211517, 16988.58606150375, 14050.10305447529, 14178.555562476926, 15723.086790532268, 15217.90613945326, 18543.688125734057, 13877.732775013748, 16148.571506412112, 13597.810087174528, 16631.312349014006]
fps.ltu:[1439.5654720396305, 1201.9473825162665, 1349.0315460002844, 1288.9384761952506, 1187.2434118926044, 1458.0786146477587, 1322.606463329466, 1613.7249569366902, 1930.443975076131, 1350.2233221566987, 1290.0126673063512, 972.6493784466371, 1356.1176421173445, 1261.6726575689936, 1206.5890989829668, 1455.6982612732452, 997.8259265894213, 1007.9141160171272, 1250.5603167983327, 1164.3978573713814, 1734.4205796437452, 972.0492136258968, 1321.3865422654376, 938.3667708774066, 1414.9618165717513]
fps.c2:[1.0184094349817694, 1.2662257508924109, 0.9604961372140782, 1.0688349095026344, 0.6198566273185835, 1.5543234224721016, 2.052826634205625, 2.3532053580538728, 1.1877310349346628, 1.0441496899449931, 1.3103437972901741, 1.0204238404832515, 1.1219854275593872, 0.4902352896687866, 0.9689488807124788, 0.8581482507869598, 0.7871834194110083, 1.649700491930884, 0.6992359474111817, 1.8214185616069827, 2.3628907947275923, 1.6990359385671379, 1.1375759559389669, 1.1593827249451354, 0.5392010741036717]
