Ri:[100, 130, 160]
Zi:[50, 100, 200, 300, 400, 500]
fps.ts:[1700.5285599994659, 5101.585679998398, 8502.64279999733, 11903.699919996261, 15304.757039995193, 18705.814159994123, 22106.871279993058, 25507.928399991986, 28908.98551999092, 32310.04263998985, 35711.09975998878, 39112.15687998771, 42513.21399998665, 45914.271119985584, 49315.328239984505, 52716.38535998344, 56117.442479982376, 59518.49959998131, 62919.55671998023, 66320.61383997917, 69721.6709599781, 73122.72807997704, 76523.78519997596, 79924.8423199749, 83325.89943997383]
fps.e0:[10906.767840407687, 10908.242787366971, 10902.571779726062, 10920.45388648658, 10897.193982067796, 10918.406855442965, 10903.613720513807, 10910.696068409412, 10906.405033057517, 10934.39244385232, 10907.654948549187, 10910.33793955052, 10944.178644693593, 10914.183184837068, 10933.28148544027, 10946.16888660548, 10913.66536341444, 10921.04881826786, 10920.99497840642, 10912.037052946524, 10941.527651682496, 10916.297469351439, 10910.734018577989, 10905.717952843233, 10887.362707740955]
fps.e0u:[13.146760542238589, 13.049636015201363, 13.079443590994327, 13.069906098372412, 13.152490688541674, 12.922272563813008, 12.893328611739458, 13.150800128705022, 13.204814100810829, 12.961705767656703, 13.300579943893549, 12.972751104127834, 13.11935626996214, 13.023222319958947, 13.08857316984948, 13.021241152774058, 13.050080325512731, 12.902254460022133, 12.994069468021577, 12.96420889024567, 12.950719718707102, 13.132490902956496, 13.10445471347723, 13.095367642843069, 13.161602208974115]
fps.lt:[9109.139450241571, 8918.798330135884, 9296.8210421975, 8893.567085904846, 9286.0491130249, 8887.972735004503, 9194.502766991664, 8997.803018176603, 9005.320875041758, 8668.484640635346, 8844.449125756722, 9035.332555146011, 8369.67039582579, 9072.297837691222, 8712.152496481574, 8495.235929416145, 9109.15427538444, 8680.2953741199, 8874.708100705911, 8869.467074457438, 8190.858190036835, 8881.92749728243, 9072.283784497915, 8962.55074380149, 9293.915649989096]
fps.ltu:[299.42515449566366, 284.91776312460485, 312.0434310383428, 283.0970325645617, 311.8077873842074, 281.02328447919115, 299.9932799003914, 294.78564170081614, 296.2799664791086, 269.7072582920502, 286.8936243853678, 291.5126834727234, 253.38638631398067, 297.4966877148493, 273.212361437305, 259.6351164344271, 297.04227311773246, 269.6409269044175, 282.12020514185514, 282.0453793077263, 240.7798887744426, 285.573102146749, 298.09524456642606, 289.79936407341705, 314.93866372866654]
fps.c2:[0.7812429932134151, 1.6110171459552778, 1.9579827372286676, 1.8836273298385815, 1.6383410544814372, 2.300972803550866, 0.8789355853115038, 1.2825416771147078, 1.6767674878226193, 1.4083679037838102, 0.8947824566180975, 1.1016134420195944, 1.3734033752704444, 2.8431473566504404, 1.0049334648187824, 0.5721130476518902, 1.7617371323245998, 1.6378409040674267, 2.2259296410758376, 3.3309612357430023, 0.5028737713150333, 1.5800543892668049, 2.1370034050091014, 1.3915580639776577, 1.853001836656387]
FC:[[3.7322879321011104, 3.808510747528564, 3.8399593255792346, 3.875151989298462, 3.909910573791587, 3.9414816588389496], [3.806929933205506, 3.8490350612387765, 3.881440846107891, 3.917460061291593, 3.950929330059152, 3.98664133873068], [3.946315263157635, 3.971115377371324, 4.011485615178051, 4.0463326422656065, 4.08372658246021, 4.11619067654066]]
FCE:[[0.030456920284302903, 0.018045576321726882, 0.011714431244621305, 0.009177924864915797, 0.007753336468239892, 0.006862971316367535], [0.023985601889518236, 0.013952930418098954, 0.009021529663796182, 0.007079364010749095, 0.005994966881998509, 0.005196353622364805], [0.020523713644372808, 0.011547016758930396, 0.007433440811526385, 0.005839551983776667, 0.004966055654262555, 0.0044157232297871146]]
