Ri:[100, 130, 160]
Zi:[50, 100, 200, 300, 400, 500]
fps.ts:[1727.0995200014115, 5181.298560004235, 8635.497600007058, 12089.69664000988, 15543.895680012705, 18998.094720015528, 22452.29376001835, 25906.492800021173, 29360.691840023996, 32814.89088002682, 36269.08992002964, 39723.28896003247, 43177.488000035286, 46631.687040038116, 50085.88608004093, 53540.08512004376, 56994.284160046576, 60448.483200049406, 63902.68224005222, 67356.88128005505, 70811.08032005787, 74265.2793600607, 77719.47840006353, 81173.67744006634, 84627.87648006916]
fps.e0:[10891.66676957153, 10904.042204729081, 10882.855507208888, 10877.985917606014, 10880.438235405458, 10906.867700240182, 10890.16266784884, 10886.089770414132, 10886.235764314846, 10884.75209882262, 10861.318289890365, 10877.254393370258, 10897.96061924099, 10901.899173846992, 10893.348269625445, 10884.407094451299, 10897.411253178809, 10875.364739891631, 10864.645269538672, 10891.208264290188, 10872.63279435583, 10901.966400038631, 10904.085906317361, 10887.196466605421, 10884.25341447651]
fps.e0u:[12.995726662049401, 13.093333782916984, 13.204983105841036, 13.100446725660406, 13.22514486485456, 13.132352239585643, 13.121771501514779, 13.142076767456805, 13.313435521371181, 13.088238045726522, 13.242633977058045, 13.18572994985619, 13.054786238970678, 13.064280862480672, 13.26972384150801, 13.187762204981043, 13.298516473906647, 13.263413380269332, 13.218744331803357, 13.146456939769939, 13.078539672030788, 13.200214559638308, 12.975690452250932, 13.222332235466167, 13.295335853568625]
fps.lt:[8824.566690637625, 8582.525850338743, 8953.559832940793, 9071.247789125804, 8846.46044283877, 8593.683931700689, 8714.744755834568, 8808.028894112567, 8732.669114572935, 8924.611591744802, 9263.448667640081, 8921.24999789746, 8902.512387581324, 8600.19365622465, 8666.965724338535, 8788.456872960649, 8998.705325042805, 9369.262854048164, 9106.933062964134, 8754.679107367789, 9428.029019237903, 8598.512083224787, 8584.28810788846, 8680.802223704086, 8931.77586854639]
fps.ltu:[279.2513361765663, 265.01634199771024, 291.2362405810029, 298.12933942861827, 287.5553831950031, 267.6376673243343, 274.91838934225746, 283.1730357926729, 280.01416109996785, 289.4707112904706, 313.438157148817, 289.91125656618954, 287.0420690574833, 267.31340139843894, 274.74568699301733, 280.8233330144806, 295.37799581375975, 321.18178824743444, 303.0311707581552, 278.12534059033584, 322.49890789857875, 269.5189547597407, 265.48399487467725, 274.5501833597227, 292.3338542871451]
fps.c2:[2.131399821538813, 1.302837638623225, 2.3986036860003384, 1.1573482644108593, 2.0860765499593352, 1.0129453068214986, 2.4179624975104996, 1.7955759579074262, 0.5414652287115778, 1.8366549647095565, 2.738256647789107, 2.0970217637909525, 1.7377438570428085, 0.8354852106740025, 2.00888433787369, 1.308564875817321, 1.715614238430659, 1.0861761347837802, 1.3761560352021978, 0.7656953833112964, 1.998409343381301, 1.042830275143455, 2.673067202676279, 2.333287241860555, 1.332818640685499]
FC:[[3.7746571018847686, 3.812229215348563, 3.8314681124142105, 3.8629634505870194, 3.8904361180663503, 3.926994186644209], [3.832079436485366, 3.8576261206708327, 3.8836663277998325, 3.911526711330965, 3.9434541002917225, 3.9806519623319416], [3.9675535113748155, 3.9918397383038196, 4.017139310065202, 4.050761860994797, 4.086261571323253, 4.123109959427875]]
FCE:[[0.030788561673882494, 0.01843312165151995, 0.011724079673709932, 0.009214157824393663, 0.007787345362808578, 0.006903366081066841], [0.024365638915085825, 0.01428308455098729, 0.009090118921914062, 0.007135514960625567, 0.006053009760726038, 0.005378821225338171], [0.020902718952461312, 0.012160985509883364, 0.007726487490132503, 0.005939070331247223, 0.005055007943937116, 0.004388867538747978]]
