Ri:[100, 130, 160]
Zi:[50, 100, 200, 300, 400, 500]
fps.ts:[151.29762000083923, 453.8928600025177, 756.4881000041962, 1059.0833400058746, 1361.6785800075531, 1664.2738200092317, 1966.8690600109098, 2269.4643000125884, 2572.059540014267, 2874.6547800159456, 3177.2500200176237, 3479.8452600193023, 3782.440500020981, 4085.0357400226594, 4387.630980024338, 4690.226220026016, 4992.821460027695, 5295.416700029373, 5598.011940031052, 5900.60718003273, 6203.2024200344085, 6505.797660036087, 6808.392900037765, 7110.988140039444, 7413.583380041122]
fps.e0:[10891.84349331705, 10879.241904049164, 10880.507158913733, 10928.143056691908, 10847.622546232347, 10859.011161309762, 10827.126599529543, 10879.531133971657, 10865.73741156315, 10906.186089965646, 10894.300763552079, 10883.587680764947, 10856.547451961056, 10876.277540272433, 10844.261836389269, 10912.176378988226, 10898.545721791414, 10821.190939104283, 10865.580670930354, 10895.95089821841, 10892.631501195965, 10830.837045707312, 10902.88088076335, 10871.18137065478, 10850.785659036717]
fps.e0u:[31.74707122495793, 31.901595563585893, 32.7677447511611, 32.221083404275994, 32.44389691227837, 32.091890581218614, 31.366306706762366, 32.11276905226369, 31.654511585323778, 31.85746563258346, 31.71485791017719, 32.35625868725644, 31.257615434718993, 32.507100908066455, 32.032585634054676, 32.50285463089208, 31.6442255885256, 33.0488358721502, 32.62430458061876, 32.23229470977348, 32.312560692916335, 32.323612455300896, 32.16591408236398, 31.462277371768185, 32.28311572291768]
fps.lt:[5707.37197314177, 5745.286485785043, 5875.441788231459, 5344.437087300112, 6212.470965007813, 5886.527402700994, 6347.512725050397, 5820.497348885773, 6112.997953047097, 5830.067946744633, 5534.818741833425, 5984.754982637036, 5938.982734972057, 5939.365836685314, 6352.125022461303, 5702.450099203517, 5791.932591654795, 6465.378763650834, 6142.640229296366, 5718.457304264823, 5561.047411344569, 6167.168438217555, 5865.4138575012375, 5812.739588685048, 6128.302301141089]
fps.ltu:[287.0729212525461, 291.3825534860369, 306.7383365406503, 253.62626696306776, 342.3009584468557, 304.1985319760187, 348.6952456845773, 300.5524431587981, 325.59465564504507, 298.44566355832586, 267.9121954227954, 318.8856340803076, 309.5795285918377, 314.62751699614995, 354.27646124714283, 288.9969468696126, 293.2872785237995, 375.197532382329, 331.5588016009226, 286.9404607883203, 273.2068487459523, 340.27457404708565, 302.5613848576434, 296.3091648470249, 329.1845259636924]
fps.c2:[1.5036040108358188, 1.5441116752387587, 0.4942892101135768, 0.9207963422573369, 1.0290616405641548, 1.2853082632493344, 1.203926310439486, 1.302336512001859, 1.1848890245522625, 1.4192169299816757, 1.8774494324098916, 2.0448631119404537, 1.6343008648778221, 0.2571981624887, 1.366423860594765, 2.5712970113892286, 0.6660623057088623, 1.1752894603505653, 0.9335192260096451, 0.9379759226698797, 1.403160244404833, 1.6816405356547397, 1.3528237846633906, 2.099978900339548, 1.129717628692742]
FC:[[9.516545880948279, 9.16958843744055, 8.400356541250536, 8.028552271444015, 7.796528396942012, 7.664644412071306], [8.900089652464947, 8.143809705166358, 7.734959011156839, 7.516555869946802, 7.419649587075938, 7.39341808390509], [11.576532319007637, 10.613601736460417, 9.93342153893553, 9.575207060173325, 9.386384023975427, 9.263225774116059]]
FCE:[[0.7461291130882961, 0.26336018879425666, 0.12989349603571188, 0.08798134144465768, 0.06817585796022538, 0.056039910374780774], [0.2575826471162203, 0.103860334492259, 0.05520400759497892, 0.03916176365186324, 0.03194879427736519, 0.027835272960829667], [0.2600031707015421, 0.11017209783148653, 0.05793380367829333, 0.04168338363435579, 0.03355699657163891, 0.028575904417415917]]
