Ri:[100, 130, 160]
Zi:[50, 100, 200, 300, 400, 500]
fps.ts:[1085.2817199993133, 3255.84515999794, 5426.408599996566, 7596.972039995193, 9767.53547999382, 11938.098919992446, 14108.662359991073, 16279.2257999897, 18449.789239988328, 20620.35267998695, 22790.91611998558, 24961.479559984204, 27132.042999982834, 29302.606439981457, 31473.169879980087, 33643.73331997871, 35814.29675997734, 37984.86019997597, 40155.423639974586, 42325.987079973216, 44496.55051997185, 46667.11395997048, 48837.67739996909, 51008.24083996772, 53178.80427996635]
fps.e0:[10970.702612006799, 11000.114829240618, 10996.84516159507, 10978.597204737394, 10981.549219679684, 10991.452842418883, 11021.651833947826, 11037.363743172082, 10998.52138561742, 10980.581991797017, 11015.59425552567, 10977.178912172625, 10994.772585256598, 10981.19183775085, 10985.516399736554, 10968.113808809694, 10970.580839937635, 11003.100706755447, 10975.846932262297, 10971.727663900096, 10973.582306261053, 11004.460920928943, 10969.589694871482, 10994.104341549195, 10972.794992744677]
fps.e0u:[15.78436470318323, 15.973139333584033, 15.82207385983645, 15.61938183332952, 15.771071971983746, 15.73449456051706, 15.714023861280626, 15.849020413293298, 15.925859568566404, 15.83975857190564, 15.88097187340373, 15.791821667923712, 15.614964721472388, 15.771710015382633, 15.834188333240704, 15.685946708454447, 15.828502561400756, 15.874159766950669, 15.91358203052497, 15.768670244811595, 16.04293313075362, 15.734773554240649, 15.94164539072856, 15.753595480782069, 16.34288782205058]
fps.lt:[9211.260173646404, 8333.81491266204, 8638.323986918394, 8734.944147392882, 8918.555040819745, 8604.856287568142, 8120.944146628576, 7711.975153893333, 8422.75003783185, 8645.483864285039, 8226.589918791435, 8807.979505824074, 8566.924726140458, 8765.589029697814, 8811.630029503287, 9145.318405641134, 8857.089304229568, 8359.95379076696, 8597.487546733048, 9110.094620788233, 8848.955742108426, 8399.897885573218, 9031.650298085058, 8216.514437580225, 8880.97530904406]
fps.ltu:[365.4251407279799, 300.3914496330959, 318.2779524813508, 325.6048680804531, 338.4539459515099, 317.4469893443728, 280.70215157568595, 253.37546165338193, 309.1196013988152, 319.20534304885206, 290.65767884305933, 333.0565715969176, 313.43189654912914, 330.77818631181225, 334.9823643673793, 356.7727405717367, 337.3184780417176, 301.5087075340171, 319.06316502257977, 356.3580195220597, 342.0092091329057, 303.5040288338172, 353.8207776924614, 291.4929396898042, 353.85803555477133]
fps.c2:[1.44268374206674, 0.9667880996485523, 0.8885439006249514, 0.6031157319104996, 1.2432777410609523, 1.4894581243734026, 2.2025603028065075, 1.3287965459024138, 1.1666000271340387, 2.1225917206468847, 0.4903798129038442, 1.7659765905141578, 1.1693137026535514, 2.111925972744812, 2.2736191101574357, 2.3655915751938763, 2.4405865245361493, 0.7386806010772047, 2.0872218640182343, 1.0000227987367953, 1.340786534402906, 1.5154059326662774, 0.8508180516475796, 1.8543718370232791, 1.6952019698500063]
FC:[[3.7817816133329734, 3.8025182436243643, 3.8304842285748917, 3.8646407219950243, 3.894019651599056, 3.927353252750936], [3.838435977687157, 3.844959127040302, 3.872184710864646, 3.9096525344973725, 3.9401969463927076, 3.9773360806512152], [3.9773803927373614, 3.9799524024110835, 4.0086119077205735, 4.045696632054331, 4.07947217606256, 4.117371592848845]]
FCE:[[0.038310922897316906, 0.022965805558428642, 0.014178402681640761, 0.0107330841695644, 0.00906232102435914, 0.007994567599712349], [0.029847263754452548, 0.016796836855807563, 0.010625993452264726, 0.008306463277532523, 0.0070281887872630676, 0.006222169152281937], [0.024917882925256325, 0.014201394724085511, 0.008972265433263203, 0.007043439390548251, 0.005989109075106555, 0.005313997401852753]]
