Ri:[100, 130, 160]
Zi:[50, 100, 200, 300, 400, 500]
fps.ts:[1732.8527999973296, 5198.558399991989, 8664.263999986648, 12129.969599981308, 15595.675199975965, 19061.380799970626, 22527.086399965287, 25992.791999959943, 29458.497599954604, 32924.20319994926, 36389.90879994392, 39855.61439993858, 43321.31999993324, 46787.0255999279, 50252.73119992256, 53718.43679991722, 57184.14239991188, 60649.84799990654, 64115.55359990119, 67581.25919989585, 71046.96479989051, 74512.67039988517, 77978.37599987983, 81444.0815998745, 84909.78719986916]
fps.e0:[10833.256433170502, 10862.371300827144, 10921.784515761898, 10882.593646852967, 10893.03319167977, 10892.176813027543, 10898.384493828622, 10922.00065833219, 10913.109236013883, 10915.117328081773, 10922.786502310315, 10864.692713121769, 10874.593724005264, 10902.811791363416, 10859.423616906568, 10867.253858426137, 10899.84171224301, 10878.558760030102, 10926.327387875204, 10927.486324135893, 10900.44323140576, 10891.34220074713, 10901.275942379103, 10897.301309706196, 10882.793871804128]
fps.e0u:[16.510808141771612, 15.186718054723737, 14.711914591708618, 14.670564395587965, 14.268835666836543, 14.268257598698424, 14.338074230101796, 14.223482299929588, 14.39396795361474, 14.378963695006497, 14.249226310825376, 14.268057949633333, 14.407131650441698, 14.38731071121802, 14.374033372383389, 14.213575211561354, 14.32322894788284, 14.50102253341246, 14.312446748987648, 14.391372932479296, 14.43061235302492, 14.35127152714506, 14.357468183466917, 14.279870057956938, 14.2639572011793]
fps.lt:[13987.390878816712, 12628.90085004305, 11115.108624078497, 12434.269534222176, 12249.01038077618, 12616.663613889603, 12034.475069606287, 11128.546455195188, 11838.348639984588, 11861.395395350952, 11695.570198621166, 13073.05413543967, 12838.55172926142, 11873.127142027563, 13392.974715853285, 13431.602862968115, 11676.870285099765, 13007.288410203455, 11148.181384591722, 10976.76121267764, 11776.773471379809, 12276.33952848666, 11820.025748265181, 12249.670960648313, 12519.85743756571]
fps.ltu:[893.0804952420162, 668.8897532309404, 501.10269404614263, 627.2393583534449, 595.1142899436869, 628.9715010507915, 578.2368388651395, 489.0773553995492, 557.2238384357272, 559.4098158792498, 540.1497836983624, 673.9097775093766, 659.8015887360252, 562.4646697040084, 711.1492010847383, 711.0735005715379, 541.7475718023597, 673.7358228893726, 493.33353578745204, 479.2091502507464, 551.0418819003577, 601.7532156708096, 556.4045563610651, 592.4554756451262, 621.8934111728041]
fps.c2:[1.7001163071787662, 1.2097753340122979, 2.3568178089273037, 1.1095441607752692, 1.2062770258382125, 1.5644929402163223, 2.0998589755960655, 1.2542980047007066, 1.4954449649496708, 1.0753129992479937, 0.7569511745646456, 0.5228936003526771, 1.7040213120715046, 1.2756869097179289, 1.4730768400741137, 1.2157911822625267, 0.763272273514446, 1.2160510302994985, 1.1261756750865226, 1.39192693664126, 1.4516945251884164, 1.5477341558556044, 2.060747349046928, 1.2224675951889137, 1.0301279077612888]
FC:[[3.8650872744013163, 3.849359023671068, 3.8737829499446073, 3.9074393977183, 3.9276032623683186, 3.9567340026587488], [3.863416278799383, 3.880248267986139, 3.9147485130083384, 3.9529337673081217, 3.979640411620214, 4.007820498996436], [4.008955230380408, 4.02547675594053, 4.055014643512207, 4.083453384763157, 4.106588355564706, 4.135874577448752]]
FCE:[[0.03253698815701845, 0.020117766587337826, 0.013279373629108386, 0.010524767664598972, 0.008922597928821911, 0.007691130841102411], [0.02468910256886682, 0.015423099245300515, 0.010221574699830087, 0.00794029877092405, 0.006745730512419955, 0.005974271048127859], [0.02086476656241946, 0.012891701718649196, 0.008504583524807515, 0.00674022208883344, 0.00573271681963839, 0.005090684103064062]]
