Ri:[100, 130, 160]
Zi:[50, 100, 200, 300, 400, 500]
fps.ts:[1762.8540400028228, 5288.562120008468, 8814.270200014114, 12339.978280019759, 15865.686360025406, 19391.39444003105, 22917.102520036693, 26442.810600042343, 29968.518680047986, 33494.226760053636, 37019.93484005928, 40545.64292006492, 44071.35100007057, 47597.059080076215, 51122.76716008186, 54648.47524008751, 58174.18332009315, 61699.8914000988, 65225.59948010444, 68751.30756011009, 72277.01564011574, 75802.72372012137, 79328.43180012703, 82854.13988013266, 86379.84796013832]
fps.e0:[10905.39892074344, 10903.520142691268, 10910.729238709378, 10878.849325369538, 10887.966526643466, 10914.414067758762, 10918.781777894947, 10902.750779526157, 10944.093762375514, 10936.1956326797, 10922.93155182537, 10946.672894334866, 10915.48669963455, 10915.041883876376, 10922.02291611545, 10940.302775393908, 10938.516833911885, 10937.754108882778, 10937.577919577756, 10916.598046816263, 10931.873909545815, 10909.934001550995, 10864.557879986736, 10809.06244903062, 10788.315578917878]
fps.e0u:[13.227961925545534, 13.458659225209765, 13.373545322963468, 13.397038167273704, 13.305187118588968, 13.177499675686283, 13.377828925334661, 13.38987366653379, 13.269388696862192, 13.370243345062338, 13.463348417621194, 13.386248042252555, 13.450967063819213, 13.380635758952616, 13.294659271720846, 13.200979726506352, 13.264429958647941, 13.322124272949761, 13.296521242801001, 13.18629311645017, 13.27481702564276, 13.211646688147674, 13.07937247908465, 13.024551348472327, 13.256148445136825]
fps.lt:[6369.031114372614, 6325.575709641673, 6241.871522487818, 6544.249328500222, 6400.933854143774, 6156.447294426073, 6283.148964062894, 6329.582401939578, 5995.693142761002, 6001.545806370736, 6240.7365006753735, 6014.956469556798, 6160.663707053328, 6177.352481577844, 6176.140806626125, 6060.787001256657, 6205.1322265154195, 6175.376115686027, 6095.235998036404, 6327.137735803433, 6108.361974519513, 6481.303178459352, 6158.563947420635, 6055.015039466773, 6321.455129746822]
fps.ltu:[146.93240432340454, 145.9160244331035, 142.0741652732729, 156.464776197441, 148.96836939610972, 135.72799522663564, 143.6242368036579, 146.61341100119415, 130.10142770110315, 130.11307365903318, 142.15507206191677, 132.02249265078206, 138.9856212021046, 138.4669470393499, 138.1586501316173, 131.790755712503, 138.30192891982193, 137.6401239303067, 134.46291648154016, 144.49021865216528, 134.5843855843252, 151.3408359415753, 136.72163368859754, 131.43180855062909, 144.98455676744064]
fps.c2:[1.4655233769760185, 2.871373932071752, 1.3803624428991472, 0.9605741913001155, 1.0290432632137905, 1.990133270448352, 1.7515745431479262, 0.9656589611766443, 2.528586544054841, 1.2925742797219553, 1.6709382587541337, 1.447422404315289, 1.7897503900204481, 1.4646995604699913, 0.6589260565699013, 3.4570963070856258, 2.645462954834755, 1.6141501782715255, 1.224141959970207, 2.2473543221906227, 0.9181805042872722, 2.3596569751779546, 1.5885742737264512, 1.2891551735335354, 2.5587445931639334]
FC:[[3.887484669205953, 3.9002019183562107, 3.927881935551067, 3.961874361890471, 4.000870747196474, 4.046695370469467], [3.909215673476758, 3.930361848270342, 3.9645505712072313, 4.002369580454005, 4.0456327909453496, 4.091717082401777], [4.011520557812642, 4.0588583922066785, 4.0939905126308345, 4.130909309568305, 4.175118614435925, 4.22240342024633]]
FCE:[[0.037519269040007165, 0.019142456921752368, 0.01163670646892058, 0.008969775875298328, 0.007572041463914081, 0.006714719828683208], [0.02916882587387073, 0.014840892552786216, 0.009018321784783857, 0.006967153026410249, 0.005901038430582478, 0.005237476940355734], [0.024421904840731104, 0.012709932873116826, 0.007666630878370135, 0.005931852530572092, 0.005030801994307671, 0.004371528050111906]]
