Ri:[100, 130, 160]
Zi:[50, 100, 200, 300, 400, 500]
fps.ts:[1734.033459997177, 5202.100379991531, 8670.167299985886, 12138.234219980239, 15606.301139974594, 19074.368059968947, 22542.4349799633, 26010.501899957657, 29478.56881995201, 32946.63573994637, 36414.70265994072, 39882.76957993507, 43350.83649992943, 46818.90341992378, 50286.97033991813, 53755.03725991249, 57223.10417990684, 60691.1710999012, 64159.23801989555, 67627.3049398899, 71095.37185988427, 74563.4387798786, 78031.50569987297, 81499.57261986731, 84967.63953986167]
fps.e0:[10796.691207043332, 10819.025400943541, 10792.982622313282, 10784.729424597666, 10823.870667263222, 10808.094156011759, 10801.483724212074, 10819.08145642941, 10811.357019225585, 10808.273171577213, 10821.922788287833, 10815.399992798702, 10806.436309377194, 10843.512025441447, 10823.222028067235, 10828.705818044642, 10814.811341815272, 10827.598987455105, 10828.45843125402, 10840.051384051052, 10820.246545667114, 10817.949782142146, 10821.559287140377, 10847.469272699635, 10840.061442815484]
fps.e0u:[12.816742532481483, 12.809012323166714, 12.799676202290016, 12.834418677202937, 12.689569581586122, 12.797094117376316, 12.91223277239947, 12.808038013712165, 12.782870277697636, 12.987726980504519, 12.853512576213438, 12.72927655901273, 12.821695084760822, 12.8936787106603, 12.864954287381773, 12.89950054974804, 12.907203540873702, 12.841826361809796, 12.936317940536998, 12.993241508718887, 12.809922293929356, 12.918394518015784, 12.931741721272054, 12.879485207552948, 12.936534308180477]
fps.lt:[10376.326698609919, 10111.390554140724, 10451.85365474259, 10880.1330578612, 10067.354364801824, 10662.568087368076, 10734.8057470507, 10473.774659197288, 10495.441258244218, 10916.971269375485, 10674.720685320759, 10972.969074309656, 11101.941567517606, 10178.496895324979, 11089.106284158257, 10549.357792978935, 11183.957703352602, 10669.957744892501, 10902.380725476558, 10667.554121300986, 11223.784206260772, 11305.27852341899, 11227.407061722359, 10573.643861289454, 10846.472476539215]
fps.ltu:[383.9076148919849, 362.9786532722063, 391.51910258054136, 423.2730835123707, 358.4012717819078, 404.02448908583904, 412.54850914897884, 388.419860058421, 390.35240123795387, 427.67345237431505, 407.68449157882577, 424.64748691860433, 441.686911136466, 370.6266849227862, 436.0175444423829, 397.0966121595409, 446.17505137690983, 403.47117478756076, 425.02600200856403, 408.39304198940874, 448.29842161077926, 457.6151802695076, 454.51539972087704, 398.7479089556386, 420.40637303929446]
fps.c2:[0.910161974453596, 1.5101620039369952, 1.0997860046343257, 2.0988730108843656, 2.100688553624164, 1.5469552162214262, 0.8404127748451926, 1.2795478943565932, 1.8262682663854795, 1.04694670664598, 1.0560546645663664, 1.3464274713485422, 1.5507872644011866, 1.3413217400008837, 1.6413208147999305, 0.9375654286133884, 1.5122795081057854, 1.9858297620530725, 0.9002763871445458, 2.0677598156467485, 2.737363735826732, 1.5423151149295324, 1.437312145683206, 1.3673709083203334, 1.0636229611741537]
FC:[[3.8386797399471466, 3.892181272451257, 3.8971363205209903, 3.92350701934064, 3.95007297255817, 3.9755128870626417], [3.8844973293384317, 3.9235956218435435, 3.942030796746973, 3.9697191290815113, 3.9986392696185207, 4.025389136137664], [4.012591987897044, 4.0543965225379335, 4.068678031269459, 4.09690855690305, 4.126305258926333, 4.154838451798347]]
FCE:[[0.029105171207837493, 0.0180566049268658, 0.011773192914838852, 0.009287187804799429, 0.007672632568852465, 0.006757125443384175], [0.02284567631774212, 0.013619016190063234, 0.008893176510601175, 0.0070240696391861155, 0.005969470961855058, 0.005274246376665055], [0.019029763930239498, 0.01156702745547604, 0.007542555603103255, 0.0059643433711907825, 0.005076820762007407, 0.004499915302447409]]
