Ri:[100, 130, 160]
Zi:[50, 100, 200, 300, 400, 500]
fps.ts:[1189.0891400003434, 3567.26742000103, 5945.445700001717, 8323.623980002403, 10701.80226000309, 13079.980540003777, 15458.158820004464, 17836.33710000515, 20214.51538000584, 22592.693660006524, 24970.87194000721, 27349.0502200079, 29727.228500008583, 32105.40678000927, 34483.58506000996, 36861.76334001064, 39239.941620011334, 41618.11990001202, 43996.2981800127, 46374.47646001339, 48752.654740014084, 51130.83302001476, 53509.01130001545, 55887.189580016144, 58265.36786001682]
fps.e0:[10742.29063444872, 10786.100551864889, 10916.06399421086, 10929.114032072595, 10923.3487809996, 10903.61669848694, 10947.312453504694, 10951.07280757, 10965.56650949487, 10922.806752182782, 10951.402563074831, 10927.910166316171, 10950.19170712798, 10956.235870088145, 10934.410271833563, 10936.779424218028, 10932.24730789608, 10922.851271874684, 10964.25298616957, 10909.50470711755, 10924.594604168396, 10901.754419897095, 10932.360078371708, 10926.991806361582, 10905.487345744581]
fps.e0u:[15.497197169399126, 11.954043176416704, 12.12010540967457, 12.439821615533939, 12.717798175473895, 12.89224142332816, 12.8967904050174, 12.873597353170052, 13.031851798435309, 12.984216581300661, 13.013868045035403, 13.13087719342763, 12.954599862596856, 12.973409374557733, 13.02920084235863, 13.113252251302534, 12.958332117029405, 12.953170188730963, 13.052409804488956, 13.05126527835383, 12.996251274683631, 31.337537959309927, 26.89248563316415, 13.117770412164553, 12.95554911388657]
fps.lt:[5650.734133844151, 5826.7912470063, 5331.001243039552, 5452.334640537358, 5656.3715478954555, 5710.349839919415, 5440.8335426837075, 5369.152930970882, 5248.710073106278, 5696.228355369637, 5390.050444312787, 5649.268283021724, 5429.111874395488, 5316.502318944254, 5507.774768479571, 5423.069380456413, 5484.712873849533, 5554.017549495999, 5274.154758278338, 5648.238233612978, 5554.991050336963, 5861.589472196014, 5578.394684187854, 5506.981108185137, 5659.306800596554]
fps.ltu:[134.5752180976898, 109.83497170324996, 93.6040816904877, 100.6902130434288, 110.62311313307673, 114.28317844518493, 104.30242923910559, 101.55326320037373, 97.41166177254267, 114.73552650512048, 102.63250546821463, 113.62485063318596, 103.5569108516517, 100.24301263353048, 108.1540607277627, 105.59508503727476, 106.42383352289808, 109.40558625583887, 98.47550349724445, 113.75576053482972, 108.80411474768927, 292.25581084987675, 229.13855940911984, 107.94389018784898, 113.82777730631847]
fps.c2:[2.5509484714687, 4.941709247630774, 4.175645501050003, 1.3878901603963716, 2.298676547277661, 2.846762496950436, 0.40037855052350724, 1.5717540591039463, 1.4294354216414529, 2.819599859049904, 1.7180520777760804, 1.326489302945654, 2.154191560315466, 2.074287512245867, 2.244419888714791, 2.06787903296465, 2.0070098953306017, 2.8864387463054846, 2.181903326236328, 1.8382745975157262, 0.850060441408439, 0.46921430616576854, 1.0255182800759104, 3.1922493472400033, 0.8486467999544688]
FC:[[3.7945140482000994, 3.8227652999451998, 3.890799635695241, 3.9576110445047568, 4.016903256994745, 4.074349644603708], [3.8431154350021504, 3.8836125979850884, 3.942131663587199, 4.007442903378733, 4.071750650053712, 4.132694702218989], [3.9689163026550336, 4.005860174631749, 4.068057840906919, 4.134818876354374, 4.201113313456543, 4.262284142957247]]
FCE:[[0.03652167802693817, 0.01942493793406832, 0.011824122860190236, 0.009240503354892673, 0.007854727221798048, 0.006952167728188845], [0.028671182483219808, 0.015103982040750993, 0.00912578139117538, 0.007137014295054892, 0.006091462677250372, 0.00541773372598448], [0.024106991064033384, 0.012490939452195732, 0.007693944924251886, 0.006032559002425056, 0.005040238397496559, 0.004489216036372845]]
