Ri:[100, 130, 160]
Zi:[50, 100, 200, 300, 400, 500]
fps.ts:[1749.6098400020599, 5248.829520006179, 8748.049200010299, 12247.268880014419, 15746.488560018537, 19245.708240022657, 22744.927920026777, 26244.147600030898, 29743.367280035018, 33242.58696003914, 36741.80664004326, 40241.02632004737, 43740.2460000515, 47239.46568005561, 50738.68536005974, 54237.90504006385, 57737.12472006798, 61236.34440007209, 64735.56408007622, 68234.78376008033, 71734.00344008446, 75233.22312008857, 78732.44280009269, 82231.66248009681, 85730.88216010094]
fps.e0:[10863.766827353369, 10873.184130618023, 10858.087757230685, 10851.716085479347, 10858.47888696898, 10880.4501901038, 10872.645046875414, 10851.270032372167, 10837.600595614029, 10867.142731109692, 10874.385763795479, 10863.828268197356, 10857.450420304905, 10868.135227932242, 10861.091885550995, 10850.930751078744, 10856.9367328541, 10859.357297336128, 10867.192626074457, 10855.244049994708, 10848.220613419187, 10860.902357046916, 10843.118680168225, 10853.332476014812, 10856.51143511398]
fps.e0u:[12.085737211732122, 11.926608597480802, 12.122040259138974, 12.095791328679038, 12.008191048530406, 11.930596705440244, 12.027674688639914, 12.110131295195885, 11.95860496611837, 12.043167168596804, 11.982453073244166, 12.038349256880883, 11.852044093789948, 12.035617368107589, 11.934431871686087, 12.064702596879462, 11.929279700953476, 11.995938442310608, 12.204022907930462, 12.109922053088528, 12.185342243292572, 12.095406380214225, 12.055132982152529, 12.138673382523722, 12.171574045214447]
fps.lt:[2990.6801377416177, 2950.537244780389, 2994.942273254266, 3002.8984054083003, 2989.1587086958584, 2924.703153444237, 2965.735802137374, 3006.4676382284347, 3026.230874123512, 2981.9176179548463, 2977.9238889134435, 3010.1395957603163, 3011.1681188775306, 3012.0703400515094, 2996.0088829044494, 3090.66479593794, 3058.7905698255, 3037.819911030433, 3020.167102749857, 3085.9559271704547, 3038.0331910327245, 3016.157593879525, 3125.0397870915217, 3086.127650393781, 3067.4160007099636]
fps.ltu:[31.461625370379107, 30.136098709904108, 31.36880944877862, 31.724666360098578, 31.194208530035024, 29.819603168990312, 30.817278032681056, 31.996238569272776, 32.02851020737407, 31.137228088451696, 31.006665596985666, 31.758217417138603, 31.439370721298303, 31.74001012588167, 31.277904623751336, 33.50846178541574, 32.45931248274648, 32.11385155063793, 32.05379091970432, 33.55354465104893, 32.72757185050204, 32.06794295996554, 34.159843831367894, 33.419932696305764, 33.342171704805835]
fps.c2:[1.853194840908528, 2.0561091828833784, 2.41013409159339, 1.1304137914779886, 1.9613465503547334, 2.122205395573133, 1.8869233101642244, 1.2858540853201934, 2.0214085343186254, 0.8219488192009666, 0.9488259088146225, 0.9659627076582706, 2.894622598840485, 1.6906275375929039, 1.1067520901296406, 1.532412331509931, 1.159754796121121, 2.930068715353201, 1.8847307650095122, 2.2387925256287957, 2.2034816142390956, 2.1090620086476934, 3.029808726614069, 1.8918693761987697, 1.4201602579818433]
FC:[[3.8016374324740183, 3.8369262603778287, 3.9110737532985693, 3.9973826688693834, 4.079317973854127, 4.166033272533263], [3.858905725688214, 3.881546151241911, 3.957841479578899, 4.049312901618801, 4.135635902971057, 4.224160667646088], [3.9859767933939247, 4.019032841291215, 4.098997225064346, 4.1847707051335385, 4.280467665130088, 4.370631622172443]]
FCE:[[0.032994381119697165, 0.015965904250706, 0.009942249355184394, 0.007902316490912897, 0.006962617003663333, 0.006420905610232558], [0.025515934961317828, 0.012463034410712457, 0.007521667544312314, 0.006148541665686963, 0.00542906486555769, 0.0049035799897026765], [0.021899001726869982, 0.010405531525461274, 0.0064299988695699145, 0.005246311195424227, 0.004551466415550654, 0.0041107823570677585]]
