Ri:[100, 130, 160]
Zi:[50, 100, 200, 300, 400, 500]
fps.ts:[1726.111859998703, 5178.335579996109, 8630.559299993514, 12082.783019990922, 15535.006739988326, 18987.23045998573, 22439.454179983142, 25891.677899980546, 29343.90161997795, 32796.125339975355, 36248.34905997277, 39700.57277997017, 43152.796499967575, 46605.02021996498, 50057.24393996239, 53509.467659959795, 56961.6913799572, 60413.915099954604, 63866.13881995201, 67318.36253994942, 70770.58625994682, 74222.80997994423, 77675.03369994165, 81127.25741993904, 84579.48113993646]
fps.e0:[11038.795081988592, 11001.238614317537, 11024.22723963878, 11035.605908690757, 11027.077877555104, 11043.245832179013, 11013.443469449901, 11036.700495370895, 11020.446936547745, 11054.595273376457, 11012.721505910267, 10996.834696875849, 11037.887601407314, 11009.261656065368, 11026.506012152748, 11045.868225750603, 11017.948429815679, 11035.928332570156, 11007.575615264988, 11010.343743135742, 11013.839166645574, 10994.167759127982, 11013.278838453874, 11028.37073054951, 10984.997368924762]
fps.e0u:[12.751195475184895, 12.791519526418881, 12.775830884168423, 12.6998103737769, 12.782133923520076, 12.65086307581575, 12.846449215869082, 12.74022775490206, 12.564484156085676, 12.630721070336849, 12.724591565675452, 12.846013007703236, 12.888214916561193, 12.847235515910528, 12.782088250649954, 12.60705134803454, 12.736435516282521, 12.710995582119835, 12.67688162945329, 12.693049911312421, 12.812292977474595, 12.57642362292424, 12.7311132614606, 12.604817579588664, 12.619981318888144]
fps.lt:[7600.137461109764, 8221.545043738804, 7709.720366338708, 7713.336150392493, 7751.06472118974, 7425.416976074095, 7838.251577207407, 7648.611904087384, 7730.027567184984, 7394.973485163596, 7903.676767083365, 8248.56715390831, 7599.689511915287, 8075.915674906587, 7923.847461445054, 7618.218471561444, 8229.721588475828, 7805.914252302109, 8280.142703495514, 7962.619508643317, 8038.814634492835, 8744.067316641755, 8325.592802764715, 8038.4051975701495, 9202.364517922406]
fps.ltu:[202.14607052001546, 236.533266749903, 207.95284497048885, 206.19104646940224, 210.70368934505953, 191.75772107054382, 216.11507455141722, 203.18997695127854, 206.8826846243658, 190.83993020321472, 217.27172885413353, 238.21625429787179, 203.95100918290916, 228.35820556404283, 219.67076980304674, 200.047198472895, 234.1917514750109, 211.49621326011913, 237.6926887088499, 219.6883899584874, 225.68269066162097, 261.76705516879235, 239.7471189609107, 222.56757308471592, 290.787643597026]
fps.c2:[1.6882723210198913, 2.245292342033076, 1.3794124382212092, 1.8718020691008594, 1.1494229845432957, 2.0219612058058463, 1.0404565495480917, 1.637304005400993, 1.5012093306353143, 0.860800352213348, 0.299769102763651, 0.8541786094416198, 1.1785393603598933, 1.7300617663380615, 1.7767611329230009, 1.584459551868119, 1.33372944682437, 2.0831444548683917, 2.3333836870376237, 1.6167232737195152, 2.2448865579123574, 2.787436200817493, 2.8580755824714754, 2.5002340854855016, 1.7492295995658855]
FC:[[3.7962957140165523, 3.793763658935567, 3.826456962507758, 3.86703354103908, 3.9110282197578417, 3.952824023765561], [3.8303297065045836, 3.8418924793133757, 3.8821998284114763, 3.924085917771032, 3.963507126587652, 4.006077027189159], [3.9660931957853496, 3.973889220406515, 4.016539587427663, 4.056540768874391, 4.096903287287738, 4.137856878561107]]
FCE:[[0.02931452059616338, 0.017306791333306003, 0.010856420063024468, 0.008574022249971896, 0.00727420387609618, 0.006456450688338149], [0.02301614411246963, 0.013078373289197066, 0.008435848215699142, 0.006663237845378103, 0.00566908358251185, 0.005039066718094853], [0.019486741648761876, 0.011125352929011456, 0.007152821416474702, 0.00565111662169078, 0.004821993694896664, 0.004298582324145718]]
