Ri:[100, 130, 160]
Zi:[50, 100, 200, 300, 400, 500]
fps.ts:[918.8509000015259, 2756.5527000045777, 4594.25450000763, 6431.956300010681, 8269.658100013734, 10107.359900016785, 11945.061700019836, 13782.76350002289, 15620.465300025942, 17458.167100028993, 19295.868900032045, 21133.570700035096, 22971.272500038147, 24808.974300041198, 26646.676100044253, 28484.377900047304, 30322.079700050355, 32159.78150005341, 33997.48330005646, 35835.18510005951, 37672.886900062564, 39510.588700065615, 41348.290500068666, 43185.99230007172, 45023.69410007477]
fps.e0:[10926.447937200684, 10925.56570884935, 10921.51147621284, 10947.798290378489, 10954.363115609121, 10886.82930062357, 10973.242628289525, 10900.322323902521, 10944.163408520395, 10926.551903092612, 10938.544827565222, 10967.080144226311, 10924.969632563078, 10904.208978536566, 10922.920708891908, 10926.418357042254, 10934.574369033926, 10969.02743120049, 10935.44832200525, 10935.716829436826, 10969.927704024103, 10903.836396679206, 10974.92930771899, 10864.943871847232, 10925.403976850343]
fps.e0u:[25.236248397245358, 24.95388472943224, 25.479770558393657, 23.353733136902974, 24.713955863781727, 24.908838108247565, 24.31663414231073, 25.43071193277394, 24.620844946221915, 25.122369025975942, 24.093876582455696, 24.85712850353524, 22.11632742447015, 24.120981920029188, 24.849857591746304, 24.900464117395686, 24.081446644617703, 24.464689863686484, 24.475022432280845, 24.270065484840277, 25.364206863006817, 24.557964568962674, 25.11684558191597, 23.46818230971797, 24.16595678694689]
fps.lt:[6999.177016125813, 7049.268153694055, 6954.962954526364, 6730.8962223207545, 6711.753583625261, 7713.645146592505, 6422.4010327649885, 7561.435605297166, 6784.35106556251, 6863.522645184909, 6868.301284198134, 6555.026339555323, 7008.660535459541, 7065.04649005255, 6916.025202792895, 6835.292471838141, 6949.230053860511, 6344.9113145205165, 6704.940475173292, 6932.185229570519, 6497.8549512701375, 7332.728002585328, 6426.81895992232, 8084.759867869953, 7108.9242375565145]
fps.ltu:[337.1209450834663, 337.05749913615176, 334.7125594477602, 289.9242785094384, 305.3191982588664, 402.7129246164463, 274.0703606000081, 393.70753098661305, 307.7570461324866, 322.8435009818294, 310.631556708061, 291.6585208151791, 296.59617942317425, 328.53603712316107, 324.71472520930513, 319.4586315031014, 317.9726949953462, 269.85198027357666, 301.79884153794677, 319.53898986670106, 289.8273801421546, 362.91789892129304, 283.13642695627533, 415.79982706164, 332.1394559725225]
fps.c2:[0.9874050213191791, 1.7014450878688712, 0.7782196304673838, 1.6499034701527704, 0.9853423617880777, 1.0204196120569873, 1.5025440344002279, 1.1952786528157604, 0.8908423203012901, 1.542276295811902, 1.570794668481594, 1.7858366022572372, 1.0038697891032091, 1.0395197000765668, 1.7441391614389938, 1.091155704802768, 1.1296267603781571, 1.0832767789339872, 1.0062864182450075, 1.5231091950396398, 0.4921053371906791, 1.8992741989105315, 1.267335440576879, 1.514812034121798, 1.2394838371541357]
FC:[[3.816774547008854, 3.8564542403252147, 3.829600558952757, 3.8909409940789246, 3.9659042690607405, 4.008210453077405], [3.8718511069672186, 3.8978736429972476, 3.897873187811425, 3.948802838313886, 4.0159421715397885, 4.061351865314545], [4.023041804876185, 4.0714083724213035, 4.068708041069808, 4.103280825842757, 4.150020041695057, 4.19394161177962]]
FCE:[[0.06403272217818315, 0.03588473480479194, 0.022017133210612893, 0.017312617035495404, 0.01424064819818466, 0.01250429467948729], [0.0506183368397355, 0.027174659028740004, 0.017079215511374948, 0.013345611072938503, 0.010985222817040365, 0.00970395638376534], [0.04273955914636198, 0.022915837358025083, 0.014002068257785123, 0.010869047931264437, 0.00927355413869159, 0.00821190565251947]]
