Ri:[50, 100, 150, 200]
Zi:[100, 200, 300, 400, 510]
FC:[[4.007124058737732, 3.9849277694633622, 3.9861859973000264, 4.005355681487544, 4.004634415157218], [4.015493835119101, 4.010239087018797, 4.005488933528441, 4.0233058670573305, 4.051853053994156], [4.108377995152011, 4.122619119692103, 4.135203455611651, 4.164231242254322, 4.192322489514103], [4.739677599841238, 4.769537115440526, 4.791251130798813, 4.819639822588758, 4.839891801261628]]
FCE:[[0.04041421325203243, 0.0271978487458583, 0.022942280271501088, 0.019324219185429557, 0.017016067083464367], [0.02058992760344824, 0.013933727001127251, 0.011607007968886895, 0.009703786287353569, 0.00835897576508159], [0.014049195089054776, 0.00952352051834895, 0.007681818067807862, 0.006629678142649476, 0.005877252970817846], [0.012978370829119373, 0.008815913390116902, 0.007140275026967016, 0.006155396192183728, 0.005445722098193955]]
fps.ts:[1612732750.8551002, 1612734720.8753, 1612736690.8955002, 1612738660.9157, 1612740630.9359002, 1612742600.9561, 1612744570.9763002, 1612746540.9965, 1612748511.0167003, 1612750481.0369, 1612752451.0571003, 1612754421.0773, 1612756391.0975003, 1612758361.1177, 1612760331.1379004, 1612762301.1581001, 1612764271.1783004, 1612766241.1985002, 1612768211.2187004, 1612770181.2389002, 1612772151.2591004, 1612774121.2793002, 1612776091.2995005, 1612778061.3197002, 1612780031.3399005]
fps.e0:[10842.75968319282, 10822.206989886547, 10848.990620153972, 10845.37856399385, 10794.807832546632, 10825.409876105958, 10886.516876434616, 10821.636628399292, 10862.780864958904, 10824.219749617225, 10880.00014551139, 10850.465800364518, 10873.632777915936, 10864.237064717892, 10859.98571091759, 10824.703500434778, 10815.533318796994, 10847.117830222896, 10827.400905069759, 10826.336773237434, 10801.495606616085, 10862.650467022495, 10845.21024146339, 10819.71180654857, 10815.535998595415]
fps.e0u:[19.462292641100664, 19.739349740079508, 19.703447783618223, 19.692922809079057, 19.557895437657443, 19.517637741907496, 19.712671230310306, 19.390028229971104, 19.651702578852884, 19.878235111318148, 19.396706600569264, 19.62441670542624, 19.689237118495008, 19.71407483041234, 19.625989475067954, 19.68854715800413, 19.822390301850792, 19.63038567007846, 19.71503803115493, 19.658584977223367, 19.801716033152267, 19.760186604771103, 19.685247186236364, 19.316243224032004, 19.79244905220632]
fps.lt:[16881.450875650324, 19078.775647228555, 17338.08837680303, 17302.06667199665, 19943.66441714301, 18605.153085087873, 14529.570475537597, 18467.86230570426, 15633.310443412649, 17223.811567382087, 14268.567031825774, 17053.264766047512, 15229.513282533359, 14856.982764562215, 14916.095955588846, 18160.64860261173, 19323.228882393392, 16032.213705958353, 18375.700888551855, 19197.24348132602, 21241.96140929834, 16030.185190500637, 16011.279036293481, 19229.753161884873, 18000.352394718007]
fps.ltu:[1557.1190986155402, 1991.8133236728743, 1658.473455623484, 1640.5568315466114, 2170.2308263589416, 1883.074759245988, 1154.0270739426937, 1850.2962352426694, 1335.072679948266, 1626.7071900756573, 1094.7623399802944, 1599.4327512385926, 1266.9828556215941, 1207.7209915151145, 1213.0040214453863, 1803.9379143540461, 2059.1007143604334, 1403.6139181292779, 1849.66809870803, 2002.7706078744861, 2453.230031513406, 1400.4420679620741, 1405.5340271234131, 1992.475973158665, 1779.682809661651]
fps.c2:[1.8459669178386378, 0.8135401864830668, 1.5102913586573041, 1.5630519208685116, 0.6736512926883401, 1.1042010260357313, 0.893062874690545, 0.2835863928085047, 1.7065822442101868, 0.8474294824623189, 2.538697915573653, 1.2766203537378578, 0.752678711837113, 0.9273924549600602, 1.4003742096704241, 0.26439977635734696, 1.660444682433835, 0.7466517646636449, 1.2269424610701538, 0.9961353722812819, 1.7459983560112418, 1.3460164330409108, 1.8692199403077712, 0.649347191455976, 2.6736572029430445]
