Ri:[100, 130, 160]
Zi:[50, 100, 200, 300, 400, 500]
fps.ts:[1144.8430200004577, 3434.529060001373, 5724.215100002289, 8013.901140003204, 10303.58718000412, 12593.273220005034, 14882.959260005951, 17172.645300006865, 19462.331340007782, 21752.0173800087, 24041.70342000961, 26331.389460010527, 28621.075500011444, 30910.76154001236, 33200.44758001327, 35490.13362001419, 37779.819660015106, 40069.50570001602, 42359.19174001693, 44648.87778001785, 46938.56382001877, 49228.249860019685, 51517.935900020595, 53807.62194002151, 56097.30798002243]
fps.e0:[10849.612781746819, 10858.702093814054, 10856.074056649748, 10848.208343695062, 10856.229378884289, 10856.637240251403, 10853.658636065627, 10847.408710534462, 10857.53791921468, 10857.34696944074, 10864.107957387658, 10870.256893157111, 10859.932862789401, 10864.852081367511, 10859.27698490248, 10868.05565160096, 10861.79831930366, 10857.845423896748, 10862.262383535746, 10858.201905248538, 10862.52013008082, 10858.907652981603, 10844.31868480526, 10848.710727812628, 10848.584147139363]
fps.e0u:[8.456960652931485, 8.430225243080788, 8.48069047802246, 8.467870356903772, 8.463020568870837, 8.446556416157385, 8.443670747461704, 8.453864242769345, 8.42803040754873, 8.47090532226706, 8.408763948013684, 8.500868823798607, 8.381861280980834, 8.425133836018775, 8.444017478599333, 8.488692100499328, 8.50083567146451, 8.447296561143059, 8.589076178602756, 8.447923307196389, 8.458632972864358, 8.431532617645116, 8.451222287940162, 8.495701905516892, 8.499546120718454]
fps.lt:[8161.935555165999, 7970.29075753472, 8084.460205486149, 8153.065806587593, 8047.64659461438, 7937.992354121355, 8175.643262734191, 8252.65386105761, 8049.999124204647, 8039.202232450282, 7853.238412298659, 7844.165716658095, 8062.285953205592, 7854.562068287719, 8052.440551114252, 7878.693669936543, 7984.638608902846, 7942.818638820598, 7988.497013029567, 8127.878845880241, 7987.140097597197, 8163.751182340554, 8349.105185300565, 8271.368020372247, 8314.979192543069]
fps.ltu:[154.89335527370767, 148.03493748194, 152.71637697519128, 155.67476344554402, 150.9007010244352, 147.128422599273, 155.5070883739487, 158.7620741093429, 150.74963978782236, 150.5568660489785, 143.73678448292821, 143.941476596083, 150.54810414404517, 144.38182839425536, 151.45407880682075, 145.41018765778372, 149.25224351063218, 147.20066085705554, 151.1806095814299, 153.53429544098597, 148.9750559580686, 155.32896820390965, 161.93769735429643, 160.2647045010179, 161.90548377263408]
fps.c2:[2.4176700095873787, 2.2519792133312433, 2.6109342722470554, 2.4288961949511614, 3.545515019932051, 2.92594530793859, 2.875203172281434, 2.382570946720667, 1.8143634787364091, 3.4264338757708184, 2.3489531350863184, 3.7294507272180786, 3.284505302778672, 3.443916163674573, 2.291860611605191, 3.0721593756835506, 1.6644805975694281, 2.297852343485192, 2.9334585953406065, 1.9254208663208427, 2.937758816916253, 2.939709017910942, 1.8477804530274367, 1.7544415777838422, 3.0367353321161112]
FC:[[3.7955977108068812, 3.82665760220447, 3.849813598133572, 3.8837603561316, 3.9245468707031477, 3.9609721027566858], [3.846202483919684, 3.87163891056446, 3.9042951477347247, 3.9428993958023164, 3.984765754214912, 4.0234548174923885], [3.982837478273151, 4.008646575941436, 4.046824871436514, 4.085012709888734, 4.1266223533505615, 4.166232245067622]]
FCE:[[0.020415855588399697, 0.012147857079839628, 0.0077929295628288145, 0.005809018740152545, 0.004925830102214489, 0.004349632946933869], [0.01607112499078841, 0.009204515684557593, 0.005765793265788894, 0.004525846189050334, 0.0038445807062472467, 0.0034074785587610125], [0.013555483913028897, 0.007658535009403296, 0.0048972577614799255, 0.003854384342297164, 0.0032804334389561264, 0.002915491547199355]]
