Ri:[100, 130, 160]
Zi:[50, 100, 200, 300, 400, 500]
fps.ts:[1588.4924599981307, 4765.477379994392, 7942.462299990653, 11119.447219986916, 14296.432139983175, 17473.417059979438, 20650.4019799757, 23827.38689997196, 27004.371819968223, 30181.35673996448, 33358.341659960744, 36535.32657995701, 39712.31149995327, 42889.29641994953, 46066.28133994579, 49243.26625994205, 52420.251179938314, 55597.23609993458, 58774.22101993083, 61951.205939927095, 65128.19085992336, 68305.17577991962, 71482.16069991588, 74659.14561991215, 77836.13053990841]
fps.e0:[10912.492004343916, 10913.130359752557, 10896.381019532575, 10916.981499948313, 10916.145915314832, 10884.383342449288, 10895.930206069967, 10893.605390740506, 10892.116251832025, 10924.288031198486, 10892.872196567887, 10917.04905811713, 10911.245869842514, 10910.240551944471, 10923.927111018016, 10923.115418482568, 10901.11165887929, 10888.639799684564, 10932.19353525613, 10897.261097616813, 10887.385458190953, 10877.696268634161, 10904.989469221995, 10898.60109353231, 10891.316489076053]
fps.e0u:[14.299572330394117, 14.192657171823052, 14.236768023259039, 14.28023601475048, 14.371486374947372, 14.50681203044567, 14.207418607254903, 14.227886307096869, 14.216547534432515, 14.318975370571238, 14.118366037325004, 13.979524653246031, 14.53121924659945, 14.242753104773502, 14.263221531302593, 14.288936120251677, 14.329002931878192, 14.351547683672846, 14.323637636124985, 14.40226609616853, 14.350153292869447, 14.233068910955776, 14.3039763540337, 14.227280143482865, 14.317532645257922]
fps.lt:[11978.465178459543, 12333.836924248113, 12757.408793699089, 11798.506475099977, 11679.90462941178, 13013.065578824177, 12945.108661890948, 12738.801000426014, 13029.469643286393, 11638.472653271027, 12860.540354239629, 11721.950907101203, 11575.957751809072, 12220.33484563326, 11926.925788426444, 11827.130900395701, 12138.477997002847, 13180.233736736609, 11063.439704746179, 12098.439953820633, 13284.221767806674, 13757.4187059358, 12314.364698688849, 12689.886801699546, 12896.205602612481]
fps.ltu:[565.6330492101529, 595.1433989616594, 638.876120041654, 549.465884952214, 542.8571675267773, 672.7720426275289, 655.8969103863507, 637.4580617164273, 664.3679356653361, 537.558598154476, 647.8033251050954, 533.0293629677952, 540.3145437624919, 588.1843315351923, 563.9658123821464, 554.9677306122695, 585.853144261124, 688.2734250879893, 485.2179285806823, 581.0303515231565, 695.4270772453857, 741.2878569029926, 598.6619139961538, 633.2930605866655, 658.0883644878694]
fps.c2:[1.6681229026707114, 0.9394899422468261, 1.330443723003266, 2.057891903402393, 0.6819255865814479, 1.2675455617926046, 0.7506663006018207, 0.8421840183029888, 1.2236044043800667, 1.77974960454077, 1.21117360684724, 1.668293371409668, 1.2895892181803568, 1.7284921877969373, 1.5412360537240901, 1.0448624509145716, 1.0969175558210846, 1.174285573588858, 0.47743285619535464, 1.9599414725470923, 0.9454293570811001, 0.6339105526921386, 1.9977559075367752, 2.0222987682227633, 1.0396813298398724]
FC:[[3.799220860894333, 3.8694319269345554, 3.892733442955278, 3.9097243477306867, 3.9379395567373026, 3.9672208963647826], [3.8521995748794957, 3.9049941286277017, 3.9387146517383105, 3.952462100305737, 3.978665840611991, 4.009357988656585], [3.972104453222301, 4.029707126829027, 4.066617833164296, 4.092627423154739, 4.118840442672476, 4.148943427480362]]
FCE:[[0.03144992481266917, 0.01983117715820323, 0.013051464451123033, 0.010290196827240958, 0.008771892998794986, 0.007733832074491245], [0.024330737576100034, 0.015297302323649488, 0.010122275718137662, 0.00796041086403993, 0.006786238878007718, 0.006007314029590734], [0.02072044916803391, 0.013014086418825926, 0.008414024644718335, 0.0065155025763422615, 0.00555120402666909, 0.004916468406750884]]
