Ri:[100, 130, 160]
Zi:[50, 100, 200, 300, 400, 500]
fps.ts:[1757.1347800016404, 5271.404340004921, 8785.673900008202, 12299.943460011484, 15814.213020014762, 19328.482580018044, 22842.752140021323, 26357.021700024605, 29871.291260027887, 33385.56082003117, 36899.830380034444, 40414.09994003773, 43928.36950004101, 47442.63906004429, 50956.90862004757, 54471.17818005085, 57985.44774005414, 61499.71730005741, 65013.9868600607, 68528.25642006398, 72042.52598006726, 75556.79554007054, 79071.06510007381, 82585.33466007709, 86099.60422008038]
fps.e0:[11234.180951262153, 11254.296760396346, 11255.547847917325, 11264.321918846752, 11261.772211736405, 11257.366696015008, 11262.718587173333, 11234.564712652385, 11258.19828992665, 11260.057502365125, 11255.591424204109, 11266.687829034609, 11244.185078185332, 11253.199318666397, 11270.51169827425, 11268.233942379411, 11257.626436007737, 11252.90012291583, 11261.372175084205, 11250.09124528846, 11247.074860529596, 11257.392967043106, 11247.953833541913, 11258.05157253468, 11263.376251111436]
fps.e0u:[11.327764671439171, 11.320179826533, 11.37355585880492, 11.33925992191749, 11.367499054814422, 11.402863889377354, 11.388073064055861, 11.494053494324003, 11.411129752952846, 11.347225696976222, 11.501700597081198, 11.312578806659007, 11.515143581938027, 11.462352273813876, 11.355540127177672, 11.451047378978663, 11.482422510817948, 11.469454428448676, 11.275515170212422, 11.423003033071188, 11.428376380967244, 11.405576128702256, 11.32626753322836, 11.343508039874305, 11.515598055076673]
fps.lt:[3885.9139189759953, 3829.483030420447, 3814.042583659554, 3786.6549955346095, 3743.1084103432563, 3775.736879952376, 3732.8752799985423, 3860.637945531516, 3794.712083898794, 3773.2612625248535, 3816.6000713665644, 3766.551586607066, 3803.052353617142, 3816.8844759330286, 3721.5494120683566, 3769.4965043679344, 3789.3823013854567, 3842.7889952847704, 3740.508666015699, 3852.7282803652865, 3821.6452857529557, 3821.43122279974, 3851.291949564387, 3786.8692347672513, 3754.415558675208]
fps.ltu:[48.1073229631971, 47.206411112065965, 46.56211727791722, 45.86112917160575, 45.017243036630695, 45.82067482280681, 44.76217051907842, 48.39322741137145, 46.30786529660684, 45.64214270256849, 47.0301643729078, 45.23103694055357, 46.882650879820055, 47.298195254665686, 44.33261785066554, 45.759310578197756, 46.32151965363934, 47.73836916362367, 44.510332403913225, 47.71827849581575, 46.97806870584655, 46.82379024397578, 47.38608491181076, 45.86585170253656, 45.63817030802934]
fps.c2:[1.3755037970772435, 1.955161428985119, 1.263847453117888, 1.405244662224073, 3.617373255802548, 1.3200854599360505, 0.7709108188249133, 0.9910476952128244, 1.880482103041651, 2.270328094761172, 2.8824031828594245, 1.0977572783786085, 1.8711740812972257, 1.6763778796292768, 0.9997069894501356, 2.208654787423892, 2.2462042969562215, 1.5897877925693513, 2.4848685299244306, 0.9352294256632643, 1.8042970168934207, 1.5087221680454432, 1.12262876614684, 1.0940660197327627, 1.5400549488088955]
FC:[[3.6022791566571817, 3.6795996123096355, 3.7833784850784955, 3.8680052726450502, 3.945179700391321, 4.022054009382339], [3.684724426133772, 3.7317846368674883, 3.8219160409131008, 3.9046305545715807, 3.9783120628259376, 4.054858911157379], [3.795690581440236, 3.833599249317607, 3.9131641743206207, 3.996565261749946, 4.080349694977438, 4.150410547951881]]
FCE:[[0.027450435348795623, 0.014307296414573935, 0.009014202461206435, 0.007395556446498261, 0.00654370898430412, 0.005867635171910566], [0.021834463979694217, 0.011166026754733183, 0.006970134916922213, 0.005724986090049482, 0.005064105721333541, 0.004543000311655847], [0.01847966580963625, 0.009239300806706364, 0.005840124456267297, 0.004798979910820346, 0.004168749863406751, 0.0038209694374361875]]
