Ri:[100, 130, 160]
Zi:[50, 100, 200, 300, 400, 500]
fps.ts:[1724.7451199960708, 5174.235359988213, 8623.725599980355, 12073.215839972496, 15522.706079964639, 18972.19631995678, 22421.68655994892, 25871.176799941062, 29320.667039933203, 32770.15727992535, 36219.64751991749, 39669.13775990963, 43118.62799990177, 46568.11823989391, 50017.608479886054, 53467.098719878195, 56916.588959870336, 60366.07919986248, 63815.56943985462, 67265.05967984677, 70714.5499198389, 74164.04015983106, 77613.53039982318, 81063.02063981534, 84512.51087980747]
fps.e0:[11033.204905248887, 11014.086472895224, 11029.748595990157, 11039.506092244275, 11057.108327919928, 11024.452801891535, 11023.767108878861, 11013.567530904313, 11037.656302275185, 11030.779800658314, 11040.061150430432, 11059.768986328409, 11036.601177185994, 11037.342553116874, 11035.716394417645, 11017.023909932495, 11043.586411000419, 10987.544925631248, 11024.584043032803, 11089.055077158717, 11011.443392836449, 11035.94841717152, 11059.312509518344, 11064.232510556358, 11006.36330620201]
fps.e0u:[27.423981621361236, 27.55150491984233, 27.394481456985805, 27.437257812486898, 27.132101491655245, 27.424458972262986, 27.084889900252147, 27.9572469639222, 27.468910269067624, 27.301852044687102, 27.30327541056957, 27.865166796930147, 27.783320992964953, 27.27091973392413, 27.75501234981733, 28.05728026084997, 27.653531780837103, 28.147148374079404, 27.67662085937289, 27.242324450243004, 26.403924344468773, 27.484849259397944, 27.92986220354207, 27.41250147048875, 28.21345272258929]
fps.lt:[13954.475872462079, 14776.575328362513, 13582.282668745236, 13737.130818544072, 14099.757073232005, 14183.447897471262, 14979.97165588074, 15310.488118981077, 12140.516964890563, 13331.177106984345, 14450.763593680598, 13222.820597128362, 14816.847536329577, 13644.243950866367, 14559.073528262836, 14519.327969466523, 14211.35573861241, 18305.69016006198, 15090.555191455587, 11842.814481652085, 16882.865394442164, 12659.980768901514, 13139.37001072695, 12930.073360079816, 16196.679159565623]
fps.ltu:[1473.532083081803, 1649.8111595242, 1380.2988226090606, 1422.0914330351432, 1472.700552495411, 1503.8415135021598, 1667.9288988871483, 1797.1148202239865, 1122.5099569871397, 1335.3073211666592, 1580.0397864226188, 1343.627387149662, 1667.1887304090833, 1402.2048384150023, 1610.3151623440688, 1618.6027588211703, 1522.1501529489021, 2555.3291744570406, 1729.88000131283, 1050.7425550937774, 2074.3985062216184, 1203.562678225909, 1310.3740551226458, 1251.8690172617812, 2038.2293744667081]
fps.c2:[1.5483937678238784, 0.7128857054281885, 0.6625198905914876, 1.579094123984298, 2.2243598958774546, 1.3532315285091379, 1.4665394722650722, 0.674393490297127, 0.7561649209359546, 1.580880435210776, 0.5467298133932453, 1.0268669532592063, 0.8925246395674792, 1.1280776684920464, 2.1221958654948065, 0.7709650316167479, 0.8338104950496632, 1.1868572045276362, 0.7617269365105996, 0.9094703234739234, 0.860879253163303, 1.449225808171574, 1.2218741598571332, 1.095290186263153, 0.6841249991053654]
FC:[[4.028601395378412, 4.071163455987961, 4.13123010810704, 4.192782429917042, 4.196099251625686, 4.201667081575251], [4.328945688300629, 4.386672344369186, 4.443786560924789, 4.511940266580134, 4.5159159279580265, 4.530537784707682], [4.663119305456672, 4.757657310347194, 4.859406126042453, 4.9458496422116065, 4.948501235824338, 4.973055452818594]]
FCE:[[0.07654322350511034, 0.04856600994833828, 0.03303979690615593, 0.02659828036133008, 0.022377351603103713, 0.019607686310427915], [0.06129265112936212, 0.03863670460569528, 0.02588544394303913, 0.020681708637914235, 0.01740421864306783, 0.015279622182397886], [0.05396871441691896, 0.03436216724812821, 0.023098379035151943, 0.018476153396086575, 0.015594657870144892, 0.013756733729568014]]
