Ri:[50, 100, 150, 200]
Zi:[100, 200, 300, 400, 510]
FC:[[4.0847606721499075, 4.047401811800657, 4.07129045001888, 4.091913846219469, 4.097198430728107], [4.011821218835993, 4.025226390119461, 4.0420827076552985, 4.067452130280319, 4.089113581673229], [4.128695460807857, 4.1527380656244945, 4.173281844869846, 4.201331024109546, 4.229954853974453], [4.733913909734368, 4.78545769637132, 4.822565632095491, 4.851840191642722, 4.879805896701789]]
FCE:[[0.04362558251563579, 0.02842376762967428, 0.023115670545095682, 0.02000176957329501, 0.01750020555175239], [0.02080095513419199, 0.014027981404290544, 0.011325436936020646, 0.00978669672604911, 0.00863646189752732], [0.014546347493515924, 0.009795089379427255, 0.00789784354729032, 0.006823073969587639, 0.006034103270686627], [0.013301538865090628, 0.008874139053741981, 0.007182113129771951, 0.00619657122096941, 0.005480093866421596]]
fps.ts:[1605971794.5462, 1605975398.4826002, 1605979002.4190001, 1605982606.3554, 1605986210.2918, 1605989814.2282, 1605993418.1646001, 1605997022.101, 1606000626.0374002, 1606004229.9738002, 1606007833.9102, 1606011437.8466, 1606015041.783, 1606018645.7194002, 1606022249.6558, 1606025853.5922, 1606029457.5286002, 1606033061.4650002, 1606036665.4014, 1606040269.3378, 1606043873.2742002, 1606047477.2106001, 1606051081.147, 1606054685.0834002, 1606058289.0198002]
fps.e0:[9982.13545272212, 9968.024358287299, 9959.157136699352, 9940.823284173795, 9927.988127584715, 9953.095891487641, 9971.173362769881, 9967.622473402493, 10009.568869880095, 9929.888201059359, 9971.695721083319, 9954.577276793003, 9937.23780463064, 9980.972775611308, 9983.004308860198, 9966.028856685427, 9950.908830457442, 9974.765410278265, 9952.873698431555, 9952.940736978557, 9949.280661931705, 9944.501726120676, 9947.219239196864, 9955.329644393514, 9945.233432293662]
fps.e0u:[18.22823622032211, 17.994760912975423, 18.00488304207111, 18.099974773230315, 18.16811706934955, 18.216000276479033, 17.932073364754366, 18.149808681361186, 18.17936303071825, 18.227930289022442, 18.13061785955523, 18.344956046891415, 18.16583380350703, 18.228862568549577, 18.09141466843169, 18.284827668248884, 18.12938821013715, 18.41378926332117, 18.11947577156388, 18.174960735183756, 18.230507109765764, 18.255605899836382, 18.080883389277215, 18.020743463173766, 18.52561992386259]
fps.lt:[15537.798967155033, 15405.241044154707, 16248.115178723183, 19029.75987006573, 18936.91526782704, 16512.94300510772, 15720.631274468036, 14655.502505498413, 13487.76870971129, 19413.97969291339, 15327.973057897776, 16691.318982088145, 18565.62435863914, 13645.483071656265, 14582.617357252435, 16602.784369840043, 16025.197681259726, 15343.971584877478, 16046.140605310431, 16123.140394439191, 17559.12084163872, 17562.27061914337, 17547.357431964443, 17146.358012018223, 16196.865496431301]
fps.ltu:[1315.9641854871538, 1286.0834601463762, 1427.3747648168458, 1981.8645726361685, 1979.1765138384212, 1493.4156920797982, 1335.5207675313302, 1175.0265123263773, 995.1326941501106, 2069.8879439788643, 1280.9818845716177, 1543.4682568847036, 1901.9715949157826, 1028.6222784160661, 1165.3822664697584, 1520.1229300177165, 1405.8134807398776, 1303.990353940982, 1410.4437127509213, 1425.739041233127, 1705.217507557216, 1691.4948394796786, 1683.6419790159775, 1598.3555925457774, 1465.4090605045112]
fps.c2:[0.6033566611799069, 0.6305118466710538, 1.9992121752658254, 1.5988837448980688, 1.3516518548578345, 1.1019041836768881, 1.2023944877575259, 1.2660519513316186, 1.0106826512345313, 0.782706102100417, 1.0618884205237535, 0.3518907959679688, 1.1304057886137875, 1.7340550912046313, 1.0226036095952808, 1.313729851308633, 0.7506450988846461, 0.6396615199270724, 1.0589546758772783, 1.0575055952639623, 1.1784641541824383, 0.7918659774127115, 1.1189948240882577, 1.704958187896107, 1.6610838623764428]
