Ri:[100, 130, 160]
Zi:[50, 100, 200, 300, 400, 500]
fps.ts:[1808.7060600042344, 5426.118180012703, 9043.530300021172, 12660.942420029642, 16278.354540038108, 19895.76666004658, 23513.178780055045, 27130.590900063515, 30748.003020071985, 34365.415140080455, 37982.82726008892, 41600.239380097395, 45217.65150010586, 48835.06362011433, 52452.4757401228, 56069.88786013126, 59687.29998013974, 63304.7121001482, 66922.12422015668, 70539.53634016514, 74156.94846017362, 77774.36058018208, 81391.77270019054, 85009.184820199, 88626.59694020748]
fps.e0:[10908.597214711059, 10891.993156369484, 10895.943573807692, 10879.675014231672, 10897.474169323112, 10901.18746171409, 10931.85295013667, 10888.119582543788, 10893.358493426435, 10877.895457754737, 10914.719402973948, 10894.18363470312, 10921.922201528314, 10882.454077320863, 10891.355005355717, 10885.564753960303, 10889.596497834285, 10906.991276923261, 10894.453192603434, 10891.753446138333, 10899.488062694978, 10879.34866522572, 10874.955130184188, 10909.630881914092, 10900.819106645378]
fps.e0u:[14.11149457814603, 13.53175041102331, 13.427958794191163, 13.455033552771162, 13.303387467345406, 13.279799638115335, 13.340070324860314, 13.334581642784324, 13.186944216165097, 13.440445631533414, 13.647325426846246, 13.395961258799414, 13.523544843841687, 13.372086596442639, 13.453927138577562, 13.43827182710758, 13.470028264898822, 13.30574034659474, 13.319500211707084, 13.478859911600495, 13.396829676230894, 13.291602217316264, 13.640104286465583, 13.238436088345045, 13.397991300114052]
fps.lt:[11976.92419010559, 12583.977653061098, 12859.088277464632, 13137.42240744839, 12605.571051341998, 12620.116908218728, 11441.859305439384, 13132.046648920694, 12875.414652215615, 13564.53859396416, 11526.23571566682, 13265.73836355425, 11600.148954112772, 13596.712093310229, 12884.526419480486, 12890.135884068208, 13017.126564103239, 12604.867321720096, 13121.611150269318, 12766.086917297374, 12464.01340316334, 13599.60144630421, 12907.993120393005, 11954.545945248867, 12341.976069838385]
fps.ltu:[557.8319627610001, 597.3569404886708, 611.59639086064, 642.2160045545388, 582.3976655922528, 583.6644313102223, 482.5445039179166, 634.7455975601112, 608.7735699132528, 684.7700888437812, 497.72431388104604, 647.9333269993562, 502.41271005133217, 679.7369086169072, 612.297080936039, 614.0633666132284, 629.0855640553038, 583.0678667208613, 628.6482725444587, 604.8047262412592, 574.9251765778753, 675.3003650927045, 628.004073358027, 520.1538532698564, 563.280833429889]
fps.c2:[2.033120857552502, 1.1443286805035409, 0.8403318524700094, 3.2870756427686683, 1.1981927556154428, 1.6592364625357523, 2.091972652933953, 0.9250160567797653, 0.9051707472240267, 1.713598398303574, 1.5653433192195862, 2.236154673108678, 1.0783184804115138, 1.834126847115332, 1.354569065827505, 0.9869443782393394, 1.086855209584035, 2.129922002666841, 1.1638453170863898, 1.0087958101679495, 1.171236873721757, 1.803404196180769, 1.0777652910566415, 1.7182962678621043, 1.9687471262175964]
FC:[[3.8371003551619105, 3.8768217568191394, 3.8855434745024917, 3.900075648922475, 3.930022989271659, 3.9627541448672807], [3.8818150207192264, 3.9175230255396754, 3.924437909317175, 3.9452090376179316, 3.9739400016886437, 4.006071965893025], [4.0034428689908825, 4.051283565757875, 4.056360726374812, 4.0786218761172695, 4.109852488415019, 4.140143380942235]]
FCE:[[0.029692022900789906, 0.018751328339046667, 0.012304198076648192, 0.009684048215969108, 0.008230673214108987, 0.007279718405797778], [0.02343062385704597, 0.014577204478380616, 0.009498976286948234, 0.007507131557447235, 0.006394210688144496, 0.00566607482048425], [0.019998632387631714, 0.012117261598399254, 0.007888587648066814, 0.006251066092319451, 0.005201621026608754, 0.004607956900778786]]
