Ri:[50, 100, 150, 200]
Zi:[100, 200, 300, 400, 510]
FC:[[4.063232882382345, 4.071701661470135, 4.03962364219863, 4.051762104014744, 4.086096426896409], [4.053751648462955, 4.086921662255538, 4.08225639362301, 4.0998952892695595, 4.117280283715084], [4.171520183594076, 4.2034343095606115, 4.214744977026585, 4.24084146233312, 4.266301714270894], [4.78935570267252, 4.824871510164758, 4.861344201380096, 4.8933685821524575, 4.916978454170113]]
FCE:[[0.04668802840687859, 0.03194986136870008, 0.025360536444210706, 0.02194535444901026, 0.019565668960365146], [0.02387251054298965, 0.016309652030933527, 0.013074030150890443, 0.011271461610237189, 0.009922155841722813], [0.01669342437300528, 0.011351725970148448, 0.009115719718497986, 0.007868126202976533, 0.0069645456017959975], [0.014919838602806941, 0.01013980445413381, 0.008213409042125574, 0.007100366378651171, 0.006277637403516412]]
fps.ts:[1618843121.3537402, 1618846573.34522, 1618850025.3367, 1618853477.32818, 1618856929.3196602, 1618860381.31114, 1618863833.30262, 1618867285.2941, 1618870737.2855802, 1618874189.27706, 1618877641.2685401, 1618881093.2600203, 1618884545.2515001, 1618887997.24298, 1618891449.23446, 1618894901.2259402, 1618898353.21742, 1618901805.2089002, 1618905257.2003803, 1618908709.1918602, 1618912161.18334, 1618915613.1748202, 1618919065.1663003, 1618922517.1577802, 1618925969.14926]
fps.e0:[10709.274894354801, 10703.066567544927, 10735.131367615875, 10747.428640691416, 10724.11775182227, 10701.704895368439, 10712.83060751097, 10704.01598815093, 10704.89172213129, 10717.834231768484, 10683.425370615074, 10716.486888132004, 10693.995794433646, 10732.395972294855, 10696.788824291893, 10731.939125046703, 10709.163808956557, 10720.135413259035, 10729.915245509059, 10699.266523871709, 10712.742392581114, 10705.253331275204, 10686.865075112468, 10729.781916233995, 10712.686156246657]
fps.e0u:[21.535718940518045, 21.5428045737854, 21.52071138337583, 22.07234838844955, 23.426287823867955, 21.82998840821413, 22.164845968770546, 21.63980558454345, 21.927504924918257, 21.7373812262778, 21.848234123062756, 21.997916787197173, 21.88259294481654, 21.708041050198428, 21.998448719903593, 22.07235959460668, 21.34610474323774, 21.57518977193763, 21.868182820384323, 21.867812466450488, 21.88503884933753, 22.895186416723227, 21.846029154847837, 21.824945162853084, 22.500761482524474]
fps.lt:[17750.55656310035, 18382.463680452638, 16824.470581757232, 16456.84484583985, 17522.695143912464, 19020.68600519913, 18958.22866113341, 18872.52902717005, 18147.24749061943, 18141.61398562769, 21863.329578755318, 18278.00024071187, 20798.659067468074, 16989.14372209073, 18865.32083049678, 17901.825011342866, 20753.517881206608, 20110.71686903178, 16725.638012078914, 19328.649840404996, 20927.277979229624, 19961.393019354906, 20500.694626174667, 17239.96476538469, 17782.208961388777]
fps.ltu:[1924.5577271145442, 2042.719783701938, 1711.8480897631791, 1659.463970285556, 2012.9058546270476, 2228.760503439071, 2231.628449710974, 2179.0860452187653, 2020.076384045547, 2015.273855906934, 2939.3316675254637, 2052.485174075322, 2648.0927587509454, 1767.9137842044265, 2200.422232804471, 1978.7514764359557, 2584.384438113909, 2470.474137618932, 1719.3647341034857, 2295.976643893143, 2673.9018697668057, 2555.8960467846846, 2574.4274403758277, 1824.2667250211916, 1981.390119151883]
fps.c2:[0.5566769100893076, 0.9695232159207362, 1.1435813365404814, 0.9834928309656656, 1.5951666738993222, 1.3721316568247863, 0.8537222977092334, 2.3273087848919833, 0.26839451919404833, 1.1302424421318549, 1.432826591604327, 1.0056714430192206, 1.4589956620544107, 1.659201316357821, 0.49955734108520294, 1.3093746430017734, 1.4653709447948664, 1.5279576932928198, 1.2230464822893803, 1.1494002882672143, 0.5823033520460597, 1.1711105113016527, 0.9783216155024335, 1.4526026243320846, 1.3285285455880769]
