Ri:[100, 130, 160]
Zi:[50, 100, 200, 300, 400, 500]
fps.ts:[1751.423780002594, 5254.271340007782, 8757.11890001297, 12259.966460018157, 15762.814020023347, 19265.661580028536, 22768.50914003372, 26271.35670003891, 29774.2042600441, 33277.05182004929, 36779.89938005447, 40282.74694005966, 43785.59450006485, 47288.44206007004, 50791.28962007522, 54294.13718008041, 57796.9847400856, 61299.83230009079, 64802.67986009598, 68305.52742010116, 71808.37498010635, 75311.22254011154, 78814.07010011672, 82316.91766012192, 85819.7652201271]
fps.e0:[10873.940605221382, 10873.023214284098, 10890.87530113754, 10898.606775301814, 10909.401369290346, 10902.299349452414, 10881.091045769572, 10890.97388252973, 10894.75604581809, 10904.43498453805, 10891.343631657486, 10884.849369340582, 10912.740310937299, 10879.577258804471, 10898.295273829532, 10908.96691328, 10903.94627068395, 10905.880073165727, 10880.892141187418, 10910.12016521474, 10918.21675732226, 10891.896037844497, 10918.842463814268, 10911.845215048059, 10909.212562262963]
fps.e0u:[11.28718590782435, 11.392008079693465, 11.511494456621294, 11.407582901418563, 11.515737659484955, 11.426697461853266, 11.454733610742892, 11.336185640633515, 11.345171365731035, 11.336795982959355, 11.58835515949974, 11.51067730955531, 11.469187246729163, 11.486467048845519, 11.408032600729634, 11.488682135949299, 11.393768188559049, 11.446812678963962, 11.483099133122305, 11.359658516834198, 11.45546738118638, 11.544320606069196, 11.484174637868861, 11.504983338169257, 11.525287678769677]
fps.lt:[6407.717581927959, 6268.7264981561075, 6145.87353624448, 6084.647892403033, 6004.808734324691, 6007.98002724393, 6236.79018821866, 6164.07231779151, 6082.071411069096, 6097.292468431672, 6235.445259840816, 6254.44529681769, 5993.923251814535, 6269.884448856323, 6197.823697222537, 6082.358235694111, 6138.927224822839, 6076.930953691372, 6262.922911118982, 6134.678241182913, 6039.160033814798, 6267.974314459591, 6132.766083202488, 6086.567787248728, 6104.461490502354]
fps.ltu:[127.22624113723165, 122.88223642940534, 119.25038997677126, 115.40234580807443, 113.41018429598402, 113.19785009660268, 122.30389516654046, 117.95953281007868, 115.24215402535111, 115.90438613213453, 123.73165415843594, 123.17656519885914, 112.69051215961872, 123.87606959606933, 119.32673260046919, 116.48498592835745, 117.84234794198827, 115.83920484631152, 123.42496784710404, 116.52466964098235, 114.40641661492836, 124.11826970055161, 118.10407255245364, 117.02168960838164, 117.12896448844025]
fps.c2:[1.8943774892849095, 2.0760925164012565, 2.635790033408143, 1.0876774232632855, 1.2219241379806156, 2.305320660075317, 2.099185480974352, 1.4319545441348596, 2.0124022612018235, 1.5095953305225007, 1.8053811223859144, 1.2031321401631017, 2.9913586475392937, 1.8379309958032988, 2.3424649816769074, 2.2172118177272186, 1.7682174965868667, 1.463093302306743, 0.9985916299726365, 2.2196844283207544, 0.8950891300366107, 2.0696356788958066, 1.9878431056845456, 1.8645356348011122, 1.8586710079594986]
FC:[[3.851292545547703, 3.8464404423734475, 3.8821995235789832, 3.9267923414367636, 3.9706363804621865, 4.02102427189667], [3.897711088446025, 3.8920934064348445, 3.9270861025816672, 3.9753439870900102, 4.024265804390479, 4.070354481089185], [4.011105835017791, 4.00341425807369, 4.0517209659816, 4.10307481782867, 4.149154782831586, 4.1965162347762615]]
FCE:[[0.030119430663523083, 0.016596526436844908, 0.010178292852293973, 0.007895104984439074, 0.006709114994258719, 0.0058448032933823444], [0.023828874119336513, 0.013005753881902324, 0.00792587257652728, 0.006169356950011954, 0.005130729801591832, 0.004564998190625642], [0.02038341197339193, 0.010729533648768337, 0.006562191891244361, 0.005016898137851335, 0.0042634689668674544, 0.003793942881501524]]
