Ri:[100, 130, 160]
Zi:[50, 100, 200, 300, 400, 500]
fps.ts:[1715.1736600017548, 5145.520980005264, 8575.868300008773, 12006.215620012284, 15436.562940015792, 18866.9102600193, 22297.257580022815, 25727.604900026323, 29157.95222002983, 32588.29954003334, 36018.64686003685, 39448.99418004036, 42879.34150004387, 46309.68882004738, 49740.03614005089, 53170.3834600544, 56600.73078005791, 60031.078100061415, 63461.42542006493, 66891.77274006844, 70322.12006007195, 73752.46738007545, 77182.81470007898, 80613.16202008247, 84043.50934008599]
fps.e0:[10776.880190852162, 10799.781517637683, 10727.075514585322, 10732.86012673433, 10718.922627937867, 10716.757774379977, 10690.233838856906, 10692.851536545544, 10704.040618778752, 10685.619603662288, 10732.199064856508, 10721.311848964018, 10738.83178817294, 10734.970213399647, 10750.094618346773, 10764.797027116425, 10803.91626412287, 10778.461432662554, 10801.201030320131, 10793.945899610033, 10780.173517701878, 10796.965291546472, 10794.050257063143, 10785.94891733826, 10782.284727474605]
fps.e0u:[12.34068339708987, 12.186472851638362, 12.260273293162923, 12.379149714194414, 12.255914760422938, 12.433883093067493, 12.353029826608598, 12.495000191272185, 12.425908749561295, 12.431466445718014, 12.46779180055604, 12.335278211608165, 12.24921276103236, 12.380448405848437, 12.264315737820493, 12.229781233347774, 12.162750008125759, 12.485072544311851, 12.176916136872032, 12.263346853744608, 12.326988694901015, 12.187206867575332, 12.368806568838613, 12.32173271060501, 12.425219400737237]
fps.lt:[4145.045209792783, 4053.557883391181, 4457.612341100891, 4409.482122937005, 4452.607667867152, 4605.830442603709, 4696.5052753299, 4630.578501439787, 4441.107116489541, 4493.772255887467, 4283.1549324628895, 4354.868758264567, 4198.50651960478, 4182.536095333764, 4112.935143638242, 4025.332812183569, 3926.3235084756498, 4029.6787597214425, 3955.602847779364, 3993.874505263687, 3969.817081073189, 3920.793006684605, 3897.3531443262173, 3923.362832683257, 3951.1808332102764]
fps.ltu:[61.13115874384603, 57.75114941436659, 69.84701271475343, 69.77804504235034, 71.35581171495646, 76.984561313733, 79.80584813322922, 77.95969407662832, 71.19883350259614, 73.88728168503724, 66.32499180201937, 67.8199328717656, 62.6509196572812, 63.0409218485936, 59.96092903270771, 57.39515489777273, 54.361255367254785, 58.23713627872435, 54.94624194328595, 56.84618699229734, 56.01224305279379, 54.35600536485365, 54.23228133186114, 54.67115026283416, 56.15032418835178]
fps.c2:[1.2676379049483542, 1.4229943345299523, 1.3956279422775104, 1.1507200209394521, 2.36540812346888, 2.6783785732207233, 1.922120068503556, 1.589961110984641, 2.4071001974489663, 2.0555597248750717, 1.8286551681026906, 1.8505390256718424, 2.4305314159168203, 1.9075757765093757, 1.18067135026561, 1.1796457134941405, 3.638126372413186, 2.2702593350710107, 1.350811534209665, 0.8933580767387367, 1.678122999401367, 2.0806812772579084, 1.9428709595945928, 1.3394367387199324, 0.9638780285497226]
FC:[[3.7746776867238427, 3.7497277211883873, 3.8466513905433932, 3.934077753542642, 4.027417266779418, 4.112245900284928], [3.806570535964219, 3.7898993400351926, 3.8861743562337523, 3.9698228971042173, 4.067989001925081, 4.157218713071386], [3.9023541129061283, 3.8859389044660007, 3.985790104597125, 4.071496352519154, 4.164294606958626, 4.267877998473553]]
FCE:[[0.035601866297896086, 0.017008343158494123, 0.010409957982032913, 0.008440119522548365, 0.00735726144730414, 0.006755283480212972], [0.02761747812452692, 0.013187678286774689, 0.008032612362895847, 0.006515230410368951, 0.005680581718942049, 0.005228945834595687], [0.023489136402203556, 0.010899737870362374, 0.0066494550015223156, 0.005383645234190791, 0.004761147080193656, 0.004341162271654209]]
