Ri:[100, 130, 160]
Zi:[50, 100, 200, 300, 400, 500]
fps.ts:[444.66040000438693, 1333.9812000131608, 2223.302000021935, 3112.6228000307083, 4001.9436000394826, 4891.264400048256, 5780.58520005703, 6669.906000065804, 7559.226800074578, 8448.547600083351, 9337.868400092126, 10227.1892001009, 11116.510000109673, 12005.830800118447, 12895.151600127221, 13784.472400135994, 14673.79320014477, 15563.114000153542, 16452.434800162315, 17341.75560017109, 18231.076400179867, 19120.397200188636, 20009.718000197412, 20899.038800206188, 21788.359600214957]
fps.e0:[10248.415079676019, 10266.958469459889, 10260.065249885707, 10266.5131862367, 10313.495496834938, 10321.577441846088, 10306.277699192236, 10341.428582182505, 10356.753156727595, 10298.60089783254, 10319.04261873666, 10340.87762802228, 10384.192030376964, 10369.628238929117, 10388.330531339032, 10419.022461695717, 10413.94257739697, 10436.852053915176, 10421.882304950697, 10414.529483509206, 10426.886926180547, 10457.692226795598, 10452.3195610715, 10420.75934850155, 10433.601800284378]
fps.e0u:[26.15360810220838, 26.796058258445637, 25.332667998718808, 25.975796385783745, 25.94985319751536, 25.801472566579303, 25.682440235265137, 25.3901005026184, 24.817265318826017, 25.409931837272328, 25.162989186133405, 25.91199585144576, 25.416078766154307, 25.102523438252838, 25.59825802439933, 25.275364601120728, 25.356656817560552, 24.546095939933657, 25.45560580649704, 24.49897835515314, 25.617411084781274, 25.77436033803365, 25.53797128834653, 26.088700217178705, 25.40438640312027]
fps.lt:[10848.819594746976, 10410.569526848141, 9741.142049913897, 10477.681206217218, 10357.032601756635, 9757.942270753969, 10778.179742932954, 9754.14279815711, 9300.39936336517, 11266.847608321938, 11919.877447753255, 11333.384384677503, 10362.424311747423, 10054.39363889501, 10403.691019957807, 9512.296464027497, 9805.492531860502, 10315.099429206137, 10124.657973969413, 10981.293718572244, 10099.468457785648, 9766.846378228776, 9981.950085790138, 12087.893388603436, 10774.898854532288]
fps.ltu:[880.9526484938244, 832.9668245351857, 700.4638084657242, 822.0155633492219, 802.5043361371097, 707.5055830900857, 865.7678758492631, 698.1601056179453, 632.4559857162362, 949.3577094423439, 1027.9647860698515, 952.8832104791874, 785.8648011571918, 751.2527105853429, 796.069827361775, 660.754475458722, 695.3640206894855, 745.8011297322573, 757.2088652893215, 853.3603803328724, 739.608719622594, 700.4795209989804, 732.9416994338228, 1071.638489515365, 836.8200453613362]
fps.c2:[0.5391645984181652, 1.574517657559248, 0.6556196776769766, 1.887191252357436, 0.7658773281143957, 1.1848402903059665, 1.2135175104352356, 0.8243448426651647, 0.8210992023308799, 1.0995084058388103, 0.38890319910983256, 1.2390265823978146, 0.7978459270828255, 1.0075478782908298, 0.9871899424390229, 0.6913739361415142, 0.5874454708020123, 0.7008665872434714, 1.364312685713165, 0.6796300282182308, 0.922982704369079, 1.5067262799934338, 1.4002737724757468, 2.54106387784889, 0.9106191876576403]
FC:[[4.140735499813215, 4.125189420059727, 4.220633292746716, 4.266869062572775, 4.328653314675075, 4.379558065021132], [4.214480719088434, 4.200775938140462, 4.28916128216579, 4.350358233972342, 4.398701249075297, 4.439357001942528], [4.417959423412079, 4.4267685407108, 4.49519989821229, 4.565765477679651, 4.611916506187771, 4.654163177963159]]
FCE:[[0.06843916340224601, 0.040385502769494756, 0.02618105255363069, 0.02022070216142848, 0.01721359791503233, 0.015228680420334012], [0.05276925083990151, 0.031086685596813383, 0.020341946078143207, 0.015771810854612347, 0.013343129820107377, 0.011795348090479258], [0.04567163975895657, 0.027352971772648553, 0.0177295963425021, 0.013905482891950427, 0.011750611019534141, 0.01036904345155017]]
