Ri:[100, 130, 160]
Zi:[50, 100, 200, 300, 400, 500]
fps.ts:[1441.287760000229, 4323.863280000687, 7206.438800001145, 10089.014320001603, 12971.58984000206, 15854.165360002518, 18736.740880002977, 21619.316400003434, 24501.89192000389, 27384.467440004348, 30267.04296000481, 33149.618480005265, 36032.19400000572, 38914.769520006186, 41797.345040006636, 44679.9205600071, 47562.49608000755, 50445.071600008014, 53327.64712000846, 56210.22264000893, 59092.798160009384, 61975.37368000984, 64857.949200010306, 67740.52472001076, 70623.10024001122]
fps.e0:[10876.48943866079, 10881.545217342325, 10866.643796889659, 10860.737517924368, 10855.940678424118, 10857.693425496445, 10883.457421158138, 10890.066627395956, 10885.324050157333, 10866.08071950738, 10890.794706135153, 10872.115113541426, 10882.385162349137, 10871.185727586937, 10849.543461970226, 10886.603763533898, 10869.719892878053, 10870.144918022208, 10877.017183876542, 10871.718670673139, 10899.159390039613, 10883.624475349252, 10887.031878219914, 10889.433415593954, 10869.10650701036]
fps.e0u:[15.448825365497894, 15.407122882864938, 15.368107453885624, 15.58702866026994, 15.67519022581572, 15.506530718621812, 15.521969003788533, 15.579997926359752, 15.454665980451505, 15.694565371079726, 15.496010819819979, 15.75661847767624, 15.418551918378506, 15.739120651965846, 15.673388687367602, 15.659951330291495, 15.488048828758487, 15.54185129119287, 15.67080877846812, 15.539285534177633, 15.356609340211016, 15.521119106748912, 15.601724200828931, 15.81709975124274, 15.642517436140011]
fps.lt:[12196.574003630078, 12333.323609731704, 12947.626586684066, 13529.36282570008, 13277.625114235425, 13250.267183577538, 12229.817831490607, 11839.253485723817, 12065.017019609333, 12921.033901787763, 12188.849039344619, 12146.300471921219, 12758.688411268316, 12582.981227572585, 14245.9544121437, 12358.724665616255, 13210.528504821192, 13019.88656116069, 12709.175250113465, 13260.960227453721, 12505.851631091362, 13420.027567748963, 12530.04211355262, 11804.458896272632, 12573.708280341121]
fps.ltu:[638.2229841933191, 649.5448425777707, 718.55970455615, 791.205144290004, 760.3922944495214, 758.0699426283715, 650.1461612032771, 605.5066310245131, 621.4392160894008, 722.0297555578414, 638.4874597507214, 642.0725293322295, 698.9417060606839, 692.9613287009021, 875.365766804662, 657.7381923777874, 749.2471636376778, 729.9805804531146, 706.2780918022983, 750.3619571910336, 670.0114058783894, 775.1597608538314, 673.7188593331292, 617.0900066636674, 686.8652440235386]
fps.c2:[1.1696158220773076, 1.8365658295205196, 1.384419659356214, 1.7657213022079505, 0.868190144565985, 0.9920925811829684, 1.5725333104644978, 0.5586992498240251, 1.1040895142981397, 0.7198509101383714, 1.510204064768419, 1.0391701533456017, 0.6346943242849356, 1.2778689666873009, 1.6048915037866853, 3.2140966450205255, 1.2954757526646985, 1.41807965239504, 1.2305409379560803, 0.6918159446981138, 1.1899761581771418, 0.5364979615210701, 1.4059385839385579, 1.3073123299131284, 1.3809244193048755]
FC:[[3.850305489981096, 3.8837050320345745, 3.9163021697078677, 3.945787245106253, 3.9578877833375716, 3.975512604511497], [3.869009377382059, 3.909532227225761, 3.94705290764582, 3.978424561619008, 3.99676316316579, 4.022056979675778], [3.970349737711074, 4.023259150136711, 4.069830113605983, 4.0968310568022, 4.123075678978184, 4.149086476405817]]
FCE:[[0.03444188772568618, 0.021755025821367614, 0.014405287394401393, 0.01144413308868838, 0.009653738566688119, 0.008490159057454923], [0.02652854072224506, 0.016770683511273154, 0.011117437514847107, 0.008833540479764316, 0.007489145273368611, 0.00662252324222953], [0.02249768498886994, 0.014164087676088897, 0.009189565235054953, 0.007288925365378227, 0.006057905905826494, 0.005358956165255658]]
