Ri:[100, 130, 160]
Zi:[50, 100, 200, 300, 400, 500]
fps.ts:[1907.8705400037766, 5723.61162001133, 9539.352700018884, 13355.093780026436, 17170.83486003399, 20986.57594004154, 24802.317020049097, 28618.05810005665, 32433.7991800642, 36249.54026007175, 40065.28134007931, 43881.02242008686, 47696.763500094414, 51512.50458010197, 55328.24566010952, 59143.98674011708, 62959.72782012462, 66775.46890013218, 70591.20998013974, 74406.95106014729, 78222.69214015483, 82038.43322016239, 85854.17430016995, 89669.9153801775, 93485.65646018506]
fps.e0:[10814.439992363585, 10809.764415167965, 10814.906738000522, 10801.723143082727, 10809.871684362271, 10807.832250689498, 10784.337545382417, 10804.230881481884, 10813.325069651655, 10800.858516127504, 10808.791787450986, 10797.817567739019, 10784.110470738782, 10836.028397159893, 10806.538208287893, 10794.951801469182, 10824.77872219385, 10800.528089064348, 10813.821084302052, 10778.868563618655, 10766.822386086846, 10798.217269128703, 10791.750294825826, 10785.34184817073, 10795.605296169697]
fps.e0u:[15.899572394622265, 16.027940679541988, 15.800014711233711, 16.05547239627364, 16.0814125322289, 15.85869028873338, 16.071917974143833, 15.79620245616306, 15.747907578621014, 15.751791410568208, 16.09569551992883, 16.150990741498195, 15.878951820160927, 16.156142279789904, 15.983996330845507, 15.823888912968622, 16.13376278910186, 15.99373273171097, 16.10972250530321, 16.04970083745513, 16.002023261062842, 16.160106546593525, 15.898655626603015, 16.230035871713923, 16.057640998821892]
fps.lt:[9945.751077505978, 9739.2149364619, 10158.85900292168, 10260.979205879421, 10532.788257921087, 10328.861600926328, 11133.2754275545, 10720.494428160086, 10412.963866096077, 10676.298132296875, 10243.983982296551, 10475.298276048523, 11022.696723565694, 9479.105959366541, 10430.803899649163, 10537.355009814852, 9768.570974876548, 10391.635410156088, 10182.682573046022, 11629.578197327026, 11689.726918814922, 11363.450981767055, 10997.319616599176, 11351.181849576575, 10785.303656606178]
fps.ltu:[436.55858376698853, 422.9883179493855, 451.19706597868253, 467.89171772237825, 492.91386213457906, 468.23994884001263, 550.9070039517296, 502.5655111085286, 472.23048028264384, 496.84821717592797, 467.65419229989953, 490.3602867196844, 534.3786979609658, 400.9300749470048, 479.64652587130047, 489.5443709680257, 423.5087907939652, 482.42660031996905, 463.7685787781423, 598.2637555273318, 606.2233350656483, 574.2677966611103, 534.9795374814158, 577.2739445336936, 516.4120507460126]
fps.c2:[1.7546069122326173, 1.6942134451688795, 0.9469221954172826, 0.7273166188964237, 0.9842878370925707, 2.1753293427293463, 0.9242511674731578, 0.6265216548134652, 1.3599522171891247, 1.380495355106634, 0.931345927497025, 2.5496615601059323, 2.2474433544960144, 1.129179045829869, 2.1033719474563966, 0.5652242574902268, 1.1071162629045848, 0.7818119296650307, 1.1337350908536186, 0.6970052054826497, 0.9122145259146488, 0.5759767920717249, 1.6387211153088046, 1.7675496074514263, 1.0275642047451294]
FC:[[3.858842452170281, 3.843884364208689, 3.8660388330928592, 3.8863110059027024, 3.9150357023945825, 3.946853200829279], [3.869015444592241, 3.8906478876776993, 3.895016067312144, 3.9202294152187047, 3.95031381712504, 3.991512240505409], [3.9884907819111866, 4.0117029725388, 4.020206229350527, 4.052036993283425, 4.0791156516276335, 4.117719494475355]]
FCE:[[0.03778416803742018, 0.022277502306277838, 0.014561828986813203, 0.011378494697902333, 0.009658126752983765, 0.00854230542054973], [0.028999890817750392, 0.017265687538907427, 0.011193079089887911, 0.008793038024205876, 0.00747474249812165, 0.006477966051981011], [0.02469096026990283, 0.014342321476649763, 0.009270117436057134, 0.007324115293213661, 0.00622171764914489, 0.005532867623339962]]
