Ri:[100, 130, 160]
Zi:[50, 100, 200, 300, 400, 500]
fps.ts:[641.8165000009536, 1925.449500002861, 3209.082500004768, 4492.715500006676, 5776.348500008582, 7059.98150001049, 8343.614500012398, 9627.247500014304, 10910.880500016212, 12194.513500018118, 13478.146500020026, 14761.779500021934, 16045.412500023842, 17329.04550002575, 18612.678500027654, 19896.311500029562, 21179.94450003147, 22463.577500033378, 23747.210500035282, 25030.84350003719, 26314.476500039098, 27598.109500041006, 28881.742500042914, 30165.375500044822, 31449.00850004673]
fps.e0:[10925.790749265376, 10924.624108553195, 10881.700179578387, 10930.389840535328, 10903.064575533454, 10920.021495491555, 10913.393324775883, 10918.457329094528, 10923.874486801134, 10917.483734816538, 10881.450098434874, 10891.988159194505, 10983.231500949356, 10901.274528669095, 10902.61549068623, 10955.90962999714, 10919.793031691997, 10916.059760347036, 10903.811427143133, 10908.06008826582, 10887.424373358437, 10939.552177219166, 10905.139207508939, 10910.762017277248, 10902.526157663553]
fps.e0u:[22.97163284796785, 22.84595894634358, 22.885954085709034, 23.01747218550112, 22.826389692955537, 23.219470953268974, 22.72166342760194, 22.588634633485736, 22.430782686410335, 23.17430062749814, 23.093211138868373, 22.92686560380677, 22.48036584944506, 23.56393979245116, 23.36224878082274, 22.920616075546164, 23.332164565775667, 23.12183660663109, 23.02494190662454, 22.64934659602003, 23.19349443713247, 22.708139509180572, 23.0397346667802, 22.91748520264004, 23.435369787524166]
fps.lt:[12167.354958898979, 11314.095954377255, 14722.96753243898, 11668.717418758357, 13079.853702268067, 12155.980472527946, 12875.189357547202, 12151.77061384687, 11819.782784548925, 12024.35380829346, 14194.357946652033, 13677.61694375741, 10508.336227817399, 12640.832626685627, 13204.435754535247, 11487.985214725013, 12225.789620857411, 12153.757079061967, 12774.203595460644, 12590.06521232908, 12505.20050583077, 11938.959895434717, 12514.498903349857, 12421.825494262754, 13601.891346564982]
fps.ltu:[946.4447441141675, 808.6693373383648, 1366.8478626128651, 863.9416889123453, 1083.2087356992245, 953.3743214028088, 1037.3970511746354, 915.600487310107, 879.6860471624237, 924.6280600348888, 1284.253433721855, 1178.6360014074346, 694.2671630956111, 1035.428219363553, 1120.8094966659794, 832.1594579399145, 957.4540981370827, 954.6682703217543, 1036.9022557854848, 993.9766438372016, 995.7645208855429, 891.5360067749912, 998.5208922678544, 977.7105002992624, 1177.8291090347793]
fps.c2:[0.9776024562965144, 1.238692240240335, 1.1260762707479972, 0.7498618235621142, 1.3440530532871737, 2.3155481876641777, 1.4462512072569682, 1.256416524022239, 1.2214428689967014, 2.0116502065706148, 0.6723636118071948, 1.2202297262050812, 0.7589045919018977, 1.4869299885880016, 1.526636789746519, 0.9211010477693945, 0.5031961726529924, 0.35495468156725785, 0.5880255089377319, 1.0648424346154393, 0.8021582782433725, 1.0259789789797487, 0.568842386875332, 0.9059822008742198, 1.1886401062694931]
FC:[[3.839285286459802, 3.855294023432167, 3.8563419689409955, 3.871660398470708, 3.894418348803325, 3.928215567394939], [3.8937774148925417, 3.896125985976641, 3.9035567397940003, 3.924197531413031, 3.951734571858992, 3.984895607142288], [4.017923402781851, 3.9987284074602023, 4.027325621691901, 4.0610342697797055, 4.090579798823218, 4.124111894476546]]
FCE:[[0.050879516818523825, 0.03171969015189879, 0.02093090009034364, 0.01644324649112156, 0.01397895706709749, 0.012100669153372039], [0.039088952366566995, 0.024698641135825407, 0.016231701226997273, 0.012770852973987801, 0.01059328730012798, 0.009390698120840072], [0.03321516500200401, 0.020283919005093756, 0.013338611379923381, 0.010589159548125152, 0.009034159184379352, 0.008040442609007985]]
