Ri:[100, 130, 160]
Zi:[50, 100, 200, 300, 400, 500]
fps.ts:[1721.3350600004196, 5164.005180001259, 8606.675300002098, 12049.345420002937, 15492.015540003777, 18934.685660004616, 22377.355780005455, 25820.025900006294, 29262.696020007133, 32705.366140007973, 36148.03626000881, 39590.70638000965, 43033.37650001049, 46476.04662001133, 49918.71674001217, 53361.38686001301, 56804.05698001385, 60246.72710001469, 63689.397220015526, 67132.06734001637, 70574.7374600172, 74017.40758001804, 77460.07770001888, 80902.74782001972, 84345.41794002056]
fps.e0:[10780.064205256227, 10773.000407141037, 10751.097952178747, 10767.769051320785, 10740.0454618846, 10766.906902727693, 10754.696222210569, 10763.33835578185, 10754.345480531401, 10775.750047894382, 10744.347744620316, 10757.02354115306, 10762.443816173929, 10770.814134736214, 10767.952559424873, 10768.46004380143, 10761.631221333775, 10768.787964088948, 10768.363198388808, 10793.9035807402, 10776.204633189698, 10773.311985459126, 10786.737576612293, 10801.470367823806, 10778.459999271852]
fps.e0u:[12.175320972741796, 12.19326116745332, 12.263887265447257, 12.29177931280018, 12.47295886668365, 12.315331395864428, 12.32435588836071, 12.214905488150565, 12.246566655023758, 12.189319147706255, 12.166511387012461, 12.21608398477519, 12.2991535220756, 12.234912263894342, 12.31450263832809, 12.226036200795358, 12.2745391059702, 12.172443902391409, 12.34138382073223, 12.14663716384056, 12.262741241924337, 12.307756372293515, 12.30617753818928, 12.175439055025125, 12.38145389644122]
fps.lt:[3992.2030598760466, 4004.462596753735, 4071.5709039300527, 4154.286515595805, 4305.328158950004, 4173.94181889786, 4240.556677039459, 4101.805919027215, 4170.585888514703, 4112.311785768548, 4162.129254638554, 4090.5884873152204, 4075.0950899745685, 4011.0235301883563, 4051.9096530275638, 4019.9593803641274, 4020.6118743615825, 3961.8610253107927, 3998.1575610091536, 3918.8341023686216, 3979.01299217256, 3952.233234594822, 3875.7954810924634, 3917.1251766614387, 3893.5622878563017]
fps.ltu:[56.09906772900747, 56.21978690058818, 58.754406820535, 61.69110134646517, 67.22880345655689, 62.36367244825447, 64.16514917131211, 59.73033172274966, 61.78464261292381, 59.93188472517103, 61.42066831001992, 59.61884979065739, 59.078374145311294, 57.496955932226044, 58.731981509758505, 57.470700513849934, 57.35867595918561, 55.68228340330141, 57.3395848963046, 53.877757193098375, 55.894558740704866, 54.95664872378161, 52.854886306468536, 53.64329557352359, 53.86196756368887]
fps.c2:[0.8322621012591553, 1.6263270155648413, 0.8940763617948304, 1.8360021809335518, 0.8245457129770616, 1.996447028007676, 1.4257801082770856, 1.444235229490532, 2.3646375887249977, 2.9558897574297776, 0.8965403961561285, 2.6679606842655272, 1.4748177270385339, 2.190990203044606, 1.690801381863276, 3.8223891146699995, 2.519856590189214, 0.597166434175353, 1.268400095823923, 1.3495203573367753, 2.5067309845767665, 1.5551947097395922, 1.8681964220161782, 2.035631012317174, 0.8500963280888794]
FC:[[3.762892411310888, 3.784104614892589, 3.86686818885967, 3.9340788796535264, 4.004868670680045, 4.070248959924474], [3.8166330329256937, 3.800780738844671, 3.884066114800042, 3.961886135870151, 4.039167946613775, 4.101041508425276], [3.9054700730686114, 3.8884899354053015, 3.9729981543324917, 4.0515841802503525, 4.148981537079626, 4.212788385683324]]
FCE:[[0.03487308838997991, 0.016824930291961124, 0.010401843741303644, 0.008363644973909462, 0.007355803772605887, 0.006735422292559739], [0.027461452650188282, 0.01297741484460755, 0.007999753528114767, 0.006461097835525621, 0.005692066544560182, 0.005198967750822976], [0.023422003687064298, 0.010880708539521791, 0.006691287122524897, 0.005407892415279177, 0.004659335284638726, 0.00424812753538988]]
