Ri:[100, 130, 160]
Zi:[50, 100, 200, 300, 400, 500]
fps.ts:[1604.4056599998473, 4813.216979999542, 8022.028299999236, 11230.839619998931, 14439.650939998626, 17648.46225999832, 20857.273579998015, 24066.08489999771, 27274.896219997405, 30483.7075399971, 33692.518859996795, 36901.33017999648, 40110.141499996185, 43318.95281999587, 46527.764139995576, 49736.57545999526, 52945.386779994966, 56154.19809999465, 59363.009419994356, 62571.820739994044, 65780.63205999375, 68989.44337999343, 72198.25469999312, 75407.06601999282, 78615.87733999253]
fps.e0:[10872.467222712809, 10908.980830480616, 10889.925068497001, 10893.065700707855, 10863.67577317473, 10872.767530795129, 10875.802585302004, 10883.022251074852, 10860.709743752202, 10891.897208033222, 10878.957239477257, 10893.378927835543, 10896.631009152949, 10866.12087908568, 10883.581869865055, 10880.330842536958, 10862.817067401187, 10895.195978900341, 10892.122783460289, 10878.595772247336, 10871.716741025792, 10885.101540792715, 10891.455648380761, 10857.95876455854, 10896.241162107699]
fps.e0u:[17.21251256984195, 17.178993631006342, 17.122368119917397, 16.97485895477054, 17.13160752600864, 16.97067324580702, 17.098973887716554, 17.06534619841368, 17.198032895247646, 17.421142247064292, 17.305947738853273, 17.46314288083971, 17.105625541685935, 17.193649261257566, 17.117700295685587, 16.923765265338893, 16.971096306052463, 17.14142351410693, 17.292918415543003, 17.29297646844634, 17.020055784461142, 17.451240035830992, 17.244106309468915, 17.39820462596857, 16.965744512601947]
fps.lt:[12760.432674979524, 11264.63847672673, 11425.812330055829, 11973.606837740022, 12887.799952948695, 12683.833996764755, 12419.507445979696, 12393.364556004884, 12971.291625544802, 11355.464495096316, 12444.38515098696, 11527.82778247476, 12027.834073720409, 12608.18766719937, 12192.265941407406, 12356.916025662982, 13131.512300697104, 12039.329959018904, 11926.57170741575, 11804.614709969675, 12729.380204330808, 11892.006790818503, 11654.52171336775, 13021.761975269159, 11790.411421968982]
fps.ltu:[771.2390800503683, 601.4200130482977, 616.7403806762934, 675.7319573245804, 783.5737628477983, 758.0697796296096, 727.7799791508409, 725.5419154410512, 800.2313298148441, 621.8764020928629, 734.4756880093488, 636.9455022965957, 681.6756526593105, 756.7549379514053, 706.193437343132, 716.2754981978306, 808.2610907081627, 683.4423547091001, 678.573368753634, 667.1401811206251, 761.5543167520784, 678.4865946724933, 650.1810965539237, 813.361682033376, 655.6463208177543]
fps.c2:[0.7753846618202009, 1.0224313941994707, 0.5621394395343444, 2.2881056189316635, 1.2522136983030192, 1.0807542319847145, 0.8297924553880714, 1.7615768769057831, 0.8955285674698735, 1.301310908573942, 0.9894387960724813, 0.8120161330694157, 1.5351222223980339, 1.4199890640282125, 1.1742433289931993, 1.496442796592023, 3.3248618235459473, 1.3036472228577434, 2.028298730498194, 1.2369666515045319, 0.9434650886528346, 0.9223076000483174, 1.634740706082456, 1.5405930769756724, 0.6806964180682582]
FC:[[3.8746189278471936, 3.8802281710023836, 3.865311463441099, 3.8895731812238026, 3.9209105384020217, 3.9481502745204944], [3.8792701254604496, 3.886590757106024, 3.8981498438826407, 3.927942643219296, 3.962176338461612, 3.9901074446037357], [3.9784283829209355, 4.006197897169983, 4.032236372096873, 4.075309598974226, 4.100660197165636, 4.130901828067549]]
FCE:[[0.03905703367878011, 0.023984167241351457, 0.01572134673063112, 0.012400160684986686, 0.010550635743250499, 0.009260767030050484], [0.029996543933603643, 0.018417062487669323, 0.012050852474905992, 0.009545795877982089, 0.008152900191166245, 0.007189712048591669], [0.025306603190223598, 0.015662252648504793, 0.010276674022356436, 0.00780244040946519, 0.006633216337740629, 0.0058684794734472235]]
