Ri:[100, 130, 160]
Zi:[50, 100, 200, 300, 400, 500]
fps.ts:[1627.990339999199, 4883.971019997597, 8139.951699995995, 11395.932379994392, 14651.913059992792, 17907.89373999119, 21163.87441998959, 24419.855099987984, 27675.835779986384, 30931.81645998478, 34187.79713998318, 37443.77781998158, 40699.75849997997, 43955.73917997837, 47211.71985997677, 50467.700539975165, 53723.68121997357, 56979.661899971965, 60235.642579970365, 63491.623259968765, 66747.60393996716, 70003.58461996555, 73259.56529996396, 76515.54597996236, 79771.52665996074]
fps.e0:[10871.300355068895, 10882.817065247595, 10875.523097922793, 10902.613346590633, 10867.994466778746, 10875.184755714668, 10855.759902640095, 10894.483006485003, 10874.689914996028, 10882.837337495681, 10903.661469531746, 10868.69668043094, 10897.629443553818, 10880.688910703673, 10874.743899590274, 10880.14432707783, 10904.023331655557, 10902.101459405216, 10904.905184795754, 10895.38830584245, 10905.022441264358, 10865.100025911004, 10880.595410486865, 10872.928913033276, 10881.806855701907]
fps.e0u:[17.158909230486756, 17.213369419614207, 17.023665124790085, 17.488700926863316, 17.14290849597852, 17.368398280896095, 17.5523632904395, 16.95218657912557, 17.070975572235586, 17.212875566147375, 17.21506358241343, 17.034515729812366, 16.990442794883368, 17.04243067543103, 17.246077742055654, 17.410500549716282, 17.37194181378895, 17.166003639292473, 17.311128449485658, 17.068249624806448, 17.636095342743292, 17.365852522234817, 17.137518307844083, 17.209153375767126, 16.88498843602075]
fps.lt:[12992.045835927169, 12101.581433045134, 12627.100654569558, 11870.425059428604, 12552.786169644964, 12180.61057625903, 13640.274484133448, 11814.16826176351, 12625.727343364826, 12083.582598638759, 11655.572159328074, 13176.689971626745, 11348.649284435754, 12108.178287690122, 12796.996304403985, 11924.656980377782, 11773.941305908123, 11671.768676038564, 11516.795663710906, 11485.726067190499, 11500.629716446683, 13089.152889880255, 11591.273197687815, 13129.000620965688, 12360.751085793123]
fps.ltu:[799.2202486631869, 699.6525748763364, 753.795600461609, 678.3732750904179, 752.346565444604, 714.2475670781001, 900.315522359836, 660.0057798180251, 753.6832695829282, 701.373183563835, 646.1295253513302, 820.2073500159194, 604.7903714080404, 692.0651392616974, 782.6576698071775, 689.782355093033, 666.124759866236, 651.0524545198671, 634.6613118442189, 629.697744390914, 642.3489985750999, 817.6897686795388, 644.3189647469069, 822.3053444970428, 712.6149059820525]
fps.c2:[1.3302204223783627, 1.12318765566093, 0.9595917784210471, 0.6075927291368995, 1.9976458434440474, 0.9959910433992989, 2.068976913195785, 1.543659066184095, 1.136541384139024, 1.0766806215833495, 1.3916726358128269, 1.7448713544772612, 1.2532490720656695, 1.9498378394650968, 0.6849959080145152, 1.3637012970589324, 1.0128373108401714, 1.3206766002186525, 0.692481918365051, 1.0954599789495265, 1.5605431675179409, 1.809528723878344, 2.8752194657465155, 1.1889126053696766, 1.4190689624228185]
FC:[[3.8811395999011555, 3.8823872709078127, 3.870620869006042, 3.8858598143267606, 3.922283465034433, 3.950236504604344], [3.8921459261061706, 3.9241574190109505, 3.9117104636213424, 3.932818775283146, 3.96421641827227, 3.9904959190443865], [3.991635410692599, 4.028844796830854, 4.042249753193109, 4.067403475649513, 4.096141142972591, 4.12168603349988]]
FCE:[[0.03823084750274523, 0.0237237633560996, 0.01566237410318186, 0.012338064618919323, 0.01053724889279165, 0.009088357289747252], [0.02976800732663063, 0.018538971132900386, 0.012122937319103765, 0.009352351777108565, 0.007986716056292512, 0.007057866775127702], [0.024715706451185624, 0.01527209901715582, 0.010050808241375855, 0.007967561141024336, 0.0068005920895579655, 0.006031206642671474]]
