Ri:[50, 100, 150, 200]
Zi:[100, 200, 300, 400, 510]
FC:[[4.0212884390614745, 4.011805737307259, 4.03035447586661, 4.048605585010605, 4.056437573577766], [4.01841556927793, 4.025111895404829, 4.053452707508561, 4.076165048243882, 4.1011716898599655], [4.145489200178255, 4.157362572639313, 4.187352308974447, 4.2162659736972055, 4.244355939224473], [4.742973228186141, 4.780100056717139, 4.824552979013913, 4.85940716938321, 4.883121524711643]]
FCE:[[0.0472781697663021, 0.031824685685713935, 0.02610529127436719, 0.02234233600622727, 0.019332759764102397], [0.02396156949738501, 0.01623005492349522, 0.013116387145258257, 0.011247839617125667, 0.009945609316712338], [0.01661127226938168, 0.011216828068826165, 0.009046995969679948, 0.007777757225929846, 0.006870418859875129], [0.015662266449459724, 0.01064531314227915, 0.008608442743878389, 0.007415794043612623, 0.0065524288029251984]]
fps.ts:[1609591993.8294, 1609595443.2902, 1609598892.751, 1609602342.2118, 1609605791.6726, 1609609241.1334, 1609612690.5942001, 1609616140.055, 1609619589.5158, 1609623038.9766002, 1609626488.4374, 1609629937.8982, 1609633387.3590002, 1609636836.8198, 1609640286.2806, 1609643735.7414002, 1609647185.2022, 1609650634.663, 1609654084.1238003, 1609657533.5846, 1609660983.0454001, 1609664432.5062003, 1609667881.967, 1609671331.4278002, 1609674780.8886003]
fps.e0:[10024.661056912799, 10083.167334494747, 10058.415233956119, 10049.571152236147, 10072.760050783349, 10069.05044956442, 10024.162043310831, 10070.279100476615, 10033.39803884042, 10073.802912317713, 10038.441349681012, 10084.525896676114, 10061.400480033395, 10057.906736477931, 10033.830377772118, 10081.557990679832, 10047.73578246787, 10041.92949830264, 10028.402160003507, 10055.863062509829, 10110.873474962067, 10054.968898276567, 10074.667960858444, 10069.269383945764, 10051.39799305841]
fps.e0u:[22.12874286785632, 21.80198921741298, 21.91478569379276, 22.112644759208823, 21.59458065203596, 21.637114958273767, 22.312479720372675, 21.817389739964174, 21.59658204432569, 21.635066912785177, 22.13340343369965, 21.93635716237449, 21.79438499342624, 21.767963136362315, 21.724123353006473, 21.749434529386573, 21.878153477354946, 22.001251421657006, 21.941874369446673, 21.86361627406917, 21.999555380921517, 21.74653890435461, 21.7793691343092, 22.13497587282762, 21.893722242729808]
fps.lt:[19548.480923801195, 15381.776787577764, 17149.148647661852, 18811.94130184271, 16512.004077546313, 16882.73861907795, 20622.654804311765, 16734.250503405958, 19536.08067258793, 17184.975294912543, 18590.784848380194, 16113.5322252518, 16934.816384103466, 17198.633637963576, 20005.82970295517, 15764.990240019715, 17407.60930589818, 19926.824631736024, 20422.827569315934, 16836.40973773301, 13340.588487299605, 17715.34952271932, 15929.009219986798, 16275.21048583624, 19656.4837693743]
fps.ltu:[2511.137753592559, 1534.455413287535, 1921.4207265669186, 2314.159543538527, 1763.2671511353649, 1846.0877361012306, 2843.684064966778, 1833.8958772390943, 2448.068353728254, 1904.8745523290459, 2279.636798162752, 1677.7364395383836, 1872.6262633960996, 1913.4912231216372, 2599.233226563761, 1605.8867413336784, 1979.5631121541796, 2605.194408209188, 2719.1262546566827, 1854.8557683555423, 1169.433682211914, 2034.680361642694, 1639.6930850031185, 1750.7249077096958, 2509.7186746576212]
fps.c2:[1.0706984084624147, 0.5611863775911302, 1.1783365465569937, 1.3240532971313692, 0.7675392816195046, 0.7473895208584812, 1.5630853236902311, 1.4745291189443164, 2.536130490672608, 1.1385938090252372, 0.9886423586753366, 1.2256602178112628, 0.750510672067774, 0.9968096219093179, 1.3453272503164244, 0.9783478137259622, 2.0962674990675647, 1.2532477946599403, 1.4503802550404843, 1.3183712544137334, 1.1989762925951146, 1.089669680330452, 2.1258290993252187, 0.9530734423202377, 0.910879369467563]
