Ri:[100, 130, 160]
Zi:[50, 100, 200, 300, 400, 500]
fps.ts:[1721.3685199975966, 5164.1055599927895, 8606.842599987984, 12049.579639983176, 15492.31667997837, 18935.053719973563, 22377.790759968753, 25820.52779996395, 29263.26483995914, 32706.00187995434, 36148.73891994953, 39591.47595994472, 43034.21299993992, 46476.95003993511, 49919.6870799303, 53362.4241199255, 56805.16115992069, 60247.898199915886, 63690.63523991108, 67133.37227990627, 70576.10931990147, 74018.84635989665, 77461.58339989185, 80904.32043988703, 84347.05747988223]
fps.e0:[10798.889116874796, 10819.524295606956, 10797.729381770472, 10823.09970886296, 10797.925922391689, 10815.111023420652, 10826.650321906513, 10804.651873705572, 10800.303115197234, 10813.100995163675, 10825.57638618128, 10791.578475042483, 10808.71329053151, 10847.053802866823, 10827.727919204355, 10821.266010721141, 10820.611340087164, 10823.446592349435, 10798.467489867686, 10824.948706046105, 10813.038044439463, 10818.405759497813, 10821.069467370357, 10827.701504952296, 10832.967720869627]
fps.e0u:[14.032821912379783, 14.034102860584444, 13.987252851286096, 14.02493155280822, 14.319774878441912, 14.041665069252636, 13.980718969958598, 14.160815517620106, 14.018237436909855, 14.104726040473103, 14.036105141490488, 14.038665312951618, 13.90736934968617, 13.813718327066182, 13.988603775671564, 14.140239384957964, 14.009811056198963, 14.130872861287164, 14.187156805855508, 14.088616315190613, 13.997497503972928, 13.934180725491593, 13.867587986731282, 14.176326422393648, 14.00087223086037]
fps.lt:[11729.141483997082, 11698.777746202062, 11859.089014930178, 10919.063485911376, 11882.377713621363, 11172.884776705412, 10688.936825985555, 11304.262406510496, 11906.24833120239, 11538.734325675472, 11215.904440376773, 12601.743746687787, 11578.01790768758, 10130.766598272587, 11041.652131915867, 11123.57477884836, 11477.078611161092, 11191.359068765698, 12240.86333889933, 11133.365714240916, 11668.650310059395, 11798.11990425025, 11619.011385650454, 11000.06344879602, 11422.710208108732]
fps.ltu:[536.6915318347982, 530.2368872895833, 547.743005647515, 467.1768805431877, 559.5143494590744, 488.0605385746391, 445.3905973391799, 498.8330982612775, 553.6060863519405, 520.9399342988245, 491.24989543057745, 624.3406662760979, 522.6613863593122, 396.1655877653177, 472.0777966466094, 486.75768486959396, 509.29964574311776, 492.2616764788467, 590.974897549044, 487.7620219538362, 530.6924570506048, 537.9315000477031, 521.6870330947751, 477.89158896148814, 509.1636262696531]
fps.c2:[0.8046652059090301, 1.2021941138985126, 0.9590888696885295, 0.8165086765723409, 0.9113945422635357, 1.328278508192203, 1.966584401254138, 1.3676010716007738, 1.4421586331509135, 1.3501399701157102, 1.6362655530926202, 0.9520815082164736, 1.9557748565505464, 1.2166872752640234, 0.9063455458003424, 2.124299365261183, 1.6461671423493283, 0.7912212185021557, 2.0387945863729295, 1.9842640595290995, 0.8053412750085729, 1.737580491183291, 0.9814674612636242, 1.6111836063019465, 0.985061272564621]
FC:[[3.803029480017876, 3.847860057085367, 3.875103873923136, 3.892574763523203, 3.9276909069515296, 3.954034010334297], [3.864749983485697, 3.900421679727399, 3.935000692015805, 3.951280640079085, 3.9806218551697454, 4.010045621464386], [4.003703167628289, 4.025169819906655, 4.062323809881031, 4.085713362260114, 4.114393904474858, 4.143332621994745]]
FCE:[[0.030936460392773982, 0.019903691311891774, 0.013177655899321941, 0.01006924981781617, 0.008374839566241141, 0.007376171859490505], [0.024209319979651263, 0.015085914562690077, 0.00972181970505163, 0.007651570899386778, 0.006501365440597944, 0.005752963548440744], [0.020478394848377053, 0.01252561879123619, 0.008230294045960105, 0.006500996180730126, 0.005532328478049232, 0.004908267736055379]]
