Ri:[100, 130, 160]
Zi:[50, 100, 200, 300, 400, 500]
fps.ts:[1608.7204200029373, 4826.161260008812, 8043.602100014687, 11261.042940020561, 14478.483780026436, 17695.92462003231, 20913.365460038185, 24130.80630004406, 27348.247140049934, 30565.68798005581, 33783.128820061684, 37000.56966006756, 40218.01050007343, 43435.45134007931, 46652.89218008518, 49870.33302009106, 53087.77386009693, 56305.214700102806, 59522.65554010868, 62740.096380114555, 65957.53722012043, 69174.9780601263, 72392.41890013218, 75609.85974013805, 78827.30058014393]
fps.e0:[10930.07734894612, 10913.220371486637, 10940.415538489504, 10915.148825785309, 10903.931009342874, 10947.347277272345, 10922.036927256486, 10952.008819668612, 10906.325972267121, 10911.494262383556, 10922.91135765833, 10936.941493276574, 10947.27891884179, 10924.45978963276, 10933.470785187434, 10928.328740352112, 10944.740573883108, 10923.710913381721, 10956.307528007646, 10890.347756533234, 10911.519142848532, 10923.298933840282, 10913.002333499619, 10934.496160836274, 10935.015176928633]
fps.e0u:[15.822971675547825, 15.746907911851244, 15.45461764948381, 15.587492902841982, 15.447167550094976, 15.641461584061448, 15.676904039787237, 15.483792117512188, 15.502720040126018, 15.708479935535646, 15.513934950691096, 15.523851468317282, 15.534396333189303, 15.457790887492974, 15.51395205316367, 15.848030724110092, 15.543396434999933, 15.894592628949068, 15.578007777328532, 15.531177391197973, 15.810735344095498, 15.748152637173877, 15.801901104520361, 15.526698426829169, 15.819397503056624]
fps.lt:[13434.724024193221, 13104.319922885255, 12166.607199100967, 13714.7876677012, 13887.551092828462, 12098.133530027408, 12597.414632838605, 12807.47393147513, 13626.624674677216, 13658.438652982331, 13217.947526712482, 12435.478720333134, 12287.257774721567, 12918.580507160621, 13107.177361137787, 12964.477745317381, 12255.73178177264, 12998.075731751216, 11915.933472833438, 14233.319198863765, 14463.164310045731, 13121.078691823275, 13284.85513448897, 12581.601480082718, 12491.427541437713]
fps.ltu:[785.7402613257702, 745.626323249853, 630.4838309961088, 805.5790086753511, 825.5762241471865, 628.7287201154577, 684.7756626923574, 695.5603609093001, 790.5900877528683, 806.3733762075739, 745.6138803320792, 661.0865771908541, 646.4187142372243, 715.9931505257354, 736.1464070323992, 731.9788791574978, 643.1365963614664, 739.0414655809685, 607.563097762301, 872.6386421145157, 910.6680373967216, 741.8689255248893, 766.849201912667, 682.0886623883588, 674.6754263155442]
fps.c2:[0.716329688840659, 1.1818549782456198, 1.3600101048277031, 1.0531561131717824, 1.661177525985629, 1.0096766605437089, 1.2782301937897549, 0.7826139173992436, 1.0033435763921879, 1.2897463024120435, 1.4124572523153167, 1.736313999723528, 1.7809714011334585, 1.9266753690604521, 1.602936341878291, 1.265393300202296, 1.7215787518392023, 0.7173309705377908, 1.1448972607355858, 0.9300604548052017, 0.8536470724320501, 1.7153503213114705, 1.326048532118167, 1.4347270786011768, 1.3388254580198675]
FC:[[3.85521447030639, 3.8688965195208334, 3.8707300341343323, 3.900117664117475, 3.92528224156002, 3.9518184643529426], [3.9077674251205456, 3.9059708500374772, 3.9301471969968076, 3.958388381705837, 3.9844599697029683, 4.012922173101859], [4.017436236082226, 4.025235867414368, 4.057665477051976, 4.092214361785546, 4.119945904753948, 4.14788090064984]]
FCE:[[0.03488181922613575, 0.021590377420584967, 0.01412677355222914, 0.011243479456457336, 0.009536253746189357, 0.008435651782119604], [0.02623754177147974, 0.01657373194131675, 0.011010849496731487, 0.00875136905530078, 0.007261392696982319, 0.006442311805229265], [0.022250628247367368, 0.013813440164931886, 0.009154683486228749, 0.00727161771405528, 0.006204036191596309, 0.005509151524842039]]
