Ri:[100, 130, 160]
Zi:[50, 100, 200, 300, 400, 500]
fps.ts:[1731.8606999969481, 5195.582099990845, 8659.30349998474, 12123.024899978638, 15586.746299972532, 19050.46769996643, 22514.189099960327, 25977.91049995422, 29441.63189994812, 32905.35329994201, 36369.07469993591, 39832.79609992981, 43296.517499923706, 46760.238899917604, 50223.960299911494, 53687.68169990539, 57151.40309989929, 60615.12449989319, 64078.84589988708, 67542.56729988098, 71006.28869987487, 74470.01009986877, 77933.73149986267, 81397.45289985657, 84861.17429985046]
fps.e0:[10855.982785490656, 10851.704934583844, 10829.607171539072, 10824.095648621536, 10844.659961251915, 10825.19167177694, 10838.449797542135, 10860.6920519547, 10837.85843730344, 10849.156925266994, 10841.104230769997, 10821.140204374255, 10865.708221713974, 10851.318335297912, 10846.872959038057, 10842.915687205337, 10836.493416793794, 10822.2676794865, 10837.480513812827, 10820.349378909874, 10859.799102847215, 10822.724206486102, 10842.678241197646, 10819.24800478922, 10809.888226783632]
fps.e0u:[14.788798251385312, 14.594573674906735, 14.813918481353564, 14.846644850165516, 14.825949571691655, 14.916750061443784, 14.700851737649307, 14.831440623255828, 14.845141387129706, 14.850672632927132, 15.003384038270484, 14.901696307347821, 14.805175938184018, 14.805265025787158, 14.652507567095592, 14.669949291273229, 14.848113314295865, 14.757892355605918, 14.843828897475115, 14.824393058346088, 14.71584996955651, 14.715779848602018, 15.028330918184809, 15.03636719485451, 15.168040749248144]
fps.lt:[10650.877842722344, 10995.083395732036, 11558.405414115592, 12159.152610899477, 10877.492618450142, 12052.403648675441, 11828.183957846797, 11072.524634090292, 11871.974112035163, 11263.228182433146, 11450.876583013296, 12070.825493828746, 10823.50275651385, 10805.85475930988, 11903.843219090622, 12114.131260799919, 11731.472717004477, 12307.908733334047, 11619.112076063224, 13115.824831125845, 11043.341429951057, 12022.298428403874, 11630.422216536574, 12726.649003363818, 12801.955791487446]
fps.ltu:[466.41709041933194, 491.0428398593714, 551.5456021926879, 606.9490092433118, 487.8423857202035, 598.7566636865399, 571.6275356024709, 501.18844836001114, 578.3388434139634, 517.6140143341041, 544.8553780868225, 597.0465074066365, 483.13524539793735, 482.0367273635641, 574.7893090094198, 596.5184125720002, 565.8068463161104, 625.1953379680044, 558.1842766030396, 710.6398380536062, 497.88048718763514, 591.9266337984188, 563.7824735824569, 668.557487135472, 684.525466265105]
fps.c2:[1.8935649963176346, 1.9824592014022129, 1.8730408695501832, 1.4380796072551854, 1.0080712923251967, 1.4318169162841103, 1.6411965747605044, 1.5084892383837825, 1.1988966033972104, 2.115022253791075, 0.4424386024816424, 0.8116439989142356, 1.4681117278727258, 0.7440279285543426, 2.758270903545298, 0.9767208032668702, 1.282235978709274, 1.0463188277486208, 0.8313928208047353, 2.515177559749511, 1.6406377813468949, 1.8171535010969013, 1.0319882755679126, 1.511962282410031, 1.5292082875899657]
FC:[[3.8110768853214543, 3.868505999811213, 3.8868198791939896, 3.899117904228768, 3.921070328565313, 3.943978447066037], [3.8702020598099978, 3.9255406939594986, 3.9399420127349436, 3.9533965794681203, 3.9737053837308456, 3.9968116668284734], [3.9996774865426556, 4.048006929337392, 4.0587576495824536, 4.078260454024447, 4.102294031648902, 4.128508664578831]]
FCE:[[0.03347887745754395, 0.020743533170549316, 0.013551105833193817, 0.01065259893464129, 0.00901377817310297, 0.007922253304522507], [0.02607675707486533, 0.016146653468376113, 0.010534502504368963, 0.00828236400138875, 0.007023875527606052, 0.006195997095533113], [0.02174826444308384, 0.013440951265421715, 0.00873908461417126, 0.006882674985605599, 0.0058562005556339995, 0.005179513498932355]]
