Ri:[100, 130, 160]
Zi:[50, 100, 200, 300, 400, 500]
fps.ts:[2200.745799999237, 6602.237399997712, 11003.728999996187, 15405.22059999466, 19806.712199993133, 24208.203799991607, 28609.695399990083, 33011.18699998855, 37412.67859998703, 41814.1701999855, 46215.66179998398, 50617.15339998245, 55018.64499998093, 59420.13659997941, 63821.62819997787, 68223.11979997635, 72624.61139997482, 77026.1029999733, 81427.59459997178, 85829.08619997025, 90230.57779996871, 94632.0693999672, 99033.56099996567, 103435.05259996414, 107836.54419996262]
fps.e0:[10355.492214768014, 10379.797273353237, 10412.998612510102, 10418.931195158832, 10453.933991747086, 10473.14402979897, 10493.92850989361, 10509.525342511353, 10518.894156866432, 10521.953588852384, 10550.96583640331, 10555.021096001416, 10584.716813418632, 10567.255259999527, 10584.185185054093, 10579.567876321289, 10617.421510765862, 10607.833418142569, 10619.879649725597, 10638.550718609646, 10643.123315720684, 10611.53810424247, 10641.654349731367, 10653.805367747156, 10634.740277319439]
fps.e0u:[10.79484389132126, 10.68332484292315, 10.653998455723766, 10.759851022197838, 10.812256795779794, 10.895919144185125, 10.928417036019573, 10.7550915501336, 10.790290779693947, 10.840901113460736, 10.80262175769167, 10.753924288341477, 10.660421029591816, 10.883123816735527, 10.840233454903107, 10.766531741820732, 10.832889371312643, 10.86601479177123, 10.72835285055791, 10.840298310705215, 10.859040278299227, 10.861985779338134, 10.848912345156673, 10.93403579391193, 11.01344953825485]
fps.lt:[5764.8263555264575, 5816.237493755238, 5747.240186807805, 5880.111176034412, 5729.56954181174, 5763.651013913831, 5792.526878776852, 5759.124236486884, 5730.1736728414, 5888.401563536026, 5678.54998021025, 5759.0869173382025, 5620.429317524463, 5904.779929585568, 5920.660591824365, 5947.9265020428875, 5701.041576086517, 5849.735968762544, 5861.000256706919, 5749.392409023968, 5754.29432616671, 6021.640549928544, 5813.3544690894305, 5823.865800441733, 6056.747341413271]
fps.ltu:[101.40777458233882, 102.17815935261726, 99.38950476428388, 104.79647739035809, 99.90888060678132, 101.67424833037363, 102.14464985251223, 100.20029737920042, 99.20919591138562, 105.04858289802661, 97.58193575406436, 99.76143953293285, 94.54343832167217, 105.78228240864539, 105.96026904044211, 106.55643606402708, 97.61430411993591, 103.37805247789747, 102.86331239702811, 99.61897252082646, 99.59869123178757, 110.30481422053116, 101.88830848318084, 102.86360445172562, 111.83952528143043]
fps.c2:[3.1542787879865504, 3.087626114746264, 2.3580245578264556, 1.5011596337750406, 1.4796033020421129, 2.2670140264523067, 2.5880187087763917, 3.6980636936171676, 4.079798212801179, 3.618176853440576, 3.301852530809086, 2.4212228114563357, 2.351124172939664, 2.5341214553235956, 2.0294127997258737, 3.0858228769762235, 0.8898328345442755, 3.6380464656726597, 3.5153935118907307, 1.8282791542966226, 1.8794764826795916, 3.167612372600869, 1.6685635337443547, 2.0245521749737847, 2.8221938821931594]
FC:[[4.288184478365516, 4.302550985944188, 4.3652353528356365, 4.413104139523353, 4.465475369362254, 4.514883409449044], [4.328028638208086, 4.348417963134662, 4.402661679336063, 4.449575594784694, 4.507523384493288, 4.560966721035282], [4.443617056028324, 4.469487629379021, 4.523123808927766, 4.57181239808075, 4.63308580522352, 4.689229085399371]]
FCE:[[0.03613297403570118, 0.01846015177273598, 0.011271584244747244, 0.008640289649530987, 0.007236394121479507, 0.0063626616661435174], [0.028110156666847717, 0.01427413872872193, 0.008646147292658567, 0.006643295822226163, 0.005591192638142627, 0.004817440474814489], [0.023832684771296922, 0.011991896777846907, 0.007235032902339121, 0.00544403379910543, 0.004595125291155493, 0.003975869587091671]]
