Ri:[50, 100, 150, 200]
Zi:[100, 200, 300, 400, 510]
FC:[[4.070950461099857, 4.027439605279987, 4.043660728711681, 4.041484009760606, 4.071838250910652], [4.076760107576512, 4.065236375800142, 4.071071841478696, 4.081581960191187, 4.106850995525828], [4.180240034194486, 4.200175057199981, 4.213382399261904, 4.2315556716538865, 4.260249216205811], [4.828649790987982, 4.86986373086514, 4.896310553311954, 4.914439606283493, 4.933313867083023]]
FCE:[[0.040934950508284745, 0.02772580946504956, 0.02260165662522725, 0.0195362655399968, 0.01732054413672391], [0.020311146883469515, 0.014116457364200561, 0.011403795861891922, 0.009839008662465799, 0.008187358743479504], [0.01372851221460021, 0.009349799563829257, 0.0075185582022105615, 0.006475620682840289, 0.005730565361628928], [0.012713043933950957, 0.008692498097863351, 0.0070167878600075825, 0.0060369084345184, 0.00533137636716282]]
fps.ts:[1616262754.39428, 1616266269.7508402, 1616269785.1074, 1616273300.4639602, 1616276815.82052, 1616280331.1770802, 1616283846.5336401, 1616287361.8902001, 1616290877.2467604, 1616294392.6033201, 1616297907.9598804, 1616301423.31644, 1616304938.6730003, 1616308454.02956, 1616311969.3861203, 1616315484.74268, 1616319000.0992403, 1616322515.4558, 1616326030.8123603, 1616329546.1689205, 1616333061.5254803, 1616336576.8820405, 1616340092.2386003, 1616343607.5951605, 1616347122.9517202]
fps.e0:[10682.369622813998, 10678.22846394904, 10731.010178138451, 10697.698479014945, 10714.734323849632, 10704.904731781007, 10678.222811998323, 10695.062802325543, 10681.595879053983, 10678.48441002788, 10665.030228130896, 10681.468758738598, 10660.654527403869, 10702.376862312802, 10640.991954094865, 10685.246837885197, 10686.206623441036, 10693.76064358535, 10664.809254510737, 10655.196789890424, 10703.524741791512, 10698.355365174368, 10696.947823722561, 10671.03483407426, 10700.812129492779]
fps.e0u:[18.672750647911734, 18.421019960897645, 18.32376330731372, 18.319230549931504, 18.55686645699016, 18.41949810500723, 18.489423961231434, 18.49846424609903, 18.43199005523834, 18.546459174152353, 18.731751912597915, 18.944564304133518, 18.60857417119647, 18.382938955104056, 18.828346405042634, 18.494671628808756, 18.53364655477127, 18.635031123683124, 18.765807990046515, 18.775107397556717, 18.498547295074992, 18.649662297304012, 18.63468139786639, 18.495833305966023, 18.970193233028702]
fps.lt:[18763.449278626926, 18877.831389583014, 17340.735435187893, 18172.633010364367, 15615.600848128468, 17028.138534704412, 19546.653339572273, 17184.050100586417, 19067.388449923987, 19696.93206777996, 20216.120359382887, 17121.74744173423, 19765.905356540377, 18046.087215805026, 20160.3210345289, 19044.30679901227, 17269.25361780962, 17114.623379227196, 20096.33941668796, 21156.538952083174, 17055.40262167828, 16985.228270101747, 16040.622155397179, 19144.151940662297, 16858.351688088118]
fps.ltu:[1840.1514775258881, 1845.757854070814, 1548.6708225747539, 1701.8342171845466, 1271.7884033803366, 1509.6716408068357, 1990.625435900705, 1543.2043824927798, 1890.4631137242184, 2027.301288973394, 2160.6135750138783, 1559.3548596884023, 2055.981657587932, 1689.3238641782295, 2149.5076976059836, 1891.809486122395, 1566.3103788823898, 1535.9310358210817, 2132.3655378828958, 2380.2940341192157, 1514.441293402142, 1522.9549356104033, 1358.2024169162537, 1929.4779384244243, 1513.3099571758871]
fps.c2:[0.8112789453558408, 0.8788217142348199, 1.6099966840888484, 1.0937100675165583, 1.9570024221540647, 2.3853508447560587, 1.1112675843624682, 1.9261828873401292, 1.3078293993848429, 1.1318807334135674, 2.0870011719012953, 1.5685756808066649, 2.619125346280768, 1.114879441373603, 1.757609403018981, 0.829350014918652, 1.982887549630599, 1.5223005194298787, 0.9456853122728194, 1.8696374320372928, 0.757335036475025, 1.5186358788306564, 1.7869506154871397, 2.0156978728044126, 0.5736640631358548]
