Ri:[50, 100, 150, 200]
Zi:[100, 200, 300, 400, 510]
FC:[[4.011103580712086, 3.994445289859784, 3.9992414373262384, 4.0099901812607115, 4.030367741251691], [4.012338379814199, 4.01468398153223, 4.035302105968232, 4.053759222370316, 4.078704087507306], [4.102256901049542, 0.1849867453378846, 4.1615960816716875, 4.181714561250737, 4.212232783733083], [4.761064284331816, 4.799296195063341, 4.834246303968792, 4.851050181013655, 4.869038777734463]]
FCE:[[0.0329017635015132, 0.022047754765935366, 0.01779085248467624, 0.015271980267565183, 0.01346589246749067], [0.016337903640799366, 0.01102873516321754, 0.008937574937491317, 0.007719291295318771, 0.006825586123831445], [0.011268496835372876, 12587.018354723337, 0.006054886705189251, 0.005216806360037259, 0.004621840527216549], [0.010261493165835751, 0.007000752540025546, 0.005670533827100561, 0.0048896969722251795, 0.004322319035368421]]
fps.ts:[1613142685.91416, 1613146149.1124802, 1613149612.3108, 1613153075.50912, 1613156538.7074401, 1613160001.90576, 1613163465.1040802, 1613166928.3024, 1613170391.50072, 1613173854.6990402, 1613177317.89736, 1613180781.0956802, 1613184244.2940001, 1613187707.49232, 1613191170.6906402, 1613194633.8889601, 1613198097.0872803, 1613201560.2856002, 1613205023.48392, 1613208486.6822402, 1613211949.8805602, 1613215413.0788803, 1613218876.2772002, 1613222339.4755201, 1613225802.6738403]
fps.e0:[10762.661129044238, 10739.814269895374, 10775.729653355962, 10757.670968954526, 10747.175239746788, 10746.912442920142, 10761.981308627372, 10759.583964813715, 10756.186226386122, 10746.920143236735, 10799.36384048438, 10749.10829268568, 10755.788233532949, 10768.29170778194, 10775.526526855545, 10776.505935128316, 10768.512329465506, 10765.970243893194, 10771.201337868812, 10766.310723482075, 10744.502166849388, 10785.68421864143, 10744.95406621633, 10776.432267047854, 10738.669083059318]
fps.e0u:[15.141483182337465, 15.281238507211167, 15.200696052462002, 15.099463681171848, 15.173111397031583, 15.293874912424718, 15.344229276393254, 15.315049240394135, 15.400707644020477, 14.995521556929292, 15.093196841818342, 15.159272074692904, 15.244897771834415, 15.181056108494065, 15.216459525283861, 15.282953040221214, 15.229357699168123, 15.279775726748333, 15.135972225331766, 15.217516353240054, 15.286669591038441, 15.168738435875836, 15.227140631927641, 15.248803337699266, 15.466563623055773]
fps.lt:[17829.424007553487, 19811.48766900603, 16218.297745108943, 19028.754142234106, 19050.75106881884, 20000.04774877322, 17621.691751002938, 18677.71419211531, 19810.71130660385, 19616.316364217586, 15676.739532566, 21454.43482768819, 19855.52842964301, 18615.40639302376, 17433.239197350616, 17385.883499106276, 18807.083784701674, 17965.248014538993, 18592.06636807563, 17255.760897219767, 19847.37119340029, 16330.831422261925, 19615.929782153667, 16183.433652571437, 19218.151604666193]
fps.ltu:[1343.6636686580428, 1668.3994956567155, 1125.1589459767492, 1530.3663667326614, 1561.5025489006453, 1714.1019759699095, 1327.9370657900256, 1490.7203058208613, 1685.7401032168063, 1621.6204267987332, 1041.880970821352, 1956.4504075827688, 1686.4356987518554, 1472.2458750708838, 1293.27519239761, 1294.4364569189033, 1503.2477394115015, 1380.3992330377346, 1466.7731968667701, 1274.6316532633898, 1684.3301988046496, 1135.4219960464704, 1637.9376899233148, 1128.6185866700869, 1598.0552241558923]
fps.c2:[3.329401510431562, 0.8811082390256778, 1.6519923415421394, 1.4264929907296435, 2.4796612562184017, 0.9748264341570566, 2.2744967915515426, 0.699588389720661, 2.151480003457593, 1.722880932543716, 2.4723473958676387, 1.694210641696921, 1.5197628985876226, 1.2547097120458799, 2.2867114556112544, 0.6961888836641438, 0.9220079655522818, 1.2655404499076286, 1.3396593157940488, 1.373417628269831, 1.3779014624747665, 0.8305254808732235, 2.502938819261296, 0.7848713909476165, 2.929229591043691]
