Ri:[100, 130, 160]
Zi:[50, 100, 200, 300, 400, 500]
fps.ts:[1718.5608199977876, 5155.6824599933625, 8592.804099988938, 12029.925739984512, 15467.04737998009, 18904.169019975663, 22341.290659971237, 25778.412299966814, 29215.533939962388, 32652.655579957966, 36089.77721995354, 39526.89885994911, 42964.02049994469, 46401.14213994026, 49838.26377993584, 53275.385419931416, 56712.50705992699, 60149.62869992256, 63586.750339918144, 67023.87197991372, 70460.99361990929, 73898.11525990487, 77335.23689990044, 80772.35853989601, 84209.48017989159]
fps.e0:[11049.732200777458, 11082.836173046086, 11055.466161916169, 11072.272772660723, 11100.330158202543, 11050.046939821048, 11057.648600023871, 11051.626304125, 11029.528484949253, 11080.919232327904, 11048.868615410083, 11043.88166679094, 11082.66423816359, 11093.346752584877, 11061.03055760479, 11030.06269992001, 11070.243570215931, 11103.15288102606, 11050.594154622986, 11115.551906655432, 11018.84038990619, 11027.549290878718, 11015.28715786823, 11045.303070889635, 11076.092983277016]
fps.e0u:[27.160046776327793, 26.72196954172974, 27.283623765305716, 27.00535929988981, 27.09665422533791, 27.307076279143686, 27.363612411409477, 27.855317073419094, 27.277997887129047, 26.589336281351276, 27.23694859555982, 27.23958357802067, 26.361372471975645, 27.188649034518512, 27.071831485374048, 28.09138377505949, 26.712409537784488, 26.79845864497488, 27.576707031148885, 27.287079057454495, 26.756063310568, 27.393684533235163, 27.67289042330244, 27.447950114456873, 28.566111094706812]
fps.lt:[13626.385420883002, 11795.904030510965, 13201.572105991443, 12703.22199327627, 10823.123402296325, 13269.126500256541, 12917.354663862974, 14092.619053089338, 13844.671568793638, 11750.913461466922, 14017.234041125585, 14642.557410520427, 12466.820195521153, 12347.823151276421, 13009.0255436301, 14569.024128366047, 13445.024038101647, 11424.638031328996, 13888.919885936682, 10991.017600444158, 16358.24511515013, 13496.459726729414, 14917.037809430454, 13556.15511246056, 12325.137168070532]
fps.ltu:[1385.3846573865735, 1033.647814214324, 1310.0994970509805, 1202.4305321789338, 872.0616665912157, 1311.4151807062028, 1251.4150810249726, 1520.8281799275842, 1443.7349048077358, 1026.7599748001396, 1508.3653628218838, 1600.8566300814964, 1133.4205604301187, 1137.4368930664136, 1251.7093212861912, 1630.843184379359, 1323.9008842025362, 965.5558853757354, 1463.4515511389047, 906.4204624776906, 1985.4854911748728, 1381.6894374818032, 1686.8840751031385, 1397.9241221630707, 1184.9958868594344]
fps.c2:[0.5775560207860981, 1.6823662207259473, 1.2789871841575904, 0.8805037348015224, 0.9221526847367857, 0.9612423556895646, 0.8211964723853529, 0.650588998051345, 0.6930191344443218, 1.2610757975096805, 1.1497546898237203, 0.9089992054301828, 0.9931371683898337, 0.8404097986982442, 1.9343675339448934, 1.1311322712708216, 1.96465571463775, 0.5843046043498419, 0.8505420663000256, 1.4716012568858425, 1.1028542839446234, 0.9325084666398135, 0.5185858022042708, 1.328231104382823, 0.7798645759456602]
FC:[[4.165555047844316, 4.193226920191593, 4.248103634283842, 4.23674540178562, 4.230304983276508, 4.248150806578233], [4.3343958771763305, 4.4263835978472175, 4.479948522904698, 4.485083348443075, 4.500537517707113, 4.5136511447793985], [4.723316869890321, 4.778310684604744, 4.815768699756575, 4.818237830211041, 4.846411081390587, 4.8559681592727095]]
FCE:[[0.07676028798718586, 0.047742986368029317, 0.03213264142770957, 0.02521908707680553, 0.021152652141664657, 0.018614387497042067], [0.059024220483753956, 0.03784893230913848, 0.02512626431996732, 0.019818077210539423, 0.01676123233717777, 0.014740049224425936], [0.05346296330287869, 0.03301247548335197, 0.021823790073639143, 0.01721550852972578, 0.014691142302787409, 0.012952103056481297]]
