Ri:[100, 130, 160]
Zi:[50, 100, 200, 300, 400, 500]
fps.ts:[1749.0875199985503, 5247.262559995651, 8745.43759999275, 12243.612639989853, 15741.787679986952, 19239.962719984054, 22738.137759981153, 26236.312799978255, 29734.487839975354, 33232.66287997246, 36730.837919969556, 40229.012959966654, 43727.18799996376, 47225.36303996086, 50723.53807995796, 54221.713119955064, 57719.888159952156, 61218.06319994926, 64716.23823994636, 68214.41327994346, 71712.58831994055, 75210.76335993767, 78708.93839993476, 82207.11343993185, 85705.28847992897]
fps.e0:[10647.30139114394, 10716.821576973221, 10698.916119816855, 10657.808425033501, 10708.108894755145, 10746.026395698274, 10674.043509331254, 10723.656388782745, 10683.88736173096, 10774.860751306816, 10665.753197931432, 10702.410884764065, 10726.890261143486, 10726.438036028108, 10752.449541842652, 10790.37177257008, 10769.533743162667, 10746.597059962838, 10719.281321524628, 10679.397181924289, 10754.030032760413, 10764.156892054983, 10790.819046743425, 10794.773958496997, 10765.815149014863]
fps.e0u:[33.80234451574666, 32.21079733515121, 33.06762524572332, 30.51858913961364, 26.038311614891764, 32.714287814891335, 39.72618833830328, 37.40674904992621, 35.94376668135816, 37.00382903884914, 34.36660693644435, 34.47869833809523, 34.82485236386477, 27.178172045871477, 29.220682437690016, 29.882121390013815, 27.03907883246657, 24.63210336889539, 26.00605801509196, 28.257596990611876, 23.46641082115657, 22.808280602194387, 22.873699017618534, 25.931182963903538, 25.261377727680614]
fps.lt:[7204.2401009536425, 5861.513871429344, 6119.990661252083, 6709.683340543017, 6220.538678633945, 6342.778169719784, 6885.130850883141, 6128.002959129189, 7015.256508620202, 5844.490441673221, 7339.258714268298, 6532.641854212306, 6422.403389365496, 6599.88144721939, 6474.62394390588, 5756.67888592481, 5955.411752357369, 6485.5872003443765, 6722.5309442961925, 7027.744745461775, 6299.444275393212, 6338.561117855055, 6156.251117929704, 5922.102046081465, 6484.09027952647]
fps.ltu:[499.4389112075552, 310.9075266797045, 350.2815299831781, 382.94035543210214, 283.2238139963178, 370.51632858759416, 536.056193538776, 407.5140941459804, 500.3411367325671, 360.55461011205335, 515.6997650810332, 415.6495888724302, 405.1428744779025, 329.59922712406103, 342.9939651380412, 282.8293231293287, 268.836620313658, 290.2425424841409, 330.386804148317, 388.455572540983, 257.02810225284617, 252.50955960565216, 243.13198487645138, 256.58298812465415, 296.6162631739987]
fps.c2:[1.1426360020467081, 2.0083436898378544, 1.9474836446805919, 0.6759839786787217, 1.2287931590330916, 1.7143460302915996, 0.880045660079857, 0.9627013435365094, 0.7669152503938503, 1.0172855356694763, 0.9333534305547028, 0.9506648850029897, 0.8818315488377364, 1.9148865760684994, 0.6790560815717653, 0.7255214171187259, 0.840253062192539, 1.090557959298463, 1.7624399692443462, 0.553437749599375, 1.7008792652928777, 0.7483236419747341, 0.8704352612525551, 1.711969834417079, 1.3706768043826378]
FC:[[4.514798353940887, 4.371671879844499, 4.333021766662213, 4.3726658237971385, 4.434824153652468, 4.497946421494439], [4.4880744457066655, 4.309375758935154, 4.355734203991396, 4.39441730260581, 4.454655489584051, 4.529555234393959], [4.662743053798182, 4.431215071495344, 4.442881843851574, 4.495376491560512, 4.569676239131297, 4.651592429514703]]
FCE:[[0.09094611978721476, 0.04791437830518622, 0.029336255981955658, 0.02303196122205417, 0.019653390667416, 0.017497887917195008], [0.06908776390302122, 0.03651886778712255, 0.02256160149897533, 0.01771166603863862, 0.015126245833748147, 0.01355276157643347], [0.059158235326298034, 0.0302025166365558, 0.018761679462438695, 0.01476773015837382, 0.0126582102201584, 0.011272959281643633]]
