Ri:[100, 130, 160]
Zi:[50, 100, 200, 300, 400, 500]
fps.ts:[1736.3626799964904, 5209.088039989471, 8681.813399982453, 12154.538759975432, 15627.264119968415, 19099.989479961398, 22572.714839954373, 26045.440199947356, 29518.16555994034, 32990.89091993332, 36463.6162799263, 39936.34163991928, 43409.06699991226, 46881.792359905245, 50354.51771989822, 53827.2430798912, 57299.968439884185, 60772.69379987717, 64245.41915987015, 67718.14451986313, 71190.86987985611, 74663.59523984909, 78136.32059984206, 81609.04595983506, 85081.77131982803]
fps.e0:[10958.967869854145, 10940.23901921962, 10947.315138513668, 10954.02507113222, 10934.176475953744, 10931.857527823802, 10941.178905412795, 10920.833632533258, 10933.115943658184, 10909.525281884778, 10923.855254607877, 10919.226705769428, 10923.38706157988, 10931.902870785088, 10923.92519523695, 10939.699957901441, 10930.005175598457, 10924.146276328955, 10942.164211276066, 10922.125609410677, 10926.53775546998, 10936.986802327083, 10916.51326710411, 10943.684582926186, 10913.218914073881]
fps.e0u:[9.32766468957068, 9.465703688310406, 9.404929655306198, 9.449642899492991, 9.496005595757396, 9.57033293603701, 9.493117055069927, 9.475728412817773, 9.51979495192228, 9.53518432205625, 9.421725656989661, 9.4588128107703, 9.5179136836431, 9.467798731415979, 9.53651318375651, 9.47444509132362, 9.524364191438698, 9.546335895809579, 9.469299693020947, 9.515958190481843, 9.496550543262941, 9.519429482035013, 9.472338248982041, 9.517819489821338, 9.5910918464279]
fps.lt:[3452.464419502122, 3513.0978671074226, 3532.7429107633816, 3498.279954638911, 3573.424687893455, 3586.311599850655, 3557.2020707726124, 3602.601682963563, 3573.209646255283, 3697.988599810862, 3627.677253386378, 3677.984706641269, 3678.208865389536, 3661.4612884265453, 3719.930373453959, 3676.5000855009844, 3728.024470846917, 3757.1974833934587, 3756.4549759081924, 3811.5432697808196, 3788.9039074503116, 3808.7134351516866, 3899.70533579059, 3805.634528134267, 3920.2010323456175]
fps.ltu:[31.94793632381274, 33.38699359015765, 33.51716365627661, 33.09625780792401, 34.51826297554253, 35.224154126683445, 34.298094643979404, 35.29029047255618, 34.778531783151216, 37.215494468562504, 35.794016610023135, 36.75550471541086, 36.858855674854375, 36.63134144454075, 37.7773358185653, 36.685459079685025, 37.98050215288589, 38.83204520816784, 38.252920389868464, 39.83343315030922, 39.07102329553874, 39.3925481906495, 41.255340148613456, 39.71013872030013, 42.44445556825595]
fps.c2:[1.2234059297732438, 1.077096007454841, 2.2263729382807664, 1.8506768440632668, 1.8149192288877478, 2.446762137700514, 2.038236883589186, 2.1249235693492534, 3.7047330538030945, 2.7192430876897933, 1.647999339293937, 1.6568508080940814, 1.674714921088615, 1.6379415445577545, 3.2471828834233962, 2.6280129900284064, 1.9214969257063892, 1.167735188788299, 2.2927544489662037, 1.813599953706786, 1.576178602920833, 2.000301302740059, 1.416674019877869, 2.0862260213668264, 1.4537147186256403]
FC:[[3.6574088800383566, 3.7191868425766472, 3.8013628747896755, 3.8909453561865988, 3.9746811155950517, 4.065588875246], [3.701230166713305, 3.7571759118763115, 3.8377558438002097, 3.9241607145374564, 4.015877197360232, 4.104241806673178], [3.7868108610078295, 3.836692524647381, 3.923930875902633, 4.016760314799647, 4.109071427356313, 4.194642928074339]]
FCE:[[0.024608167156844836, 0.012324337350092206, 0.007732435982707374, 0.006301554825748825, 0.005582880395256142, 0.004921898214493586], [0.019327994293477587, 0.009584897696208683, 0.005989442666305041, 0.004884706070540142, 0.004244661210976628, 0.0038287471641275076], [0.016357211036850824, 0.008040398141698173, 0.005029078270859486, 0.004021488897716227, 0.0034868660796863473, 0.0032172097452049355]]
