Ri:[50, 100, 150, 200]
Zi:[100, 200, 300, 400, 510]
FC:[[4.074140716494204, 4.037104383418455, 4.045607498757855, 4.047161773745369, 4.040504520504031], [4.026956383738187, 4.034450626413093, 4.054397946655417, 4.071852923907133, 4.090185740751865], [4.1443785361452665, 4.149387281062, 4.184960292055345, 4.208916041643924, 4.233116025756089], [4.777730587730556, 4.80842946381238, 4.846243335112371, 4.8715445667951025, 4.884778677059786]]
FCE:[[0.038203072390438686, 0.02537881899807278, 0.020455712416047232, 0.017656705150056618, 0.015462143551504085], [0.018723246508659107, 0.012596246562216574, 0.010188535676675589, 0.008805378228974937, 0.0077779273575884255], [0.012929004497657551, 0.008742996281835134, 0.007098791013361144, 0.006140487611873782, 0.005439453058928328], [0.0117588815335461, 0.007991914159740461, 0.006469072724325057, 0.0055956810504165415, 0.004942862275999608]]
fps.ts:[1614934983.91468, 1614938421.26204, 1614941858.6093998, 1614945295.95676, 1614948733.30412, 1614952170.65148, 1614955607.9988399, 1614959045.3462, 1614962482.6935601, 1614965920.04092, 1614969357.38828, 1614972794.73564, 1614976232.0830002, 1614979669.43036, 1614983106.77772, 1614986544.12508, 1614989981.4724402, 1614993418.8198001, 1614996856.16716, 1615000293.5145202, 1615003730.8618803, 1615007168.2092402, 1615010605.5566, 1615014042.9039602, 1615017480.2513204]
fps.e0:[10705.895909789231, 10721.48449375958, 10669.54084274565, 10705.038497136109, 10723.545939595768, 10702.98753702582, 10684.062786130293, 10679.93630630745, 10697.72424259984, 10666.125764078775, 10679.414153253985, 10685.977710587138, 10683.582742237382, 10675.373824629765, 10678.65594821843, 10699.439314812731, 10676.097431067159, 10701.937187188994, 10672.590882114153, 10708.136014646752, 10698.835540588636, 10716.048451671755, 10687.871894509308, 10725.381887117659, 10736.46300024333]
fps.e0u:[17.10911662614281, 17.203316873462814, 17.190116566696453, 17.17119428887963, 17.260798236380626, 17.29804744009015, 16.937214806663572, 17.293223087949645, 17.282912565782812, 17.159761190764716, 17.07365349604496, 17.338024198350467, 17.329097499941103, 17.27602173975107, 17.40658278382994, 17.138768788731426, 17.44743340951126, 17.20853303738022, 17.28947754745449, 17.1710361095878, 17.211075822811885, 17.5609503346851, 17.43616613921199, 17.457319830539184, 17.262072178167568]
fps.lt:[17988.035879004612, 16432.592641480194, 23038.557538738067, 17310.886501489917, 16586.907417385988, 18305.9100709034, 18788.774355149035, 18948.26606200666, 18747.87837349511, 20070.93450267735, 23048.932926829035, 19012.096398969396, 19907.115234748184, 19339.074940077735, 19303.474226230624, 17923.838719051786, 18568.50286778806, 17171.057684442552, 19898.784504414187, 17023.202877231637, 17629.365350633645, 17299.069135634712, 19132.17801168532, 16223.092284167566, 15190.62395065377]
fps.ltu:[1560.2383220062354, 1313.8223978899598, 2564.2193593174393, 1448.9158477814904, 1341.6974984799901, 1626.9525466963416, 1697.6247001089503, 1740.8152846821486, 1705.252139735817, 1952.8530062975065, 2550.2643790564307, 1766.742092296254, 1938.3157620203554, 1818.039622136895, 1811.1841412582492, 1555.657947756961, 1703.288314752089, 1427.7423285014238, 1936.8322867036225, 1405.246134263178, 1504.8477826546898, 1461.3844376157392, 1798.6140734489506, 1291.183521879863, 1120.361219119655]
fps.c2:[1.9747951578460876, 1.6509969313237887, 2.4495544026965557, 1.2079826890067353, 1.1050428400805172, 2.6520280435328756, 0.9273948451213927, 1.472214272011296, 1.7870611520978246, 1.5437729106459452, 1.9227154087394633, 1.175474628755899, 1.745300220974814, 1.3513267426568605, 1.6328791428965788, 0.8531402933099671, 0.7376275254813481, 1.4947321711509325, 1.2449652748601314, 2.0906584708174174, 1.7380648777590808, 1.3405961849777446, 1.1614662793032726, 1.4782510326640756, 1.4806201730787956]
