Ri:[100, 130, 160]
Zi:[50, 100, 200, 300, 400, 500]
fps.ts:[1775.6181199979783, 5326.854359993935, 8878.090599989891, 12429.326839985848, 15980.563079981805, 19531.799319977763, 23083.035559973716, 26634.271799969676, 30185.50803996563, 33736.74427996159, 37287.98051995755, 40839.2167599535, 44390.452999949455, 47941.68923994541, 51492.925479941376, 55044.16171993733, 58595.39795993328, 62146.634199929234, 65697.8704399252, 69249.10667992115, 72800.34291991711, 76351.57915991306, 79902.81539990903, 83454.05163990498, 87005.28787990093]
fps.e0:[10867.513477945886, 10850.22111561832, 10862.10767552299, 10876.697611283027, 10840.185157465012, 10843.526363573426, 10865.44292429909, 10856.055939697628, 10883.271451099245, 10866.587835721812, 10860.499093414066, 10877.57271256361, 10865.643734503836, 10873.595247617448, 10853.952777367937, 10862.848985891773, 10846.724989067972, 10835.094226304542, 10853.694425818214, 10862.207523367153, 10874.79081333501, 10840.178834432858, 10842.959779829998, 10870.321968640828, 10861.688442527537]
fps.e0u:[9.38099154899571, 9.479008706392435, 9.496709055852888, 9.549833515992509, 9.692644788867456, 9.706207969608942, 9.625080618522617, 9.741153622688987, 9.697766652227248, 9.740664951595607, 9.724883600708491, 9.760515442918233, 9.78394514991169, 9.72773383226609, 9.832261208100228, 9.800012516394261, 9.729772454659575, 9.787015273246203, 9.681252170476238, 9.803212632307138, 9.741405258888829, 9.889702941949082, 9.73764178660729, 9.723685895658855, 9.66103232308561]
fps.lt:[5900.660593865801, 5982.241800280559, 5827.449997162006, 5717.196966941804, 6044.36379048112, 6026.515740281107, 5888.2215689938075, 5912.021332136038, 5680.446798781457, 5798.128844135295, 5812.142266588283, 5729.595181712289, 5805.0096553622625, 5722.247256900323, 5864.68998028525, 5745.361444702017, 5890.252787687133, 5916.124864177495, 5907.559030400601, 5722.787856816598, 5601.401856203617, 5847.673837878918, 5782.453012855584, 5605.523372483315, 5645.302126687278]
fps.ltu:[89.39360259141687, 93.23007585423446, 88.57888536747777, 85.32155821707458, 97.32437686132445, 96.57486669721952, 91.72209032322051, 93.48685948868479, 85.85235502118785, 89.66250932676732, 89.76579202889856, 87.59893206223435, 90.10085748412399, 87.61605877848336, 92.4937317228463, 88.79580910780336, 92.89685205371316, 94.11675297529779, 93.06541809883926, 88.27704699322267, 84.03394919050207, 92.88837786893076, 90.04484223560193, 84.53934194271937, 84.69788829641341]
fps.c2:[3.599857755694927, 2.8161868186641703, 2.348105049133227, 1.4245196261465423, 2.705528925566704, 1.3922024614706199, 2.371778555706792, 3.7446888308720756, 4.1476506986896515, 2.9170657365309802, 1.892032401497074, 2.5297435240702075, 2.288184082360886, 1.8531059240659606, 3.221644522634305, 3.3143845042601936, 3.047249308329517, 2.5660912994108576, 1.877506617081398, 0.9042425636385407, 2.844705758364837, 2.7030663192138418, 2.289125841564098, 2.8461932504305167, 4.085248022540839]
FC:[[3.7685358004405063, 3.8268428869676097, 3.8580058035988913, 3.898886072616667, 3.947441081165072, 4.000944122745843], [3.824600963434358, 3.8594358131617477, 3.9023805438598953, 3.9534272280986174, 4.001663614522553, 4.056199794221947], [3.938214261826987, 3.988220675367196, 4.042958639784671, 4.095397991869374, 4.1515774236426335, 4.205425968107649]]
FCE:[[0.025757726053671434, 0.013778534708632688, 0.008504057348521882, 0.006617707197094741, 0.0056079774844264695, 0.004978497182250334], [0.02025746355155828, 0.010697123367944993, 0.006594904296180193, 0.0051491597132492135, 0.0043704882976431875, 0.003794248628150762], [0.01741478507579791, 0.009156172568756426, 0.00549887891143821, 0.004297065241386852, 0.0035675675462403618, 0.003171523741187872]]
