Ri:[100, 130, 160]
Zi:[50, 100, 200, 300, 400, 500]
fps.ts:[1639.0152199983597, 4917.045659995079, 8195.076099991798, 11473.10653998852, 14751.136979985236, 18029.167419981957, 21307.197859978674, 24585.228299975395, 27863.258739972116, 31141.289179968837, 34419.31961996555, 37697.35005996228, 40975.38049995899, 44253.41093995571, 47531.44137995243, 50809.47181994915, 54087.502259945875, 57365.53269994259, 60643.56313993931, 63921.59357993603, 67199.62401993276, 70477.65445992947, 73755.68489992619, 77033.7153399229, 80311.74577991963]
fps.e0:[10641.920836199426, 10635.39915295323, 10640.862862255583, 10659.05594512714, 10656.43480890377, 10656.781100854581, 10670.772265406316, 10672.490088309398, 10656.92917491349, 10670.30513443432, 10694.666529447595, 10678.13081993601, 10671.12460508355, 10684.358856578307, 10691.880477050798, 10699.657018171525, 10710.590919500246, 10708.586082686339, 10706.550670078479, 10714.71750693811, 10713.882312959164, 10731.894600449717, 10720.50202142384, 10701.4033988498, 10708.082265006551]
fps.e0u:[12.196246186433697, 12.132754352359909, 12.24246287962534, 12.191576970082224, 12.35042872755505, 12.231799133545252, 12.306553881478756, 12.285310513617961, 12.253172029964398, 12.287080467273167, 12.263568458971898, 12.280627649185089, 12.267135751543144, 12.415591464459009, 12.337249281023993, 12.188575422190938, 12.210053895603416, 12.287403581096099, 12.258091812666459, 12.307638019194453, 12.353700057353977, 12.284433913997113, 12.282947747363863, 12.196302751741413, 12.283577926427249]
fps.lt:[5228.595664692515, 5297.854043659331, 5283.937125289383, 5156.958356586601, 5265.612197016762, 5370.750310315193, 5320.254713834888, 5214.876191741023, 5363.6589922166195, 5303.971676491012, 5110.351170122433, 5319.203969746496, 5267.832388704635, 5186.300173770622, 5225.836634288819, 5174.452273080346, 5182.538136693301, 5140.39574518675, 5173.05139612723, 5141.724226357468, 5120.086879794558, 5155.833218183053, 5148.754448030789, 5264.090077169617, 5164.903875223156]
fps.ltu:[92.40862068695036, 95.03787614051706, 95.28054518852998, 90.53117661372433, 94.74097733765834, 97.7102303138651, 96.40890518759761, 92.80230481171701, 97.7787693707148, 95.41553827792886, 89.04414751866157, 96.12551123699005, 94.56679835532145, 92.34286450812029, 92.88500579346605, 90.86154042229876, 91.07853115461164, 90.0350252273148, 90.8645425929015, 89.70392160469065, 89.58305450688493, 89.98340859855952, 90.12641676060761, 94.17358331332181, 90.5767424870108]
fps.c2:[1.2068635563814523, 1.6677688763636653, 1.8325326666486856, 1.9164024289228438, 1.5453520958270497, 1.138836768502352, 1.613328973296775, 1.116695765010154, 2.107458699521867, 2.3743986903570833, 2.024213859826948, 2.356505390148502, 2.457405925903906, 1.5825626352129065, 2.3726523496461294, 1.4768683384994823, 2.176964862676145, 3.278095825882543, 1.0728548996844551, 2.0977163291364542, 1.9856784882874396, 1.8266936433996306, 3.0499334065554207, 2.3348467975986966, 1.3673921043714736]
FC:[[3.8271955001135973, 3.8715163240282338, 3.895525833277226, 3.9439004310033776, 3.9888564367804014, 4.038219494092899], [3.882974214921738, 3.891386245539168, 3.932836788484493, 3.9800628563420286, 4.029218167980248, 4.084665062434389], [4.004419197633795, 4.012159975336445, 4.0600049676183545, 4.111078168180487, 4.16375353193191, 4.224222204393705]]
FCE:[[0.03614707086055308, 0.018380551460680405, 0.011081576111176624, 0.008625006349273833, 0.00725244900817068, 0.006403890151593448], [0.02869126986556741, 0.014196698004440962, 0.008549348288466315, 0.006649117657669457, 0.00560663688908277, 0.004848311114530557], [0.024016557609005142, 0.012059254587364291, 0.0072508310387806914, 0.005494829276006267, 0.0046492332064758685, 0.004040077850899524]]
