Ri:[100, 130, 160]
Zi:[50, 100, 200, 300, 400, 500]
fps.ts:[1730.4320599985122, 5191.2961799955365, 8652.16029999256, 12113.024419989586, 15573.888539986609, 19034.752659983635, 22495.616779980657, 25956.480899977683, 29417.345019974706, 32878.20913997173, 36339.073259968754, 39799.93737996578, 43260.80149996281, 46721.66561995983, 50182.52973995685, 53643.39385995388, 57104.2579799509, 60565.12209994793, 64025.98621994495, 67486.85033994197, 70947.71445993899, 74408.57857993603, 77869.44269993305, 81330.30681993006, 84791.1709399271]
fps.e0:[10893.136423365733, 10929.350998911577, 10915.641761175082, 10902.619624349134, 10894.348455043468, 10898.434696125389, 10895.311262806303, 10926.565940858354, 10907.881562171755, 10893.58121485791, 10921.261724501808, 10893.393997148258, 10897.569924549114, 10907.669798215602, 10904.257174026894, 10911.533286258766, 10891.169425977765, 10902.729918715966, 10917.234433299249, 10898.404311951555, 10896.1128966977, 10923.229451133358, 10922.231568642757, 10896.363004581277, 10909.503433426087]
fps.e0u:[10.56532389389061, 10.46487538865364, 10.561772567314902, 10.61870424238553, 10.601099793872734, 10.540153610732803, 10.541097539426794, 10.534009043515807, 10.519329381923631, 10.581816006548024, 10.463168742310067, 10.500606319716459, 10.546964466230614, 10.587117279461578, 10.467498645381777, 10.523441149661272, 10.610864478979755, 10.551982462891242, 10.49438917328226, 10.521497732459778, 10.507260596618243, 10.517061453824175, 10.473636302147249, 10.54006968603576, 10.458365251124583]
fps.lt:[6026.983693213294, 5821.879385033568, 5859.600772524683, 5822.408536640574, 5867.546235755987, 5811.245300072005, 5903.779335945483, 5590.984240042611, 5753.222815302707, 5931.085574915861, 5608.731971611312, 5761.810096018801, 5805.937519675075, 5795.261309923347, 5785.739157026633, 5743.513834473095, 5879.71526114961, 5824.280714026215, 5696.241272363839, 5848.112071735361, 5909.850313183311, 5646.711372439923, 5693.072604420932, 5846.097115278234, 5803.322995209131]
fps.ltu:[104.35035012690061, 96.80401156464485, 98.60478281636284, 98.19578214595937, 99.26586398653235, 97.34201538760946, 100.24754597969857, 89.80636670584214, 95.03252208668599, 101.14140522188407, 90.25660899043949, 95.45616613183107, 96.65160068266165, 97.31835889811558, 95.70186869727614, 94.5632449071223, 99.87517072865073, 97.49925480902968, 92.88781694077457, 97.83283629874883, 99.9916658459499, 91.42987648699065, 92.49777530689366, 97.85740001730848, 95.80101454751684]
fps.c2:[3.246650802586506, 1.6265800441304978, 3.359412514545326, 1.9251066526935376, 3.134283179616698, 1.186969542663555, 1.2438843282366139, 2.4735560572500095, 1.3619565963045703, 2.51669833121615, 2.975346335746828, 2.7591421728438896, 3.2901189383309277, 2.292942008384476, 2.271345249762461, 1.2556180035908602, 1.6512609938803506, 2.3128858968438015, 2.5531246390486713, 3.021498365523566, 2.020728223670353, 2.4140863677192987, 2.015649207190959, 3.010213128963916, 2.7732044704175416]
FC:[[3.8068050957661588, 3.8380790378553318, 3.8681446532769628, 3.911856505173373, 3.9645896815336794, 4.01263050161084], [3.8620207218106883, 3.874336664490917, 3.9133298235914356, 3.9573944286299234, 4.012779632055317, 4.0627943438294345], [3.98538042081776, 3.9913224968503567, 4.035195857229181, 4.081085647679794, 4.136380530618434, 4.188934512682871]]
FCE:[[0.028672754989693527, 0.015204146707067533, 0.00929201077618787, 0.0072413093811262005, 0.006014277523471039, 0.005315847449477083], [0.022247080400222784, 0.011820529673737918, 0.007215367994600552, 0.005621352206554261, 0.004668399757184634, 0.004139494424118092], [0.01902748020347432, 0.009776092679609058, 0.0059560756784061055, 0.004644405492250448, 0.00387088446920292, 0.0034403639809519916]]
