Ri:[50, 100, 150, 200]
Zi:[100, 200, 300, 400, 510]
FC:[[3.9674264937984947, 3.996482006146347, 4.004059295158624, 4.0389018601842075, 4.05350089437561], [4.039305493942323, 4.044159122619059, 4.0612189817420825, 4.089850634957872, 4.112645100897846], [4.157592304404982, 4.177632015978057, 4.200837300957269, 4.226605008153463, 4.254477280676207], [4.797354801589423, 4.834773576096315, 4.8698211215706815, 4.897110820476224, 4.916131502630664]]
FCE:[[0.043072820221053326, 0.02905328712693886, 0.023201027182412882, 0.02024432006334507, 0.01779237387091612], [0.021619437042446985, 0.014531070266415851, 0.011386624669934458, 0.00987275186453779, 0.008719109813749407], [0.014250176597600462, 0.009583633754635064, 0.00773136785375103, 0.006676967499525432, 0.005909222076408945], [0.013114756364549765, 0.00889725221888241, 0.0071996009012614565, 0.006220761095869823, 0.005493944101451724]]
fps.ts:[1617620028.42566, 1617623874.68298, 1617627720.9403, 1617631567.19762, 1617635413.4549398, 1617639259.71226, 1617643105.9695802, 1617646952.2269, 1617650798.48422, 1617654644.74154, 1617658490.9988601, 1617662337.25618, 1617666183.5135002, 1617670029.7708201, 1617673876.02814, 1617677722.28546, 1617681568.5427802, 1617685414.8001, 1617689261.0574203, 1617693107.3147402, 1617696953.57206, 1617700799.8293803, 1617704646.0867002, 1617708492.3440204, 1617712338.6013403]
fps.e0:[10690.076796516461, 10679.049170617716, 10696.301788734534, 10689.418078097047, 10667.501977790549, 10715.10914317774, 10688.658552226012, 10665.795774087774, 10692.972318928381, 10637.151881202712, 10676.694058154577, 10658.891553378146, 10661.863659765077, 10662.239302903648, 10648.007727588754, 10665.425845275353, 10667.01009507197, 10710.389332726647, 10651.54780582138, 10681.212279023779, 10675.419259889948, 10653.493881500568, 10707.078065623646, 10684.729004994479, 10648.140667961115]
fps.e0u:[19.245625520186014, 19.240747984063578, 19.179957626244263, 19.029244152684555, 19.225639652224967, 19.219935599359328, 19.272468385339664, 19.218944342677144, 19.35404767159953, 19.270778328264704, 19.27012720110207, 19.384108567796854, 19.141260004697898, 19.171473531346777, 19.341866520081048, 19.18641867994846, 19.16213840253416, 19.003623521722766, 19.28616524995634, 19.29069117225556, 19.297125685106074, 19.387223433616334, 19.2565737644212, 19.20572572218077, 18.91700938864919]
fps.lt:[18239.49747729846, 17424.394948385238, 17291.943930445315, 17826.8649869449, 20138.25477454292, 16032.230070682936, 18150.95782538812, 20667.68815046642, 17795.760469993213, 24233.989034371836, 18128.26729766394, 20423.684484814356, 19481.556698443786, 19838.60050543174, 21930.48447599592, 20353.614380296458, 19560.65793933438, 16237.187201582521, 22733.596772189045, 17404.106432795495, 18641.72940015608, 20693.10020803167, 17579.457124900517, 19408.508495316197, 22131.367566965982]
fps.ltu:[1803.9470437615742, 1634.1007316601483, 1612.6397799396366, 1713.5962051360236, 2204.876515068926, 1394.337357049301, 1789.1835915685208, 2309.038437978413, 1726.4996719845662, 3189.1703144225157, 1786.3801286198673, 2260.6077962446916, 2045.9379927173845, 2133.097158948091, 2621.536883745804, 2248.303956071338, 2062.7282889460635, 1429.6190774201982, 2812.4059600179116, 1646.7211086279476, 1899.8580033440735, 2324.9776319775324, 1680.4380503543853, 2039.8311091989244, 2628.2983137808737]
fps.c2:[1.3579011576443993, 0.6649955415191365, 1.2323802813859195, 2.9690186591779497, 1.8066032219105912, 1.1951149439100708, 0.7416515308597508, 0.6900121976892356, 1.9204662146956581, 1.7067410365276516, 0.8742056097883846, 1.3357680551478563, 1.720726661716338, 0.7639362860230764, 1.2385435842506882, 0.7531450627532437, 2.0502443479619528, 1.959258206501571, 1.3635729777451315, 1.8179646495924482, 1.3411323209353476, 1.1264576106328277, 1.0976659827280686, 0.8346539521923553, 0.9257619793230784]
