Ri:[100, 130, 160]
Zi:[50, 100, 200, 300, 400, 500]
fps.ts:[1708.8164599990844, 5126.449379997253, 8544.082299995422, 11961.715219993592, 15379.348139991758, 18796.98105998993, 22214.6139799881, 25632.246899986265, 29049.879819984435, 32467.5127399826, 35885.14565998077, 39302.77857997894, 42720.41149997711, 46138.04441997528, 49555.677339973445, 52973.310259971615, 56390.943179969785, 59808.576099967955, 63226.20901996612, 66643.84193996429, 70061.47485996246, 73479.10777996063, 76896.7406999588, 80314.37361995697, 83732.00653995514]
fps.e0:[10883.875855253711, 10875.19346475985, 10853.55412631727, 10869.150210146357, 10887.40702179299, 10861.119433209175, 10852.331839224817, 10876.12490033171, 10847.810348288807, 10840.504564444904, 10844.05931576366, 10873.583909969571, 10869.92494842404, 10864.825994993796, 10867.65975242192, 10872.08913847562, 10886.511338071412, 10884.912057687987, 10873.637156860932, 10879.284931656472, 10858.034442114153, 10841.510552698013, 10865.384283905338, 10867.4475984342, 10859.52787028965]
fps.e0u:[11.576049281026757, 11.594363585617721, 11.595168804833957, 11.527282131513443, 11.628525565106735, 11.62861316290011, 11.691696139002199, 11.708125592006093, 11.674084929868169, 11.545654445328557, 11.683239472373186, 11.76109372468315, 11.634361628747499, 11.6421805000168, 11.673933303069607, 11.741319141132077, 11.504658226997003, 11.774463608421422, 11.658348268723206, 11.684309301478379, 11.6868527401192, 11.6487124227229, 11.697244398009392, 11.6741259001335, 11.992502167393319]
fps.lt:[8056.0071136158895, 8285.753705987212, 8529.860461007294, 8292.63139742404, 7969.487110624569, 8592.89969923298, 8661.999136643923, 8197.980108938413, 8655.760878562725, 8845.955228762656, 8793.356978500668, 8321.587034800967, 8347.299980135509, 8490.342512443502, 8252.56755245842, 8362.724286015797, 7992.221781408347, 8104.0060910586, 8336.78514686159, 8266.636133321388, 8761.975855545792, 9116.99722038098, 8460.600973643923, 8450.18393561695, 8662.931326331349]
fps.ltu:[207.13480315341755, 219.79358784756596, 232.26476911482362, 218.0509765359351, 203.0897607860162, 237.1165129672895, 240.48991456509947, 215.94208033939165, 241.06490681680998, 249.20978957202422, 248.7240820409778, 224.05552631555943, 222.46511228146684, 230.54970701225557, 218.8740142164303, 226.02006398535218, 202.17025791497508, 211.92718476885082, 223.2550610719279, 220.57190605303552, 246.19467474933967, 266.59012241393197, 230.46704972174382, 228.8489654741034, 245.81168072691005]
fps.c2:[1.4619417909109678, 2.3679868830901833, 2.4907223388090864, 1.1628236496728097, 1.3241611976109442, 0.7019964420506871, 0.9000013035364868, 1.1037577968412868, 2.294670342639775, 0.8182210449595005, 0.987455544144133, 2.4356087499322365, 1.1501933360587513, 1.0776101336441117, 1.3777369837763138, 1.3032599079354659, 3.4803319135373276, 2.49804738407681, 1.835441478278612, 1.9781136825825953, 1.3487312031446388, 1.4727374277406005, 2.1696990045140714, 3.20780458412718, 1.2101834238910127]
FC:[[3.7707096603832078, 3.803926557687219, 3.8213205105323924, 3.84671313374093, 3.8874688543032137, 3.9288078768980768], [3.826324721614373, 3.8600793212119036, 3.869682701444186, 3.90047162010671, 3.9420923721457735, 3.9888717844334853], [3.945297084798911, 3.9975280104530753, 4.012784321537971, 4.0501829572110974, 4.092314476886963, 4.134355684318076]]
FCE:[[0.02885222788674637, 0.016247987339031374, 0.010272401830035902, 0.008003939228568504, 0.006811134338030434, 0.006027141999267209], [0.022624380207720448, 0.012676835373911727, 0.00797070858365567, 0.0062263216753679395, 0.005308005817528698, 0.004604291228280669], [0.019417801175775812, 0.010619769160347218, 0.006659059665194583, 0.005225024698789672, 0.004451851847649041, 0.003955341455635785]]
