Ri:[100, 130, 160]
Zi:[50, 100, 200, 300, 400, 500]
fps.ts:[1717.696020002365, 5153.088060007095, 8588.480100011824, 12023.872140016556, 15459.264180021284, 18894.656220026016, 22330.048260030744, 25765.440300035476, 29200.832340040204, 32636.224380044932, 36071.616420049664, 39507.00846005439, 42942.40050005913, 46377.792540063856, 49813.184580068584, 53248.57662007332, 56683.96866007804, 60119.360700082776, 63554.752740087504, 66990.14478009223, 70425.53682009695, 73860.9288601017, 77296.32090010642, 80731.71294011115, 84167.1049801159]
fps.e0:[10951.663174751202, 10915.275955780018, 10919.157285663814, 10917.664825338297, 10930.311085336465, 10950.495683294595, 10930.782445197014, 10946.66072436454, 10945.885103897353, 10938.46564798813, 10938.684254169224, 10949.540027520994, 10951.226417971404, 10939.87654360019, 10946.02782569767, 10938.396635386021, 10972.561978130812, 10961.065062809073, 10941.379271139107, 10948.131665387993, 10943.127529428426, 10937.58287702578, 10947.835147905014, 10926.256386219646, 10945.421018637273]
fps.e0u:[15.308827631942354, 16.129633066304272, 15.603899805042595, 15.414174310626182, 15.095609025231486, 15.19020937149175, 15.314046364387256, 15.10199139662646, 15.353511532414585, 15.563158486658427, 15.342954664563806, 15.278209091405921, 15.424888108182097, 15.48175701966451, 15.457458874546095, 15.532598067119146, 15.399952237897619, 15.345184970964738, 15.554319117491053, 15.340653060183122, 15.23024222630115, 15.617823977591245, 15.130786230018277, 15.347465906672026, 15.315133917289138]
fps.lt:[12308.686389851724, 14025.53552666615, 13375.377785401171, 13830.33710395258, 13412.006418896506, 12686.492881577822, 13218.885648240688, 12455.351290728626, 12500.29817797494, 13559.301608836618, 12769.100458014083, 12130.689924404287, 12462.14424069333, 12665.971687375073, 13157.629734535665, 12931.7217315908, 11808.39980709448, 11497.826382745294, 12392.10170353157, 12228.236563959908, 12098.153113224911, 12568.35665211942, 12809.241926919793, 13967.403009630732, 12745.694751180139]
fps.ltu:[636.9794694593478, 870.5259525761174, 769.330599052178, 809.4420568330452, 746.9387663412517, 673.8350500258666, 740.4153377518611, 652.4398284844344, 659.6788506225068, 781.0424118500501, 689.9262038721278, 619.7985082719545, 659.6978257215027, 688.8935127708387, 737.5354329239724, 716.2127481250485, 591.3878229347825, 558.4025421756514, 656.2493274569088, 636.6427220590491, 617.461156485165, 678.4366718021872, 687.4892844612123, 825.1937962566346, 689.1677417190031]
fps.c2:[1.3978416042333064, 0.9601840234686485, 0.8914202126214137, 1.3634716417818298, 2.202358038766101, 0.9423748621458188, 0.75610036379311, 1.9655801742233785, 1.0418176265668087, 0.8947856854751796, 1.7575047474938756, 0.8811543932155046, 1.1818759752720136, 1.0187953418053253, 1.6675824399449521, 1.8129258114517024, 0.9909337103502404, 0.5332224368879305, 1.1756018467333873, 1.3896021427647052, 1.1707891788342972, 1.2527990767994543, 1.7020487064056669, 1.2405677188671793, 0.9066985970774161]
FC:[[3.8208743108524024, 3.867011086702334, 3.8794460931336183, 3.9130037016763097, 3.9386958100893743, 3.9605224109564925], [3.8367218131430922, 3.8928573722897877, 3.9209729622689764, 3.9489020855651193, 3.9811546226375607, 4.008786317650378], [3.988350816431113, 4.031153436520535, 4.053444904724687, 4.083928078535838, 4.115745991350412, 4.140966357199253]]
FCE:[[0.033743407987405265, 0.021006367906037254, 0.013927410487530273, 0.01105642568784813, 0.009416892676035987, 0.008303948080331474], [0.026010798427202466, 0.016247520399185908, 0.010766912221522422, 0.00853642765205716, 0.007297911627897109, 0.00646776608116279], [0.02182422827369089, 0.013613771631378278, 0.008975710017038254, 0.007129097908990401, 0.005940738005786461, 0.0052635417941339375]]
