Ri:[50, 100, 150, 200]
Zi:[100, 200, 300, 400, 510]
FC:[[4.060494460580827, 4.09679604601578, 4.0585195987166225, 4.0629948024008735, 4.089712106568632], [4.010261157798812, 4.0447328374732665, 4.0566696373905815, 4.078103985740463, 4.101568868057189], [4.119913150050013, 4.154075705275912, 4.179130873389559, 4.205207098166031, 4.2361392541297365], [4.727941168523255, 4.784817282790986, 4.825883886305229, 4.854989650383954, 4.8801585857824135]]
FCE:[[0.04289687409607583, 0.02959410489807878, 0.02323458582779484, 0.01990892147739956, 0.01759559478986993], [0.02089512756665123, 0.014286708268150013, 0.011517841511932228, 0.00993652494959854, 0.008770679151221086], [0.014495016109709347, 0.009895620836650494, 0.007994598683645921, 0.006901851949014133, 0.0059368960784690165], [0.013250655047990459, 0.008956699019125504, 0.007257116436423453, 0.006267979393924281, 0.005543545731291109]]
fps.ts:[1605716458.45514, 1605719908.55942, 1605723358.6637, 1605726808.76798, 1605730258.87226, 1605733708.97654, 1605737159.08082, 1605740609.1851, 1605744059.28938, 1605747509.39366, 1605750959.49794, 1605754409.60222, 1605757859.7065, 1605761309.8107803, 1605764759.9150603, 1605768210.0193403, 1605771660.1236203, 1605775110.2279003, 1605778560.3321803, 1605782010.4364603, 1605785460.5407403, 1605788910.6450202, 1605792360.7493002, 1605795810.8535802, 1605799260.9578602]
fps.e0:[9969.435769621101, 9967.120153779955, 9981.978073825425, 9952.23422867654, 9942.068970853044, 9954.138358855487, 9932.495769479314, 9942.224999965529, 9970.011574630133, 9957.99035714283, 9954.21591857933, 9945.468377370655, 9947.008949359179, 9956.891951782012, 9916.680646734692, 9957.92879114395, 9923.686032809046, 9936.054685748946, 9935.146426248837, 9955.701594831808, 9946.090719734906, 9945.935085593399, 9970.486609063804, 9945.222166027977, 9999.199186363894]
fps.e0u:[18.25215155198075, 18.211325231704983, 18.162412121292416, 18.20236980988229, 18.391746972999645, 18.572126969452825, 18.27082813506312, 18.32257819442197, 18.18683090588072, 18.38167181331487, 18.315198746950976, 18.450252258381457, 18.365603585336366, 18.019037003661648, 18.70944360656506, 18.48954162205537, 18.400359920568796, 18.63691894170418, 18.532073283788137, 18.395240015771297, 18.16609823030718, 18.198563764436756, 18.27145854081741, 18.374486315801875, 18.412825041398825]
fps.lt:[15711.525053471552, 15566.29601608617, 13950.442254387406, 15435.05104592552, 17580.76170756763, 16249.05500143967, 17961.010634504124, 15749.07967826967, 15005.887332998118, 15784.236569251869, 15972.20158127831, 15453.981161435015, 15899.538792006444, 16064.122108327643, 19453.05213258013, 16105.604461153272, 17583.317198047727, 16533.440318639783, 16719.019943689058, 15068.186672611864, 17055.611895559945, 15750.337659609728, 14358.48503105464, 16804.765904415166, 13544.117800800872]
fps.ltu:[1361.6794806077041, 1333.0992707032572, 1070.891206334932, 1309.1325553789559, 1726.5408020895582, 1466.444381093025, 1790.5120586767098, 1380.800158471611, 1230.3243940454563, 1386.0030647744206, 1404.0082205743076, 1331.6062844185478, 1407.3536174504018, 1413.9037905880323, 2135.070566687936, 1445.9839342276666, 1723.3773952961126, 1539.1895501119025, 1554.958789443477, 1264.907293094371, 1600.3915933827363, 1369.3465960222075, 1141.4411738475226, 1565.4166289691932, 1022.9321004584466]
fps.c2:[1.4414392747086804, 0.8252201337828338, 1.8497143099196285, 1.750036611306769, 1.79394926386401, 1.3128715264495414, 1.4619921983226918, 1.1972781322127775, 1.6021827451494732, 1.4861283850263711, 1.986653447692856, 1.7029128505595308, 1.3945239730836896, 1.625557488039504, 1.2838819019478902, 1.1129034389974437, 1.7391154656636645, 1.9262871161787862, 0.8987784604953677, 1.6898581694094617, 1.4636386696837664, 1.1276153142317378, 1.6531105307376683, 0.85523155897851, 2.623369631513594]
