Ri:[50, 100, 150, 200]
Zi:[100, 200, 300, 400, 510]
FC:[[3.9691967158145136, 4.007206229663499, 3.9836696282465742, 4.013110224408007, 3.9999469509780865], [3.9606387774124707, 3.9889154656989496, 4.013439037216955, 4.038754102210266, 4.0533886512467445], [4.098632225994695, 4.122987473215603, 4.146021655102398, 4.179493621425735, 4.202531863172779], [4.6971419315293135, 4.744051762563563, 4.774356557115114, 4.805650536996127, 4.827744046762955]]
FCE:[[0.04965611509540193, 0.03421618032397598, 0.027489633715854948, 0.023966064814329925, 0.020892019315081074], [0.0252619909125282, 0.01738696902700185, 0.014058527436116833, 0.012163972972141893, 0.01070993315161169], [0.017402929911002042, 0.011961766442570533, 0.009607426578639328, 0.00832592434801332, 0.007351368554435734], [0.01609601964132943, 0.011033601087771305, 0.008883885587679859, 0.007686083457459518, 0.006791366991192397]]
fps.ts:[1613038084.39438, 1613039434.9471402, 1613040785.4999, 1613042136.05266, 1613043486.60542, 1613044837.1581802, 1613046187.7109401, 1613047538.2637, 1613048888.8164601, 1613050239.3692203, 1613051589.9219801, 1613052940.47474, 1613054291.0275002, 1613055641.5802603, 1613056992.1330202, 1613058342.68578, 1613059693.2385402, 1613061043.7913003, 1613062394.3440602, 1613063744.89682, 1613065095.4495802, 1613066446.0023403, 1613067796.5551002, 1613069147.10786, 1613070497.6606202]
fps.e0:[10738.479844493402, 10707.256826681843, 10736.56003794763, 10727.194173035428, 10729.460543123929, 10746.187449256224, 10717.924586336088, 10740.693604276325, 10731.815099762023, 10771.657146409838, 10734.706698315145, 10758.657981234996, 10731.893418557818, 10737.961587942198, 10777.920699267132, 10775.50456368015, 10731.818083542634, 10731.865322059233, 10752.833450335493, 10768.325543053406, 10758.082459014006, 10741.953920821563, 10753.842837193828, 10746.563819676727, 10777.994761529699]
fps.e0u:[23.620131469678633, 24.01030968871817, 24.08020831091567, 24.28997943107034, 24.132275308509122, 24.1360836427008, 24.565972613082955, 24.665623683427125, 24.212712495965715, 23.952079018363193, 24.53958368686172, 24.248507154530312, 24.365957310954137, 24.151169451893754, 23.90708488147406, 24.212946234186266, 24.25304306217047, 24.52360518736633, 24.234392483728776, 24.151038606423928, 24.197098709413623, 24.540813498721658, 24.627921837000443, 24.49121338888935, 24.26958935106533]
fps.lt:[18637.29851834335, 21676.99004329755, 15299.47691584146, 19407.365421660594, 20478.659536272415, 17617.975911239006, 21285.003765193695, 16803.206474319544, 18651.211408380706, 15804.752782474534, 16767.68746941987, 16893.116613638813, 21562.200410851936, 19190.509369883108, 16487.614997487388, 15534.95874301724, 18902.675083176913, 18549.74753291687, 17103.7996534586, 16374.715887512722, 16903.671416935096, 18472.67658361451, 17377.586711090928, 18210.809624971313, 16811.374190356513]
fps.ltu:[2304.99241501634, 3156.110616504395, 1599.4855012048752, 2550.591378125294, 2823.6811103202567, 2096.5707771380626, 3122.0747880354115, 1962.5021454040163, 2355.3424384491364, 1671.2405146548642, 1948.6678275901436, 1934.0716248687318, 3161.3661766945493, 2513.6280462143704, 1820.7084048578433, 1637.7536773498202, 2433.5641155904905, 2369.156542804344, 1988.1880948841492, 1821.5432813553825, 1937.643600438045, 2335.6779710674136, 2087.031445555194, 2271.0110326269632, 1933.5333390244537]
fps.c2:[1.8869601472991004, 1.2352582166043322, 0.8718206881606001, 2.03552401225424, 1.579213800979566, 0.7178884279481594, 0.8736414987710961, 1.2740267050559735, 0.6083754011115889, 1.0776004149682992, 0.5544172918238612, 0.6939760058358174, 1.0949011594376459, 0.6252468111434859, 1.0080578260601305, 0.780539897410529, 1.3052719371479273, 1.1112771267836619, 0.869223060346829, 1.6751222571952842, 2.7417208266522675, 0.32374780940897546, 1.7423664595021058, 0.8704813800176392, 1.6225115340200285]
