Ri:[100, 130, 160]
Zi:[50, 100, 200, 300, 400, 500]
fps.ts:[1164.6502400016784, 3493.9507200050352, 5823.251200008392, 8152.551680011749, 10481.852160015105, 12811.152640018463, 15140.453120021819, 17469.75360002518, 19799.05408002853, 22128.35456003189, 24457.655040035246, 26786.955520038602, 29116.25600004196, 31445.556480045318, 33774.85696004867, 36104.15744005203, 38433.457920055385, 40762.758400058745, 43092.058880062104, 45421.35936006546, 47750.65984006881, 50079.960320072176, 52409.26080007553, 54738.56128007888, 57067.86176008225]
fps.e0:[10927.578565313217, 10905.063619227029, 10919.454663085055, 10916.181925990333, 10919.233942924775, 10899.35273498712, 10905.594585497829, 10936.673727877338, 10916.455650168757, 10927.840814657235, 10912.03348510019, 10917.07590222518, 10923.3744656316, 10937.309892533634, 10914.21689429108, 10897.398340896403, 10910.432066323683, 10938.427503177289, 10915.312489459711, 10920.154433129952, 10916.697091812584, 10930.656095736866, 10918.532705443653, 10894.234221976758, 10937.172129584418]
fps.e0u:[13.02467093744175, 13.221952511688755, 13.148272325000027, 13.098508669749176, 13.009378009811808, 13.046192580401755, 13.073790734864774, 12.91538417942591, 12.994465606513764, 12.905717486922548, 13.192900932199597, 13.063700629188592, 12.939952092058927, 13.089935379830571, 13.108848872992336, 13.189259650405532, 13.011812412450876, 12.958441135979756, 13.037983588407313, 13.085875131697119, 12.988313893388318, 13.213737881322825, 13.123439339812414, 13.223430259823228, 13.022684700570274]
fps.lt:[5431.832443387518, 5515.962790168267, 5399.437801524823, 5483.151587508171, 5472.055310085541, 5572.333667950843, 5562.42639164599, 5387.469336110959, 5498.742623130898, 5474.207719034025, 5490.125227990289, 5527.315137681369, 5526.694734215152, 5297.378328448026, 5539.509900833277, 5709.164713353382, 5564.3999155560905, 5332.073047440392, 5572.067752091361, 5481.801126696944, 5525.868122085545, 5402.9396541299475, 5571.213800191656, 5761.862080754099, 5418.7834917043]
fps.ltu:[105.17529837615331, 109.38109232913767, 104.72991947631176, 107.09093898600639, 106.38295554787412, 111.02406891707514, 110.2893850570532, 102.93466935428546, 107.5262572125685, 105.64720679751203, 108.29375263287353, 109.19690766165397, 107.90736485738176, 100.18247847359356, 109.49257817651035, 116.64708703508168, 109.9845657190029, 100.40317298899403, 109.97658612880944, 106.83731641284236, 108.29782953887303, 105.44785552756352, 110.7688979355544, 119.04733676381896, 104.55138400777794]
fps.c2:[2.151672884527122, 2.6208266798731734, 2.4691859936803997, 2.310900468697908, 1.9949979264943871, 0.6848965173947812, 1.1186736056269257, 2.100239179711436, 1.2386784332105134, 2.2108788183377452, 1.4158951910093713, 2.1031472396924564, 1.8293662758485634, 2.3130142688386095, 1.9932385549648, 2.200834291444389, 1.7166415034066882, 1.289009621989492, 1.1239833719848353, 1.469139924019085, 0.9164272040394034, 0.6390219547336284, 0.6538533513574838, 1.9069435437385467, 1.7479064339685082]
FC:[[3.7851109467785453, 3.814113409500971, 3.861903373209382, 3.922031210847078, 3.974847890210886, 4.028602030763706], [3.8360733092317094, 3.853164132106707, 3.901760444125945, 3.963063819429217, 4.0212089324342495, 4.074518469070455], [3.9823944937324516, 3.9885002765350475, 4.031426127975753, 4.09202665729117, 4.152611041434052, 4.209321998001944]]
FCE:[[0.03557880726259755, 0.018660241083945046, 0.011517156881767406, 0.008809132871537952, 0.00747118151958937, 0.006639030503455818], [0.028092952378260233, 0.014520230324283765, 0.008730638871523302, 0.006822930796629752, 0.005813819394392778, 0.005170171151398982], [0.023752732091462576, 0.012131892311581648, 0.0073852690980080755, 0.005788453197732056, 0.004829927918179142, 0.004306664278514558]]
