Ri:[100, 130, 160]
Zi:[50, 100, 200, 300, 400, 500]
fps.ts:[1707.669660000801, 5123.008980002403, 8538.348300004005, 11953.687620005607, 15369.02694000721, 18784.366260008814, 22199.705580010414, 25615.044900012013, 29030.38422001362, 32445.72354001522, 35861.06286001682, 39276.40218001843, 42691.74150002003, 46107.08082002163, 49522.42014002323, 52937.759460024834, 56353.098780026434, 59768.43810002804, 63183.77742002964, 66599.11674003124, 70014.45606003284, 73429.79538003444, 76845.13470003605, 80260.47402003765, 83675.81334003925]
fps.e0:[10888.365758879036, 10861.631960705217, 10890.097636684124, 10880.085384104472, 10864.828081195697, 10862.759494429974, 10880.379686156803, 10877.139281561093, 10904.11704827091, 10881.485265379348, 10870.847646507667, 10878.776176892756, 10883.70996306167, 10859.704703462428, 10874.948467849013, 10881.435335956789, 10880.034641559201, 10881.337327464478, 10888.633203360554, 10868.60448366456, 10889.100825201165, 10866.142313649732, 10877.444843762238, 10866.863528298953, 10881.529030236203]
fps.e0u:[10.341740242706347, 10.47106288320646, 10.426214301995802, 10.40343594827255, 10.335652154872825, 10.599739550798127, 10.404155617061882, 10.440617772741739, 10.44653306611042, 10.465523911027086, 10.421241055507382, 10.373595473693962, 10.433696383048334, 10.399851160426952, 10.357710479170168, 10.384646507727474, 10.446048710380916, 10.6386841108426, 10.527563788560737, 10.40139375787813, 10.431691375998602, 10.404382434991717, 10.4604251911994, 10.447777324317473, 10.786335283061971]
fps.lt:[6150.324246785652, 6469.171323049659, 6209.338827849131, 6312.704665798923, 6433.840325896445, 6290.838797236291, 6230.535146096848, 6294.654048037375, 6100.579403808921, 6366.7158747153735, 6406.264605071544, 6287.029093023616, 6100.232632263236, 6361.763177421133, 6294.2130660487, 6197.056495631583, 6145.157977843452, 6253.08929654868, 6147.457428590757, 6278.525525618773, 6182.82235491373, 6360.07086320579, 6230.761986525183, 6277.019302363406, 6181.515578385097]
fps.ltu:[106.16026669452404, 119.67075727050927, 109.98250187848717, 113.01289853884235, 116.60108028071328, 114.40461406541164, 110.33301548087196, 113.48369265213773, 105.97687669957399, 115.20453403145274, 116.4811236309604, 112.25536938889557, 105.98663157460182, 115.10441987779781, 112.2302881869954, 109.15596911535995, 108.11106260338056, 113.40488742145187, 108.01212310910816, 112.07588930560804, 109.12348637475837, 115.15324033692139, 110.84517531718625, 112.41537657169305, 112.15847579323447]
fps.c2:[1.9183159571990513, 2.5413981581984197, 3.4191626072109282, 2.8894347906637794, 2.0864718510978473, 3.377147690094314, 2.892066836829927, 3.049365415165304, 3.079318466612876, 1.8215354388508351, 3.137305041384617, 3.21720563033718, 3.290411762991615, 3.42672621757408, 2.4493473276827094, 1.5092901264347178, 1.1524253821357724, 2.149442463474146, 2.0797398199729242, 2.102964425262137, 1.372217130226243, 2.7773336385724074, 2.738264064740751, 2.2880379231833925, 1.4665993744853145]
FC:[[3.7709876574635195, 3.802007232604961, 3.852218527019174, 3.898287686248056, 3.946445227916298, 3.996588273962352], [3.8145240821421837, 3.8364331674509393, 3.893388131214138, 3.940912617161216, 3.9928866616046315, 4.043750045312061], [3.9285830604240375, 3.9575845948590165, 4.021843833721864, 4.0754481765601485, 4.127065050707494, 4.17670243522373]]
FCE:[[0.027454258032627556, 0.01497910655866791, 0.009313144584814421, 0.007263646964931607, 0.006144521037536008, 0.00543455321704184], [0.021632297635673897, 0.011571095430604531, 0.007177882278277958, 0.005608649422472622, 0.004757957860770657, 0.004120762205185717], [0.018699141827756047, 0.009867304678561568, 0.005956660936110476, 0.0046590746536544336, 0.003860738650577445, 0.0034228056421995025]]
