Ri:[50, 100, 150, 200]
Zi:[100, 200, 300, 400, 510]
FC:[[3.9470188462869586, 4.005079060570016, 4.031362446488814, 4.0448642231230885, 4.055987111249725], [3.989660687021817, 4.029652105760586, 4.0633481933516755, 4.073282161681462, 4.093788109323809], [4.1310992665414314, 4.150031636862681, 4.18051419672014, 4.209389738754835, 4.236452696191704], [4.749441745174603, 4.813506195092302, 4.848003687091683, 4.8774240307732315, 4.896455404175915]]
FCE:[[0.036800317755958455, 0.0258716887333597, 0.020957369036297743, 0.018095351718413998, 0.01583344654505993], [0.018879234768401514, 0.0129755452049003, 0.010494532050317527, 0.009040962960983546, 0.00797988212800061], [0.013327141920741824, 0.009039610795088993, 0.007302852050117531, 0.006328097251342407, 0.005431438379270567], [0.012193156374841117, 0.008238803727436137, 0.006666029528371653, 0.005769824946616026, 0.005099444242210603]]
fps.ts:[1603712094.6645799, 1603715536.76374, 1603718978.8629, 1603722420.96206, 1603725863.0612202, 1603729305.16038, 1603732747.25954, 1603736189.3587003, 1603739631.45786, 1603743073.5570202, 1603746515.6561801, 1603749957.75534, 1603753399.8545003, 1603756841.95366, 1603760284.0528202, 1603763726.1519804, 1603767168.25114, 1603770610.3503003, 1603774052.4494603, 1603777494.5486202, 1603780936.6477804, 1603784378.7469401, 1603787820.8461003, 1603791262.9452605, 1603794705.0444202]
fps.e0:[9948.053066209113, 9966.328169054816, 9937.500038555945, 9979.035925825898, 9936.093564338084, 9929.379218056923, 9972.540164231183, 9960.42081876382, 9941.931696710295, 9957.119212769358, 9950.76750262732, 9951.026095887442, 9981.879650197781, 9974.010358705698, 9989.386102144672, 9975.360850523826, 9982.885423387288, 9927.262871927995, 9944.226543300028, 9970.830669406916, 9958.523896045968, 9968.69907901552, 9946.60077090689, 9945.212585292176, 9969.7870026492]
fps.e0u:[16.765881609169842, 16.631095940779925, 16.829491857217704, 16.733416012734274, 16.910993307804688, 16.887856754274473, 16.959521501637507, 16.909100171400844, 16.88961601672401, 17.033671374874032, 16.878509403440717, 17.092198090948308, 16.569152440029782, 17.018043501815693, 16.685328551527935, 16.670057939220957, 16.86828220756635, 16.875918374728528, 16.71305959554892, 16.769328128185844, 16.9370891536865, 16.89465119377222, 16.95514806535653, 16.95678213862638, 17.02870918997888]
fps.lt:[16214.47309990971, 15419.576831576385, 15261.50223257514, 14243.292116214618, 17357.570488138877, 16585.113512823726, 13671.55190941497, 15281.862996335783, 17054.70916912247, 14652.413757808035, 16899.85210654128, 16092.778681467345, 14265.124314262821, 14669.086485855922, 14349.633549446622, 14288.837643174595, 13511.698252107582, 17259.88367678017, 16385.55924474753, 13955.273287860007, 14896.10691212672, 15333.62355923751, 15622.3385471932, 17744.49941638998, 15118.992460002231]
fps.ltu:[1329.4759462586114, 1200.2083208525132, 1192.3686234915378, 1026.80689692146, 1536.2031745898175, 1405.4681494430292, 960.4128010809915, 1191.4730967800992, 1494.3172597317111, 1103.7547229596769, 1450.9749014864797, 1338.9607118439062, 1027.3887310899734, 1107.0734590127845, 1040.6138135413055, 1032.9181785789256, 925.4522547350371, 1517.2406755283428, 1367.4731135818815, 989.3218909568126, 1132.0359693166326, 1197.5407372589546, 1260.0698601458935, 1603.1168283894078, 1178.017577417603]
fps.c2:[1.6779967369674225, 2.1506150308982406, 2.315013610639115, 1.304513746822778, 0.9838286206741513, 1.2062391159208112, 1.1263183179322493, 1.9300020149902237, 1.5870395045855543, 1.123651572185786, 1.5715496282861614, 0.5822102919424866, 1.6760499590705662, 1.6172428634991287, 1.6608397254690839, 1.1093298186037612, 1.1501775308215179, 0.8008795056939101, 1.2962893260263209, 0.9344847270000918, 1.894232774612011, 1.1963419483710298, 0.6442946893180869, 1.019994625940875, 1.1667892478468669]
