Ri:[100, 130, 160]
Zi:[50, 100, 200, 300, 400, 500]
fps.ts:[1137.070460000038, 3411.2113800001143, 5685.352300000191, 7959.493220000267, 10233.634140000344, 12507.775060000418, 14781.915980000496, 17056.05690000057, 19330.19782000065, 21604.338740000727, 23878.479660000798, 26152.620580000876, 28426.761500000954, 30700.90242000103, 32975.0433400011, 35249.18426000118, 37523.32518000126, 39797.46610000134, 42071.60702000141, 44345.747940001485, 46619.88886000156, 48894.02978000164, 51168.17070000171, 53442.31162000179, 55716.45254000187]
fps.e0:[10821.239043632815, 10829.832525759735, 10822.784125628383, 10815.257253979533, 10819.983694901262, 10814.737342533226, 10806.896523148102, 10830.488249797869, 10812.624034749464, 10798.080928387966, 10813.537119535222, 10822.16247367407, 10808.1286641361, 10805.21060095427, 10815.656107560582, 10809.591082902609, 10814.667250444236, 10806.868120650897, 10825.077082338837, 10823.507795002099, 10813.572766463802, 10802.445381371292, 10804.57654380176, 10806.93022313141, 10806.56072609671]
fps.e0u:[7.958595197621334, 7.99676886086742, 8.003146549432042, 7.983975615514323, 8.004881335177936, 8.0395333832662, 8.03751138223023, 8.020438447017968, 7.972252084304766, 8.085196361652677, 8.0833450018545, 8.041577587184767, 8.027277917091899, 7.936516284892034, 8.022587209649165, 8.06775907400716, 7.999083119321699, 8.058405076245498, 8.061720401807344, 7.990879451511929, 7.99499733249818, 8.01580375750869, 8.014905045549021, 8.038059224518438, 8.098697879847096]
fps.lt:[7377.1092215082, 7398.579064633001, 7457.005619630739, 7665.0861728877435, 7601.004454088092, 7658.565757415906, 7755.983075946786, 7391.559224631708, 7745.116391237858, 7799.93379970436, 7603.857623670123, 7552.553034225543, 7751.486002057682, 7881.513020304754, 7626.32137832874, 7684.804657318805, 7713.2203394761, 7737.4039110243375, 7404.150831080077, 7554.239889675714, 7692.980072394439, 7859.260141687489, 7782.754067605857, 7814.804898556673, 7743.553781905485]
fps.ltu:[120.34589342167314, 121.09268715376334, 123.31145789055209, 129.4956752601179, 127.41630089484336, 130.5298378840682, 133.95872056583292, 121.32964756998723, 132.41713172266213, 135.9602594921477, 129.2043268375994, 126.48356627734806, 132.84007101842562, 136.96771934503528, 129.06517029298126, 131.39432883376665, 131.94123320590288, 133.3027303720226, 122.09980723612932, 126.29718808594838, 130.70792123644296, 137.24227436622655, 134.40253958187927, 135.35863183198893, 134.18411777117575]
fps.c2:[2.9774595202539165, 3.3541382136370554, 1.516505880487243, 2.4363062624750813, 3.4169855175994024, 2.557592414399806, 3.191202163012017, 2.6076416161958167, 2.1312565796614873, 2.564232457126585, 2.432944160874749, 3.771012013489085, 1.8741003687159046, 2.088596913137679, 3.024575108231893, 2.868919971076915, 2.7954842075500155, 2.2952127137210203, 5.028857307412404, 2.439501599838897, 2.414178988110567, 2.2228100106754245, 2.780052469425395, 2.228340856252276, 1.5521035904033835]
FC:[[3.825497710473466, 3.857274104146657, 3.8739440866117003, 3.9132649549441636, 3.9453680862997595, 3.987145620562724], [3.8652596685890055, 3.90344950854371, 3.923390299666762, 3.962174128777847, 3.9996514355172064, 4.040586788846155], [3.979875473646046, 4.022714599735493, 4.057018242149858, 4.099467222281824, 4.141928492748405, 4.182358521096687]]
FCE:[[0.01986446515121453, 0.011455452071172123, 0.007339982922321411, 0.0057466986211705436, 0.00485816701443529, 0.0041976024761336325], [0.015590571751266736, 0.008913964826464388, 0.005682278288762595, 0.0044584173265095695, 0.003694289195635141, 0.0032724559008268776], [0.012906691232117563, 0.007346807581162228, 0.004692266899550097, 0.0036912152358338003, 0.0030809097166643543, 0.0027321442516951865]]
