Ri:[100, 130, 160]
Zi:[50, 100, 200, 300, 400, 500]
fps.ts:[1232.426519999504, 3697.279559998512, 6162.13259999752, 8626.985639996528, 11091.838679995537, 13556.691719994546, 16021.544759993552, 18486.397799992563, 20951.250839991568, 23416.10387999058, 25880.956919989585, 28345.809959988594, 30810.662999987602, 33275.51603998661, 35740.36907998562, 38205.222119984624, 40670.07515998364, 43134.92819998264, 45599.78123998165, 48064.63427998066, 50529.48731997967, 52994.340359978676, 55459.19339997768, 57924.04643997669, 60388.8994799757]
fps.e0:[10913.468080339477, 10911.572616401438, 10916.359189344983, 10906.979020073215, 10906.245807294827, 10881.70966299523, 10923.193951791667, 10893.114502176088, 10910.972014105202, 10920.341665190732, 10898.515079154253, 10918.13934927631, 10893.188033252058, 10908.976928153757, 10906.979879209115, 10924.897569594761, 10916.352957591333, 10923.329123089778, 10927.592545374036, 10929.627184924278, 10912.11385614631, 10913.271327241688, 10894.00632057599, 10919.106584612287, 10915.480875181143]
fps.e0u:[12.41847536855178, 12.409494972155326, 12.45554767432415, 12.570255824218522, 12.430103892855056, 12.523068239376205, 12.384935662034005, 12.457130290582674, 12.42311805912767, 12.417478193824298, 12.502818081947218, 12.38816267737895, 12.543683166900868, 12.38441423944034, 12.42472962967217, 12.473321184681698, 12.356450864984959, 12.424968354535237, 12.54015033407653, 12.510528233594366, 12.322969051888863, 12.337900954868296, 12.468548038913646, 12.450402209611532, 12.46084671301072]
fps.lt:[5683.649531875192, 5695.386643450428, 5639.174698906692, 5766.564967445566, 5814.9703385921985, 5942.520309105945, 5601.235421694057, 5852.67616381318, 5672.063748223679, 5641.2765228494845, 5767.211879581788, 5608.42645796671, 5872.842468721978, 5649.936022424109, 5721.1437595049765, 5596.0894320114, 5600.9853176829, 5547.364703263516, 5606.754104871788, 5514.871250567604, 5718.353150231214, 5680.680743849671, 5789.925601401774, 5668.985855713091, 5746.582131335874]
fps.ltu:[109.88442745923304, 109.10155441191844, 108.36284999043366, 113.66049835222627, 114.65239631086227, 120.14968059406455, 106.36870754554621, 116.0802512270066, 109.47765578746865, 107.73670620848858, 114.36820495862676, 107.1084546744201, 117.56205627512388, 108.07800716054645, 111.44472843871036, 107.0535152652299, 106.24109870447124, 104.39556223338643, 107.30663960112909, 103.67641672638308, 109.94628105928852, 109.04836852431005, 115.24575067659886, 109.87349100642622, 112.6648045588436]
fps.c2:[2.756014109036592, 2.173229720732458, 3.178926291810584, 1.1896688391198436, 1.2867244035099614, 2.257095269396067, 1.6415081910138696, 1.5375433180565656, 1.4520543183569243, 1.875082210342971, 1.7282667050730653, 0.8989082935086874, 1.3840323156722907, 2.129747476331839, 1.273398508180171, 2.169897311760546, 1.250814630887928, 1.4750034142081607, 1.809304966214882, 1.2502765004801004, 1.689665208631851, 2.82918039268064, 2.6184282439976276, 1.1561937936517246, 1.7266782145805402]
FC:[[3.7534831827154647, 3.7978939316420255, 3.8558631258713087, 3.910754622178668, 3.970551481635695, 4.01810656358813], [3.831600219499895, 3.8352923848021496, 3.900507310582202, 3.9632990371618075, 4.018067199047155, 4.067372981779054], [3.958972131598539, 3.9736782622774007, 4.036502590489573, 4.089359894121446, 4.14571765320983, 4.199184599216611]]
FCE:[[0.033178742478523655, 0.017732809645044836, 0.01089247523392611, 0.008501312870859356, 0.0070659587746830345, 0.006272980547037942], [0.026375428509782646, 0.013805389287683033, 0.008500503262952314, 0.00650988250424383, 0.005524608721735368, 0.004909675857188457], [0.022282063089350133, 0.011605402763536577, 0.007082784961688023, 0.005515859173819691, 0.004585762213014835, 0.004087559905219638]]
