Ri:[100, 130, 160]
Zi:[50, 100, 200, 300, 400, 500]
fps.ts:[1728.315720000267, 5184.947160000801, 8641.578600001336, 12098.210040001868, 15554.841480002404, 19011.47292000294, 22468.104360003468, 25924.735800004004, 29381.36724000454, 32837.998680005076, 36294.630120005604, 39751.26156000614, 43207.893000006676, 46664.52444000721, 50121.15588000774, 53577.787320008276, 57034.41876000881, 60491.05020000935, 63947.68164000988, 67404.31308001041, 70860.94452001095, 74317.57596001148, 77774.207400012, 81230.83884001256, 84687.47028001308]
fps.e0:[10901.35088563193, 10905.679202552827, 10937.18656886317, 10884.235230350116, 10906.718097713321, 10904.113437665157, 10912.212111249184, 10918.241868247265, 10907.195780535321, 10900.644275927167, 10919.204098215792, 10914.098290175903, 10909.670434510255, 10894.61478227166, 10914.606750625619, 10945.269460812266, 10902.546677734304, 10924.412257547549, 10932.827920763713, 10915.23315011407, 10896.511152061277, 10921.039777575728, 10906.756187196066, 10917.8068947407, 10911.800729788853]
fps.e0u:[13.5685009454661, 13.5166794822834, 13.512727993230886, 13.654207149875365, 13.530012803082089, 13.448461145419474, 13.452652930297315, 13.504155456087883, 13.496388683694414, 13.491563373046356, 13.432850374942719, 13.445738849207538, 13.522263409494956, 13.503743670468317, 13.467315685664541, 13.552489202640963, 13.520600030586339, 13.56083729041093, 13.61867657975286, 13.452165990511832, 13.516762622853705, 13.550066964303625, 13.548829657204921, 13.604773868921601, 13.721833920399675]
fps.lt:[9166.590196970461, 9246.429394136698, 8784.414361902791, 9802.989449324334, 8914.165577850448, 9254.094200968337, 9115.274448650836, 8946.319782345685, 9144.667696740697, 9409.71818894899, 8846.155427805206, 8987.03378975928, 9099.323946112507, 9493.117457806016, 8954.111983851855, 8405.005456929743, 9557.396505716404, 8918.93162548711, 8682.033091034036, 8877.552309263416, 9347.043135014566, 8636.215321114742, 8911.941771400001, 8790.536697555368, 9053.31026411929]
fps.ltu:[313.31976345935675, 316.79500657825207, 287.9684607627493, 360.657745545599, 295.4256467942931, 316.9687656000116, 308.0618803371816, 297.96328365466076, 311.1299711067766, 327.7725982325017, 291.1010666465332, 299.57884818755514, 308.52341590763893, 335.5537353446, 297.1459426778591, 263.1920336681652, 337.11175516529687, 295.8161255940281, 282.40913549733455, 293.83554779175586, 326.0409690361021, 276.94686415221486, 296.8465504827302, 291.1083485657558, 309.5408968653485]
fps.c2:[1.7005498365740455, 1.4945899494394537, 2.123451232774644, 0.9206341336786237, 1.4101517769552574, 1.8283314098935706, 1.1719990284552027, 1.5206937190148544, 1.6014927740430478, 1.7779657190348912, 1.1867772149886564, 1.7917763446407542, 1.1157548076027017, 1.8083897516418332, 1.7236832154700725, 2.4056430385105445, 1.4816221631179458, 0.5865342796920842, 0.687146222068118, 1.2943126643631853, 1.138987418126167, 1.6319700242744257, 0.6463744371120286, 1.5595154274938496, 2.0416338779319743]
FC:[[3.8312511481831826, 3.829893250208286, 3.8539285088704935, 3.8782616620680237, 3.9098959577765715, 3.9388786993972356], [3.856614161308916, 3.8549521236538298, 3.880143707745689, 3.9182079220904202, 3.9501310059678123, 3.9807094152211566], [3.9616904815161194, 3.976056469913413, 4.009425300643503, 4.043030704206776, 4.079094095437374, 4.108166113417409]]
FCE:[[0.03200137669211509, 0.018740639927191265, 0.0121545251317492, 0.009533918849585458, 0.007905468024343876, 0.0069680465938375576], [0.024843898963521346, 0.014467109594146143, 0.009355485562251199, 0.007196364349128861, 0.006108900250708241, 0.005401271612387506], [0.021130287147960954, 0.011968450268117038, 0.007721193338190086, 0.0060747017475431386, 0.005175754724966756, 0.0045825417449579416]]
