Ri:[100, 130, 160]
Zi:[50, 100, 200, 300, 400, 500]
fps.ts:[1550.20742000103, 4650.62226000309, 7751.037100005149, 10851.45194000721, 13951.86678000927, 17052.28162001133, 20152.696460013387, 23253.11130001545, 26353.526140017508, 29453.94098001957, 32554.35582002163, 35654.770660023685, 38755.18550002575, 41855.60034002781, 44956.01518002987, 48056.43002003193, 51156.84486003399, 54257.25970003605, 57357.674540038104, 60458.08938004017, 63558.50422004223, 66658.91906004428, 69759.33390004636, 72859.74874004841, 75960.16358005046]
fps.e0:[10837.312516210373, 10841.465392675169, 10808.177462969776, 10869.157906906012, 10883.96436285239, 10861.937453487346, 10889.314242612283, 10892.001530661086, 10879.311326804003, 10895.414837643351, 10905.108334761464, 10897.55409204719, 10920.694258581883, 10887.636488226995, 10882.00307646545, 10901.866949416195, 10913.203054476095, 10870.625124081203, 10922.349337187497, 10902.569170585883, 10892.592889413716, 10905.439251036829, 10888.61678976038, 10900.92066432177, 10861.546971833068]
fps.e0u:[12.967319208915079, 13.055431055239172, 12.976493746895422, 12.808014612778146, 12.885504889147281, 12.896080093953481, 13.021041652284474, 12.681659123812725, 13.011549047418189, 12.982627260011508, 12.956330364149885, 13.042785491232982, 12.90798646642986, 12.972293567298985, 12.891559584687192, 12.927988539414192, 12.8997346537141, 12.875269129986135, 13.10792210455987, 12.880137952734875, 12.969624055437082, 13.00642579863659, 12.891024621227965, 12.945543113709663, 12.402582166314456]
fps.lt:[3319.9258272771226, 3277.8191450042395, 3332.966301676065, 3159.9786903062122, 3104.736178585161, 3185.4421800910095, 3082.239385093601, 3138.2727850777806, 3129.290975789019, 3082.353070335207, 3070.912721558982, 3092.5869900823213, 3030.8421134182768, 3124.354162013194, 3110.10694598708, 3081.2979167562326, 3082.236163954416, 3159.7227620761323, 3013.165520829843, 3094.1661691371164, 3109.983321915027, 3084.367119907763, 3089.4034088918006, 3065.437160511355, 3130.2424104834868]
fps.ltu:[41.54485573083993, 40.81436677682573, 41.89757711307238, 37.27632837184028, 35.81045965508447, 38.19902808763584, 35.654479270197164, 36.289762668378145, 36.785267043063364, 35.67710752223215, 35.34822856634673, 35.879124205802086, 34.238867128866296, 36.64454259250519, 36.16023898902924, 35.823741433935886, 35.484216054492904, 37.33755285503611, 34.50855079845962, 35.84014088870593, 36.26994291921796, 35.72730557947823, 35.653277203046464, 35.395302633346724, 35.41958778450208]
fps.c2:[2.781868708337282, 0.8901183779082602, 5.0085111606824935, 1.3661358039536824, 2.01866325837965, 2.276455968634745, 2.3863852697283425, 1.7117063909700099, 0.6390206453250105, 1.2654010575380572, 1.7460533943166776, 0.9739884577176607, 1.6976388539157428, 1.173537578946004, 2.7688693221935337, 1.308929474101011, 0.9128601352858569, 1.2801885487103948, 1.5794703431615145, 1.346092413361076, 1.5827330968951367, 2.206582786477748, 0.9565000509015908, 1.8736530449775395, 1.588707009624719]
FC:[[3.8964489069989643, 3.892363470159761, 3.940047963493724, 4.01192960015125, 4.094460476053598, 4.168958835086948], [3.898788126427754, 3.919409580563174, 3.9792078242731375, 4.057087490032901, 4.141616099647507, 4.221664160405317], [4.012691351327544, 4.049976922100738, 4.1215454649705965, 4.20740917438126, 4.295191793345963, 4.375793396454975]]
FCE:[[0.03526358349556653, 0.01731898671373187, 0.010438835397941345, 0.008473443116928566, 0.007477372726277018, 0.00687427540711617], [0.02748912819065914, 0.013123181518868009, 0.00811737919221477, 0.00661264441221054, 0.005845729222654302, 0.005261527979461966], [0.023502561693415504, 0.01124220654110139, 0.006964564663126885, 0.0055675559467757135, 0.004815022313221723, 0.0044293860103739435]]
