Ri:[50, 100, 150, 200]
Zi:[100, 200, 300, 400, 510]
FC:[[3.9402076668194383, 3.956198327677945, 3.9728122905579246, 3.986563466256626, 4.008487951111992], [3.943878553753402, 3.972445601957031, 3.9922066276552397, 4.012421101288424, 4.037176988319157], [4.055848951628046, 4.084065518035594, 4.1067228580496025, 4.130795690183848, 4.160362723060691], [4.368864122863734, 4.410094024497831, 0.1107048521212966, 4.4788551552895495, 4.508271309270359]]
FCE:[[0.027598823030317233, 0.018785615512404583, 0.015258014274004002, 0.013163850946081088, 0.011555016590317034], [0.013806529420811535, 0.009410024376778249, 0.007618996347211296, 0.006579065781146674, 0.00580592832534589], [0.009469391202963374, 0.006437314390701532, 0.0051990673038660815, 0.00447734721157742, 0.0038934299842932375], [0.00797683578538119, 0.005415515249917173, 31816.801116968072, 0.003770284452428661, 0.0033319129233690494]]
fps.ts:[1621593524.04808, 1621596982.3882399, 1621600440.7284, 1621603899.0685601, 1621607357.40872, 1621610815.74888, 1621614274.08904, 1621617732.4292002, 1621621190.76936, 1621624649.10952, 1621628107.44968, 1621631565.7898402, 1621635024.13, 1621638482.47016, 1621641940.8103201, 1621645399.1504803, 1621648857.4906402, 1621652315.8308, 1621655774.1709602, 1621659232.5111203, 1621662690.8512802, 1621666149.19144, 1621669607.5316002, 1621673065.8717604, 1621676524.2119203]
fps.e0:[10740.688164830999, 10747.229580663863, 10744.472153098506, 10769.986114008681, 10725.971814388842, 10722.379439471917, 10737.427719983261, 10733.829934827514, 10730.4411466038, 10751.1120200311, 10741.721514167253, 10726.161395926392, 10733.001230655433, 10753.494219124997, 10739.407825689885, 10746.192179323321, 10729.78397775973, 10752.70867863094, 10729.776641139828, 10740.969604841031, 10770.548777118529, 10746.811962827634, 10735.989186777293, 10741.896726061916, 10715.00939597361]
fps.e0u:[13.236726961696796, 13.255018717380349, 13.285446256054685, 13.253875599315114, 13.29943962873879, 13.37123797489023, 13.411749075713521, 13.283314134856976, 13.341562801320366, 13.32569229502881, 13.344854606681832, 13.293011761802967, 13.329808925432706, 13.293776681472561, 13.309471736411096, 13.27040507639346, 13.37657985448272, 13.312840956175883, 13.449044312990342, 13.339932179714465, 13.31240253719174, 13.359511849144447, 13.39312402601277, 13.343781469176475, 13.689210002790976]
fps.lt:[19683.147677346842, 19194.739104359, 18928.091177782822, 17560.952740958808, 20060.66586399589, 20732.059680724007, 19457.056335619116, 18599.49838872389, 19670.643224416617, 17892.622283459208, 18945.81072246176, 20386.831028840938, 19043.068531227924, 16836.978896621687, 18502.04663836554, 19113.431709239034, 19340.94738222119, 17331.95846527327, 19950.8478491488, 20111.027065328493, 17436.910979406224, 19336.709419586427, 19672.91718690097, 18931.906129416602, 21247.198089141646]
fps.ltu:[1440.8104918497602, 1378.6971877691003, 1334.6278295596364, 1148.0432369268685, 1507.6283609380753, 1607.6053319588677, 1426.7779258124467, 1286.079738453444, 1451.9333162577666, 1193.8955992263018, 1340.6382191841299, 1552.9930394876233, 1361.8846710644686, 1058.2864040308668, 1276.0734533782156, 1354.6804159690284, 1404.4842052527451, 1121.9742091206385, 1499.5022894979281, 1509.4066985904076, 1129.2896404668145, 1395.2568702553608, 1450.6058166571972, 1342.9486199092555, 1726.2476873923322]
fps.c2:[1.0686948986776699, 1.4487713818597676, 1.3898973094681584, 0.8463602040564976, 2.5977059112339598, 2.9486954263721916, 1.891717103815745, 1.0522195187452383, 2.6612777720760596, 2.86456906439947, 2.0743689510077843, 0.9747241347630381, 2.941757456943772, 1.717928242239441, 2.9878708580055746, 2.807851559789388, 0.9230252475525824, 1.9916790142654863, 1.2956899538890378, 2.289586162377252, 2.254574073656575, 1.2299097795654133, 2.169591668990289, 2.0428869467225836, 2.173352791866073]
