Ri:[100, 130, 160]
Zi:[50, 100, 200, 300, 400, 500]
fps.ts:[247.8101799964905, 743.4305399894715, 1239.0508999824524, 1734.6712599754335, 2230.291619968414, 2725.9119799613954, 3221.5323399543768, 3717.152699947357, 4212.7730599403385, 4708.39341993332, 5204.0137799263, 5699.634139919282, 6195.254499912262, 6690.874859905243, 7186.495219898225, 7682.115579891205, 8177.735939884186, 8673.356299877167, 9168.976659870148, 9664.59701986313, 10160.217379856109, 10655.837739849092, 11151.458099842072, 11647.078459835055, 12142.698819828034]
fps.e0:[11225.098256784644, 11224.386454589128, 11212.006680137325, 11197.705883263168, 11176.255642432843, 11197.12254935601, 11211.748936244454, 11213.944957314585, 11227.997554551015, 11232.741569165846, 11222.811177343594, 11222.309776078815, 11207.619767258944, 11198.8753021853, 11175.274940986965, 11184.175891163688, 11188.336368143844, 11224.045203742711, 11230.43736500611, 11221.756740568817, 11212.10542298308, 11193.892123584435, 11193.128225593164, 11223.199649801682, 11195.459244807418]
fps.e0u:[27.966054988120327, 28.61205976594639, 28.25713718305974, 29.173777604311628, 27.253493140686864, 27.820942818450256, 27.701843973108765, 28.196280693935208, 27.31516771533282, 28.28882693460062, 28.77711752051885, 28.2757215841674, 28.10838527315385, 28.611235695946366, 28.96573978494305, 28.238804493069917, 28.24490191793768, 28.29961245872962, 28.56489865031187, 27.819703079336776, 27.84405644425148, 27.545523051329162, 28.388288912733472, 28.09051168910154, 27.789575972588402]
fps.lt:[3516.4840399063046, 3573.3913302741244, 3636.0166841853165, 3734.1360205102615, 3762.983710596771, 3675.49928584335, 3656.0907781610663, 3569.4548329897934, 3524.001306451485, 3566.2805980701137, 3588.0857276921797, 3553.6201361752805, 3661.6074083641747, 3618.629823727786, 3767.3705343169067, 3728.0837839098986, 3634.5936491346065, 3589.6788248690314, 3612.5216757551166, 3621.513969227342, 3682.6040461059047, 3757.567072144003, 3635.646135471923, 3565.6241174324186, 3663.6982747483858]
fps.ltu:[98.74762603622776, 103.09811243348294, 105.10869291927926, 115.52892027445098, 109.87801208162894, 106.52254098232547, 105.62985563814965, 103.13562892937625, 96.10924821256855, 102.08452167070318, 105.02178987042703, 100.06998918394814, 106.80539604060772, 106.77114636018501, 116.13946046804048, 108.36431389742128, 106.52488879913665, 102.13743023109113, 104.25295378955798, 101.86274814800109, 106.56354186146787, 109.83132688129207, 106.49335959517022, 103.61058927535201, 105.47131336339696]
fps.c2:[0.8355503395952251, 1.0936290332983194, 2.1975955690702613, 1.0222322351333069, 1.378161619562309, 0.6700349582218983, 1.3270882192553362, 0.4137475168125298, 0.8202789069905989, 0.29940678288011296, 0.9174680728422577, 0.7830629644619348, 1.2940772637181666, 1.4412436699870521, 0.9650970819423367, 0.5832685852171069, 1.0415025028419864, 0.8896190794677812, 0.7191519738973422, 1.305522740574277, 1.2984758062951312, 0.8998048695670813, 0.6327960244412357, 0.5518475047048715, 0.9292597429644036]
FC:[[3.7086926766724497, 3.85598686895903, 3.915823101704387, 4.024977782218384, 4.075703846209449, 4.157981192411036], [3.917389241458311, 4.020863021698738, 4.109943284065433, 4.217248199935182, 4.281418842998814, 4.359635845542509], [4.3132308014818825, 4.400510702772576, 4.510914879212736, 4.605136702017119, 4.674094295242618, 4.763766400181156]]
FCE:[[0.08179629675568127, 0.0425698005527791, 0.026342598960847754, 0.02158512559926355, 0.018884220853488273, 0.01737906470661173], [0.0651595493111611, 0.03333535343435297, 0.020854634502522992, 0.017046942204158342, 0.01495106881728956, 0.0135708011111186], [0.06082995400896812, 0.030302423292031793, 0.019121824125877932, 0.015445472004542868, 0.013507519604850334, 0.012347933334064014]]
