Ri:[100, 130, 160]
Zi:[50, 100, 200, 300, 400, 500]
fps.ts:[1742.828780002594, 5228.486340007782, 8714.14390001297, 12199.801460018158, 15685.459020023347, 19171.116580028534, 22656.77414003372, 26142.43170003891, 29628.089260044097, 33113.74682004929, 36599.404380054475, 40085.06194005966, 43570.71950006485, 47056.37706007004, 50542.034620075225, 54027.69218008041, 57513.3497400856, 60999.00730009079, 64484.664860095974, 67970.32242010118, 71455.97998010635, 74941.63754011155, 78427.29510011672, 81912.95266012193, 85398.6102201271]
fps.e0:[10848.428191289388, 10833.582390087786, 10835.55868973229, 10838.97609173423, 10825.58247217285, 10847.630842376888, 10837.86997096783, 10847.443374420656, 10840.852652838854, 10852.32367067827, 10855.2077916429, 10824.290511622512, 10857.30720707712, 10836.593542731483, 10836.805757365939, 10871.47225647409, 10821.238700827205, 10846.440980107991, 10828.253932854703, 10849.234379640948, 10852.273728361186, 10830.030416026131, 10846.83508759759, 10830.752210121374, 10859.820406075953]
fps.e0u:[12.497714809408278, 12.522171459438514, 12.614742562356549, 12.536786506488305, 12.43235115879866, 12.66714950367781, 12.44482247267058, 12.622740503886979, 12.589075773024986, 12.525643997684824, 12.573748241969653, 12.723221379968336, 12.49458201560001, 12.51910132251349, 12.615904225525043, 12.653033183130866, 12.594806429106875, 12.56191062142055, 12.538077484044969, 12.5778393087311, 12.46082398758129, 12.569657689973564, 12.664137226780763, 12.718965167501993, 12.660180953152468]
fps.lt:[10607.788723793661, 10871.82526769559, 11122.835064066989, 10864.670468984687, 11622.843453195921, 10817.432336801521, 11241.57432086318, 10699.248518936785, 10915.471984159394, 10903.223099731538, 10669.64488326059, 11439.415950707154, 10410.113346375418, 11325.458370122253, 11094.126406566642, 10132.999022133272, 11775.570283226081, 10842.907850296873, 11337.710037896912, 11019.310368236927, 10868.071645001346, 11673.073429011116, 11036.937996409846, 11231.168899618715, 10737.451416215432]
fps.ltu:[386.8774622137674, 410.83750885793364, 430.3186082684844, 408.3392101402958, 463.9774212161528, 407.78891025616804, 435.1676661678152, 399.0602058736446, 414.2093143238497, 412.5291389492195, 395.4026497924775, 458.4594365264743, 376.050897415732, 445.56003740418925, 432.1406411267479, 359.4048504314981, 484.6915266242397, 409.14957422360106, 446.3288085717749, 422.9379055243654, 408.86263148619076, 474.63700986866826, 424.5929459504511, 441.5848604812405, 404.42135483129846]
fps.c2:[1.1445931882105498, 2.6283401805859348, 1.6095827843940969, 0.8961019023343866, 0.9765343316407856, 1.9210528107224012, 2.599277668172332, 0.9555681188704624, 1.3326000980335806, 0.5671012374535326, 1.5986651368113414, 2.545832726862152, 1.5099601920687766, 1.0635679804017666, 1.5058815832572625, 2.844557479624829, 0.9015702155317928, 1.472147349265671, 1.4840158814657198, 0.7425109185425876, 1.242003501193079, 3.198555105794821, 1.7081936972448188, 2.176662284670419, 1.6346057633522941]
FC:[[3.8464627483820624, 3.823311583222314, 3.8407846426642105, 3.865918408773757, 3.9002676325712, 3.926013712037781], [3.8702202792940277, 3.8736664419795783, 3.8957169416018744, 3.9204181352916447, 3.9534301459745453, 3.98297235138017], [3.9913276472146686, 3.99527603042096, 4.026128677062198, 4.054632321526667, 4.087826757296315, 4.118244683929792]]
FCE:[[0.028636466239501585, 0.01733756399345346, 0.011403124340353895, 0.008944965202894199, 0.007577692967284059, 0.006676749037309709], [0.02208712680821689, 0.013466777455728544, 0.008837513322890518, 0.006958348188190679, 0.005913656246842831, 0.005229418268853794], [0.019006306522129708, 0.011172252523570106, 0.007319825261642534, 0.005782299249387285, 0.004923386312429088, 0.004360216787691069]]
