Ri:[50, 100, 150, 200]
Zi:[100, 200, 300, 400, 510]
FC:[[4.0321936129511355, 4.038745425087964, 4.056913878059138, 4.070584688230596, 4.095746292762783], [4.053765789230506, 4.070637113923881, 4.091830003805112, 4.112600188823957, 4.144965533288519], [4.185311413279593, 4.211761409117041, 4.236692766308025, 4.263140983277169, 4.284809703340698], [4.841316484491879, 4.894449021272648, 4.945830572138522, 4.979255689917984, 4.989616533059769]]
FCE:[[0.03422713161536824, 0.023537973412900797, 0.01922093535237627, 0.01658603719234123, 0.01459186505572357], [0.017199476667513956, 0.011783806127742248, 0.009587342694634253, 0.008306907285531327, 0.007187842960234283], [0.011767124594320106, 0.008044354060400266, 0.006524581383357606, 0.005641470646938652, 0.004977198187791166], [0.010998090359356762, 0.00742428338460876, 0.006049014579152569, 0.00523427804106499, 0.004611705982895534]]
fps.ts:[1623315251.8296, 1623318628.9968, 1623322006.164, 1623325383.3312001, 1623328760.4984002, 1623332137.6656, 1623335514.8328001, 1623338892.0, 1623342269.1672, 1623345646.3344002, 1623349023.5016003, 1623352400.6688, 1623355777.8360002, 1623359155.0032003, 1623362532.1704001, 1623365909.3376002, 1623369286.5048003, 1623372663.6720004, 1623376040.8392003, 1623379418.0064003, 1623382795.1736002, 1623386172.3408003, 1623389549.5080004, 1623392926.6752005, 1623396303.8424003]
fps.e0:[10712.860092619958, 10711.039239172087, 10701.824240594622, 10705.99271258677, 10695.94538668976, 10685.522653295278, 10704.906188308441, 10707.816740269092, 10709.53407930676, 10693.499879548572, 10711.809562208402, 10696.825702153139, 10701.708707447926, 10707.118611106025, 10693.541457942098, 10709.920059665375, 10707.690122248401, 10705.377848589414, 10694.523606981233, 10703.55207101819, 10694.593661131265, 10703.437739791065, 10711.516544083664, 10653.03063167459, 10703.09311508137]
fps.e0u:[15.740375634998738, 15.739634806607002, 15.666140718947348, 15.811620033092279, 15.729367006813568, 16.025457385102946, 15.865843928815215, 15.778566305890886, 15.950892215119707, 15.97681172290881, 15.782396199515462, 15.94038732787383, 15.901126405032691, 16.007193277413737, 15.954801400004552, 15.882041636888449, 15.870092635500672, 15.883575964523207, 15.992127946222755, 15.949772738383796, 15.957061559234539, 15.845675750367713, 16.0449526800544, 15.799812697705834, 15.819826901356736]
fps.lt:[21330.2517346612, 21883.0205088134, 23210.057355398516, 21271.064756648746, 22519.159617052424, 25508.649454383034, 21381.341570468456, 20291.04415641503, 21877.520679852154, 23476.601832627202, 21919.887150066716, 20611.987669707247, 21644.888934468414, 19873.181503600023, 22691.31555891438, 19536.50467493821, 19947.18151671033, 21007.04602244121, 21244.25441451949, 21317.840467181366, 23492.181077866408, 19679.11167220378, 18560.925730040053, 26296.557985411142, 19652.160646342258]
fps.ltu:[2020.2498946588962, 2134.805900902745, 2387.186204378672, 2016.9164353586762, 2254.0534177889663, 2923.6345362560533, 2057.604804978463, 1830.8517231476599, 2153.400053266041, 2484.525853135338, 2135.558031650241, 1908.617701424573, 2104.360944563225, 1782.013418450433, 2300.4075315607706, 1713.0340681353814, 1785.947964484069, 1965.20090657174, 2028.843150307977, 2040.2528031276872, 2478.3664571075674, 1726.4719104707626, 1544.9016799129827, 3087.451731479338, 1735.4608518309306]
fps.c2:[2.8528616306268413, 2.452190309335747, 1.3140213561351155, 2.126044340561956, 2.3113536911080614, 1.3012257552125917, 1.8094430497980452, 3.669073926336642, 0.6915330272149496, 1.3558311685038904, 2.3624855266595066, 1.5631636473891146, 1.265356329373377, 0.9325356659823499, 3.366585983016613, 1.9206145822779759, 2.3790247246074325, 1.6158306900242687, 1.587397711311449, 1.5985894295430252, 1.7664437815661456, 2.7261132637854435, 2.4245150769477566, 1.4056402483518726, 1.256738869029572]
