Ri:[100, 130, 160]
Zi:[50, 100, 200, 300, 400, 500]
fps.ts:[1737.5761999988556, 5212.728599996567, 8687.880999994279, 12163.03339999199, 15638.1857999897, 19113.33819998741, 22588.490599985125, 26063.642999982832, 29538.795399980547, 33013.947799978254, 36489.10019997597, 39964.25259997368, 43439.40499997139, 46914.5573999691, 50389.70979996681, 53864.862199964526, 57340.01459996223, 60815.16699995995, 64290.319399957654, 67765.47179995537, 71240.62419995308, 74715.7765999508, 78190.92899994849, 81666.08139994621, 85141.23379994393]
fps.e0:[10900.410429454741, 10878.191281761243, 10870.660361658642, 10881.340548654745, 10908.142568234714, 10884.229275683996, 10895.299737025154, 10924.404025675492, 10900.257038360844, 10890.852414718893, 10896.303411904923, 10890.208414064831, 10907.134575907867, 10926.443865967665, 10885.032692713487, 10877.484690293968, 10884.93992925745, 10907.377846468315, 10924.832505307551, 10901.817817417072, 10895.076553727258, 10910.193473326297, 10900.488571261003, 10899.245523825066, 10894.878496926383]
fps.e0u:[10.588889866328195, 10.514571191877307, 10.44808227688663, 10.347327179325411, 10.235690179909753, 10.473218689461056, 10.40576407182978, 10.519207053297057, 10.396051098945392, 10.478912488625797, 10.479096443636505, 10.405888579090046, 10.394245573214222, 10.453734643624635, 10.440665058048282, 10.354166301833404, 10.43791747311104, 10.389684950607348, 10.406697959585385, 10.393638442244999, 10.465969547187111, 10.409945749415433, 10.319089000662858, 10.427753667643211, 10.626258632197151]
fps.lt:[6114.15472569739, 6259.494835755647, 6335.5386821574275, 6188.546338277766, 6007.118881583559, 6196.207332615326, 6101.948814913559, 5866.214630144017, 6061.384231885268, 6194.6681178607305, 5991.272342805972, 6149.823047368041, 6003.921939895162, 5838.892794359636, 6121.032748022148, 6259.620226047206, 6212.255199532019, 6003.425542416486, 5875.355812496408, 6060.699733449603, 6169.406905168699, 5969.897481817391, 6145.619750601389, 6115.461426110325, 6139.090492084048]
fps.ltu:[107.75080601874105, 112.07462395475838, 114.58540192211069, 108.66298334178167, 100.7819678431453, 109.91380487699422, 105.7499191465684, 98.33808386201035, 104.04619977498679, 110.13899337438123, 102.75571772703364, 107.47622070994585, 102.2117184097253, 97.14727451343899, 106.91401961247769, 110.90505861882579, 110.45513664732412, 102.41433085966443, 98.21589903581145, 104.45520125242281, 108.68913447395461, 101.36523703770338, 107.07690765075094, 106.68893602066473, 109.59746317520477]
fps.c2:[2.127798971143097, 2.2762930742789367, 2.9321469058347875, 1.0962618163097064, 2.2798902854401373, 1.7157007211602837, 1.9488213456990795, 1.7383478041214733, 2.1638301302944236, 1.8683315743169837, 2.170974857483375, 2.0785866240780813, 3.8550175807555616, 2.019608667935295, 1.5853910631203987, 1.7826805632679128, 1.588312483013233, 2.3331842728211862, 1.3004360602878704, 3.6974778282017504, 2.387711914116975, 2.9352613351832018, 1.3439574182026113, 2.266555726271839, 0.6298445195812632]
FC:[[3.7922032213676165, 3.8584666552009756, 3.886110203014359, 3.9377226282642215, 4.003714291805009, 4.068706655507173], [3.8113699138916175, 3.8816775583736898, 3.924651417364722, 3.984485508770462, 4.059455297178131, 4.133918989344535], [3.9359467326816326, 3.9799723182763582, 4.038274309011434, 4.104182003176759, 4.178095354088658, 4.2540384540159035]]
FCE:[[0.028227553830691855, 0.015098511881902624, 0.00926561038748085, 0.007263954283346262, 0.006044867267415086, 0.005411651898084059], [0.022116047982022973, 0.011681657697587668, 0.007187288140956286, 0.005501591311700944, 0.004716575008495953, 0.0042403621958806495], [0.018143309622412673, 0.00957096567431908, 0.005904808924911402, 0.0046490111742734245, 0.003991083577109366, 0.0035083802921041887]]
