Ri:[100, 130, 160]
Zi:[50, 100, 200, 300, 400, 500]
fps.ts:[931.4281199979782, 2794.2843599939347, 4657.140599989891, 6519.996839985848, 8382.853079981804, 10245.70931997776, 12108.565559973718, 13971.421799969674, 15834.27803996563, 17697.134279961585, 19559.990519957544, 21422.8467599535, 23285.702999949455, 25148.55923994541, 27011.41547994137, 28874.271719937326, 30737.12795993328, 32599.984199929237, 34462.84043992519, 36325.69667992115, 38188.55291991711, 40051.40915991306, 41914.265399909025, 43777.12163990497, 45639.97787990094]
fps.e0:[10893.836353538456, 10880.177345601054, 10934.73912598831, 10939.560272601157, 10893.403691123596, 10898.976130102114, 10894.341854750468, 10905.82823730503, 10944.20935111118, 10911.806237767501, 10874.608326631369, 10947.352550745538, 10878.836277191782, 10915.755135845788, 10912.88415424998, 10929.106509777259, 10898.493395511625, 10930.641744435574, 10924.744338704588, 10897.016865090756, 10886.684084474626, 10928.292332996445, 10942.979907986826, 10876.300770403246, 10890.701209728442]
fps.e0u:[19.447354101140974, 20.380227839262428, 20.7281433819198, 20.511114516530938, 20.420799129778644, 20.472059513579378, 20.249727684538122, 20.65328842311533, 20.74606102651573, 20.69995740467702, 20.354680644048123, 20.806887184618734, 21.144883800848216, 21.10199677394202, 20.444864161227937, 21.062446001243607, 21.323629602079226, 20.967066917748312, 20.670094095859213, 20.989698940041638, 20.95153306211577, 19.86916977619925, 20.286486887933172, 20.969145651859513, 22.05599514903055]
fps.lt:[6364.376715695113, 6524.3428911850215, 5971.657487173015, 5940.256021640967, 6473.685574457016, 6307.4477008710755, 6594.259281062924, 6271.09012247975, 5931.942764262166, 6198.637588390303, 6571.090180769574, 6007.664263505085, 6636.6081977255, 6237.323390949527, 6385.158088867504, 6130.389462761801, 6279.118676758933, 6023.20935372101, 6161.851428043094, 6422.938746556662, 6656.492018378648, 6121.086717862999, 6050.927597913633, 6760.997238166778, 6519.421271166802]
fps.ltu:[218.17256802297788, 238.073171040431, 202.5407030728659, 199.55854555534162, 233.66209013428696, 225.22705116867564, 242.60881562151096, 222.0572740055752, 198.86074754869924, 218.9388063479887, 240.72522135658824, 205.17708226388652, 253.29253272738, 227.26389895948665, 229.4046828529127, 217.9063586032825, 227.99878929956242, 208.8296014248171, 215.1965127625334, 237.69885308261223, 254.79713645580765, 205.02720701355003, 202.97342557846653, 264.01405552073055, 257.10922234650303]
fps.c2:[2.5829189467540297, 1.13894233463735, 1.5989891128622855, 0.3732254929544933, 1.788786612832447, 1.920235214646875, 0.8907339978144135, 1.0568727806594054, 1.714973716532037, 1.2943268215371744, 0.9668822283025226, 1.4013781709082131, 1.2818232010435695, 1.3668056300975453, 1.0674886799132668, 0.4703753168392805, 0.6622596511731159, 0.6935042367854108, 1.0385443322565642, 2.5100706980896943, 1.0364534793006661, 1.668941660891752, 2.210284417038367, 1.198840640057106, 1.1308488027378345]
FC:[[3.950032166409157, 3.976758306738064, 3.9545471768320515, 3.981402620926617, 4.016261166143062, 4.063830256307243], [4.018547886551207, 3.976718493041713, 3.977121580831011, 4.0154251375152, 4.055837781365938, 4.105937802410701], [4.176528140266017, 4.11088713043601, 4.106042915491852, 4.143612114017017, 4.183003289955263, 4.249470418207584]]
FCE:[[0.05630699089374335, 0.031032058977340887, 0.018675181807556517, 0.014410300319776874, 0.012205622913332301, 0.010845145195424889], [0.04326510600380113, 0.023514617201139964, 0.014381569052833061, 0.011159884883044861, 0.009477404744314131, 0.008437410512353007], [0.03723153366399619, 0.02000339179865305, 0.012160667549489431, 0.009462672792942262, 0.00803715882078992, 0.006927049754648467]]
