Ri:[100, 130, 160]
Zi:[50, 100, 200, 300, 400, 500]
fps.ts:[1678.3784200000764, 5035.135260000229, 8391.892100000383, 11748.648940000534, 15105.405780000689, 18462.16262000084, 21818.919460000994, 25175.676300001145, 28532.4331400013, 31889.189980001454, 35245.946820001605, 38602.70366000176, 41959.46050000191, 45316.21734000206, 48672.97418000222, 52029.731020002364, 55386.487860002526, 58743.24470000267, 62100.00154000283, 65456.75838000298, 68813.51522000314, 72170.27206000328, 75527.02890000344, 78883.7857400036, 82240.54258000373]
fps.e0:[10799.25267081145, 10806.089507675728, 10783.524728576698, 10818.09856599275, 10821.636081461169, 10806.599538188037, 10826.801077228401, 10833.348705367767, 10799.857662503537, 10795.853370778454, 10808.149313164782, 10824.173866127368, 10815.749584395024, 10807.04136370153, 10808.234898408191, 10822.977259219744, 10843.102454138256, 10842.889371593226, 10812.907873503938, 10814.52071499245, 10798.896031360897, 10809.888049302222, 10817.097275457669, 10802.164163612351, 10819.416458858099]
fps.e0u:[13.633622445769236, 13.556804795248572, 13.660628483832905, 13.736601233568527, 13.653074225428375, 13.450180046756913, 13.758744452828088, 13.664169082765309, 13.716960038632575, 13.717694350400157, 13.643000108454848, 13.658765191224745, 13.572872377673322, 13.709178324175356, 13.810854482814008, 13.470618814072143, 13.568449538913779, 13.765149475634695, 13.693753375259774, 13.619745946346951, 13.753664101391537, 13.597629625403501, 13.532424884392974, 13.587049861745959, 13.725288047824534]
fps.lt:[10858.120653206272, 10867.817834168316, 11878.870874275428, 10647.19124665094, 10415.681346075502, 10713.696428869098, 10207.183899867963, 10075.429895736463, 11121.131827310472, 11241.994995505547, 10753.254926726022, 10550.697477716973, 10719.999790284262, 11394.537412415393, 10840.512929290648, 10284.122369486497, 10128.624026179998, 9897.191613786259, 11085.225598688534, 10841.96323410356, 11199.371644810983, 10937.554256121804, 10883.948704737233, 11220.897674765523, 11090.253188830318]
fps.ltu:[446.58467681338686, 448.0757572380825, 534.8503561056993, 433.0308552977053, 413.80850761275775, 433.06706994050523, 397.0752663314824, 386.2507996129569, 470.75482920970444, 482.6956837666395, 439.8259438695159, 426.6663940011535, 434.70996370814026, 496.6746946307668, 452.3094928533762, 398.8100655840926, 388.10754662139175, 374.9078703934082, 468.3980992088293, 447.64953427310667, 479.3082215392488, 456.3965748079718, 448.89654938712897, 476.754754328354, 467.6433801017907]
fps.c2:[1.777661361450229, 1.242694166582691, 1.611421381661567, 0.6877767622945719, 1.1589214584874876, 1.7722003039328225, 0.5309814881855657, 0.9761171360021577, 1.480470970854361, 2.402845009734683, 0.9897207114683428, 0.9206064973991084, 1.6264353659281032, 2.46538161336428, 1.641422918447734, 2.2758830257814076, 1.3374234921946349, 1.8627055983428393, 1.2596591278871208, 1.6121017405558054, 1.674042590168738, 1.4884490968188877, 2.7614521273058084, 0.6220693720676705, 1.2108267362075933]
FC:[[3.8042890361285138, 3.8814918638970046, 3.880064109221581, 3.9104218572504386, 3.9350347805043384, 3.961267058092161], [3.8371683748197642, 3.9093245865314805, 3.917889214828654, 3.947201058160519, 3.9751615829161886, 4.004298994903985], [3.9473877585570962, 4.0252827820562045, 4.0402666388351625, 4.0717390104746, 4.104039113561735, 4.135001690182213]]
FCE:[[0.031310204480397834, 0.019049352884259574, 0.01242583462325382, 0.009774807234014608, 0.008310186564920767, 0.00734959018125434], [0.02412301642516142, 0.014766789939577193, 0.009616217098330682, 0.0075795029614733065, 0.006459519419991575, 0.005728183079615604], [0.020481951524792583, 0.012530749998661682, 0.008177500009821252, 0.006467821645142367, 0.005390988391409283, 0.0047923554931718765]]
