Ri:[100, 130, 160]
Zi:[50, 100, 200, 300, 400, 500]
fps.ts:[1808.2204200029373, 5424.661260008812, 9041.102100014687, 12657.542940020561, 16273.983780026436, 19890.42462003231, 23506.865460038185, 27123.30630004406, 30739.747140049934, 34356.18798005581, 37972.628820061684, 41589.06966006756, 45205.51050007343, 48821.95134007931, 52438.39218008518, 56054.83302009106, 59671.27386009693, 63287.714700102806, 66904.15554010868, 70520.59638011456, 74137.03722012043, 77753.4780601263, 81369.91890013218, 84986.35974013805, 88602.80058014393]
fps.e0:[10372.470526956422, 10409.703364348414, 10444.610937557813, 10453.836088222013, 10466.543469990862, 10457.188971031825, 10499.635451774597, 10539.782518268967, 10502.78699013064, 10549.725805173955, 10510.126973664066, 10544.250457443488, 10543.432040059482, 10571.141773066342, 10561.410795309735, 10586.925197029283, 10604.11438814209, 10602.324596533783, 10610.266793056513, 10643.188968651959, 10621.130992400267, 10611.118556613743, 10628.893638307733, 10641.460951802457, 10634.446468038406]
fps.e0u:[11.72714720390872, 11.784549099169727, 11.856876145012542, 11.755939855085575, 11.403585919154471, 11.233435879742434, 11.281927091414085, 11.259210756617646, 10.648837738446439, 11.197488466209162, 11.395142858214863, 11.262357749070699, 11.040449877934817, 8.210763551647457, 7.649453690821438, 7.501291849434894, 7.497846816968926, 7.428411054351471, 7.413275081561096, 7.56541829877854, 7.3225896368418395, 7.562201841054179, 7.608110903596194, 7.55189449054031, 7.3240468672462775]
fps.lt:[6050.2452655925, 5950.8956489771235, 5801.468300663284, 5890.921640039161, 5884.5244203368175, 6166.069557492889, 5779.759321886561, 5628.21301195251, 6033.7665191451215, 5579.281735425417, 5944.753843141797, 5790.81078802258, 5843.339867711645, 5831.185817026744, 5991.19414612817, 5854.8090882985625, 5847.608906839502, 5791.549191772216, 5765.081308255071, 5544.267919733271, 5796.7020975272535, 5915.548558239588, 5910.187060820834, 5734.549218829093, 5844.479315832064]
fps.ltu:[121.44148764032978, 117.70846142854141, 112.02144012770735, 114.3184082877985, 110.2625428009576, 119.01306899886498, 105.02913015745061, 100.48485533215084, 108.69959766907259, 97.96940432594214, 113.35853237563626, 105.36287100528828, 105.87130679846473, 79.08049302328214, 78.20573079819867, 72.93410444208072, 72.32462481626722, 70.61165229604883, 69.95896280009943, 65.63885098783531, 69.74280111883478, 74.83837013452077, 74.8820357541464, 70.4311643040524, 70.7061633773891]
fps.c2:[5.382888759666366, 4.961459749937228, 3.067941176646637, 4.950127923746496, 4.198989130423507, 5.988557338039479, 7.828368666577573, 3.625465269734972, 8.746781885928621, 6.146963993185697, 5.933123750031912, 7.169278272115168, 9.81773406544252, 9.871464150599625, 8.786639153725266, 12.646283556890207, 8.6857623704581, 18.28041778574479, 15.644546774109623, 12.230845367144424, 16.86829787755979, 10.035978217788065, 14.841419677323604, 14.831669847990925, 12.955427114130705]
FC:[[4.243373603920793, 4.262625764450616, 4.336986564290487, 4.401213221432591, 4.481603270254943, 4.55884370673241], [4.204763815782169, 4.290612742350495, 4.36915463840895, 4.4389461726264905, 4.522885676897392, 4.599646114750699], [4.295713520312783, 4.387803349977617, 4.48439224468534, 4.562887457503662, 4.643128529559068, 4.725147361899486]]
FCE:[[0.027886300368546352, 0.014782580906306488, 0.009301003543117756, 0.00733267155472548, 0.006267477052921379, 0.005453975505137607], [0.02127673396179646, 0.01136818265357684, 0.007096742226250316, 0.005608384171301934, 0.00470562406315005, 0.004201373500559299], [0.01810812402496261, 0.009429481191980312, 0.00595475495906905, 0.004590358022466756, 0.003939856695171262, 0.0034562063903552515]]
