Ri:[50, 100, 150, 200]
Zi:[100, 200, 300, 400, 510]
FC:[[4.087800459827174, 4.021597319836363, 4.011631703445223, 4.024858473026171, 4.049944525613384], [4.005980743106522, 4.011221317817302, 4.025774954796565, 4.04497764024463, 4.065610593814206], [4.117406393757091, 4.126549935093867, 4.144172979745218, 4.174425317697907, 4.201647369600247], [4.754885954617764, 4.772993503139298, 4.804764569019824, 4.831508689578732, 4.84821321664654]]
FCE:[[0.03132987742064712, 0.020981575545727563, 0.01690847219810014, 0.014579887170356487, 0.01297733500111249], [0.015180352545335396, 0.010366903336536532, 0.008399437562312364, 0.0072736556454937136, 0.006463249221454547], [0.010718325198393941, 0.007293738896056278, 0.005897623892265463, 0.004977226012941616, 0.004428901785179284], [0.009808079682551697, 0.006672676949726667, 0.005408809789204771, 0.004680232945440715, 0.004150201515203695]]
fps.ts:[1612559262.43726, 1612562703.05378, 1612566143.6703, 1612569584.28682, 1612573024.9033399, 1612576465.51986, 1612579906.1363802, 1612583346.7529001, 1612586787.36942, 1612590227.98594, 1612593668.6024601, 1612597109.21898, 1612600549.8355002, 1612603990.4520202, 1612607431.06854, 1612610871.68506, 1612614312.3015802, 1612617752.9181, 1612621193.5346203, 1612624634.1511402, 1612628074.7676601, 1612631515.3841803, 1612634956.0007002, 1612638396.6172204, 1612641837.2337403]
fps.e0:[10852.463928366522, 10838.663097200997, 10831.639289149552, 10860.740379832236, 10858.317954255685, 10869.606663495819, 10864.65901938351, 10855.927805038966, 10843.383662479944, 10839.439571973424, 10870.544263829588, 10862.897443756065, 10834.673056097565, 10864.04613693206, 10857.237879696611, 10866.454285082662, 10848.21208733928, 10871.440051424059, 10876.4313593703, 10859.494119378696, 10847.341348559086, 10869.87383938074, 10870.19622280042, 10878.11918177126, 10869.48740909999]
fps.e0u:[14.869921908597135, 14.635026553121964, 14.762944564407535, 14.787698420745738, 14.688104985145143, 14.610670337503917, 14.473042583931012, 14.814276460958009, 14.746286134135556, 14.855139635524017, 14.633039740567932, 14.880282653780666, 14.762675693999485, 14.914006429434691, 14.921606801332858, 14.675391061100324, 14.877470005106849, 14.892651845331649, 14.662925006332273, 14.899013231886535, 14.955517848279879, 14.839220361688554, 14.866199676708849, 14.704666847512573, 14.753828918135223]
fps.lt:[14880.330390737974, 16272.166395926595, 16305.429640135448, 14563.343354565397, 15321.375640411265, 14303.318997053533, 14631.252795664295, 14947.975175238415, 15657.568163511338, 16785.490534232915, 15169.973278808768, 14975.739620046279, 18755.681290514913, 16266.9088755653, 16301.91075154777, 15026.076602956447, 16107.8328267242, 14380.860796319266, 14978.698994201673, 16137.412909115106, 15154.505621867811, 14871.937808469429, 15416.526227938437, 14030.93813204369, 15622.699665869213]
fps.ltu:[922.6015536695386, 1092.8975445159983, 1111.6462481700103, 880.1498189856715, 968.412197443076, 841.9062339850104, 880.806661397739, 930.4111021172621, 1017.322413031038, 1174.5796735351564, 944.0513194144895, 935.6450393323032, 1456.6429781975714, 1102.2078158444974, 1109.5015307614515, 928.597117957311, 1080.0053185023087, 862.730828660134, 922.2775263915519, 1080.9515375808176, 957.4415187786753, 913.0147260057194, 987.2612817469545, 808.0256796436583, 1003.0935835034156]
fps.c2:[1.266246358148782, 2.7131360540998513, 1.9944322183844037, 0.8844666672908137, 2.0766648975718462, 3.2449867856630785, 0.6884354662817138, 1.2358481674889144, 1.5373226548032355, 1.0103731730246428, 2.3454408012703913, 1.3361127943443534, 1.314659367112734, 1.1588448621253769, 0.944379796886219, 0.8007789006368612, 1.6115531681254207, 1.4668265994461653, 1.051765155136235, 0.9564566878853786, 1.3108169324125782, 0.9899053018441216, 1.4662630347419667, 1.916587995035188, 0.5424353687535894]
