Ri:[50, 100, 150, 200]
Zi:[100, 200, 300, 400, 510]
FC:[[4.074155800513951, 4.033817643730907, 4.07713403656105, 4.067994910704622, 4.074657135118958], [4.03600093276375, 4.014923051595605, 4.055304552589825, 4.0688401185600584, 4.103966553826514], [4.14059888210856, 4.152631831695964, 4.196439304460251, 4.213679129811424, 4.244844812901681], [4.733582586709772, 4.771298207582486, 4.816938673201964, 4.843781713981119, 4.867487248030386]]
FCE:[[0.04989838097586192, 0.03268842007915726, 0.026408697780502456, 0.022792202571108835, 0.019927195669571622], [0.025087528868299427, 0.01683689026529482, 0.013717967253461933, 0.011754349496321448, 0.010411239942205044], [0.017422009890227744, 0.011737653020123076, 0.009506765940805666, 0.008162460688673661, 0.007228828609319687], [0.0164323498561966, 0.011042647985801936, 0.008915654733683413, 0.007680356832351893, 0.006779790715636278]]
fps.ts:[1610208612.7975602, 1610212018.96668, 1610215425.1358, 1610218831.3049202, 1610222237.47404, 1610225643.64316, 1610229049.8122802, 1610232455.9814, 1610235862.15052, 1610239268.3196402, 1610242674.48876, 1610246080.6578803, 1610249486.8270001, 1610252892.99612, 1610256299.1652403, 1610259705.3343601, 1610263111.5034802, 1610266517.6726003, 1610269923.84172, 1610273330.0108402, 1610276736.1799603, 1610280142.34908, 1610283548.5182004, 1610286954.6873202, 1610290360.85644]
fps.e0:[10092.750680329751, 10102.381169993852, 10064.956866516568, 10082.254948193491, 10088.059753768557, 10094.568010561119, 10078.96358006141, 10082.82317059682, 10070.42150587882, 10077.261433963664, 10143.828417416056, 10120.503450694569, 10095.17388865734, 10085.143347285844, 10056.62649989112, 10060.656796633266, 10139.495327907669, 10086.771221538582, 10071.701746142002, 10117.170842388985, 10103.895937713405, 10123.46931353436, 10140.830789295112, 10111.99539300913, 10092.34484313743]
fps.e0u:[22.916036950767612, 22.63395597385205, 22.758809686055475, 22.897608736978405, 22.117645868090523, 22.424136744137336, 22.926294977426608, 22.863475924533784, 23.101800233925132, 22.7509153776359, 22.527426333316477, 22.827036628754684, 22.755537503343753, 22.678412392777663, 23.18093772997252, 22.80661084953516, 22.54742214078588, 22.667468147580436, 23.282051187596846, 22.733071555199476, 22.853598609780715, 22.506501552537785, 23.120855601939, 22.97429758727069, 23.1048300374354]
fps.lt:[15938.528204018423, 17344.239685695982, 19914.237229538183, 17649.518878507257, 18699.83069325468, 19084.03078490218, 18217.90749485036, 19781.23996084825, 18727.216993324535, 19493.259808095983, 15140.171487846479, 15105.697254083585, 17510.778404010194, 15721.096100139515, 24110.94073858808, 21641.13164888654, 14295.3252545158, 16439.11976878757, 17771.47760700329, 15987.909188330334, 15842.323003671152, 16873.76450420297, 15490.715043015683, 17216.03408400949, 17449.364669889674]
fps.ltu:[1737.1328525505803, 2014.8615539647917, 2675.2531233708432, 2112.1528559250737, 2283.928278852732, 2434.7388507945147, 2243.343209740636, 2662.9377781875514, 2381.7322741163075, 2592.4296021231185, 1540.2283461603834, 1559.7119852733322, 2093.8906944536834, 1689.5732083767625, 3956.0858375419575, 3187.059119085438, 1371.78909382313, 1849.4746301737068, 2161.7900084665885, 1737.4146962430573, 1700.0183347358732, 1922.654337365581, 1643.3862706375062, 2014.6271272994736, 2106.563982145444]
fps.c2:[0.832562978096973, 1.438255019219377, 1.1921284013393776, 0.958843954584524, 1.7623511621452503, 1.1282609764555773, 1.1319806982010399, 1.2168644853787116, 1.0108180137462308, 0.9251491162563167, 0.9665073401658782, 1.7286411799293657, 0.5443323733400776, 1.1051677042192904, 0.9172034122439485, 0.8889039064472596, 0.9827433204338181, 1.6367249180026928, 1.115232897149374, 1.0471410990473486, 1.3636705558811362, 1.164756174546106, 1.2947025982494809, 1.2228159130554235, 0.77143501180789]
