Ri:[50, 100, 150, 200]
Zi:[100, 200, 300, 400, 510]
FC:[[4.100011060260621, 4.0507614943361645, 4.006428363840578, 4.027717303486767, 4.057103819922276], [4.0300213984924085, 4.02959497824932, 4.028427292928531, 4.060663721259564, 4.086942389063579], [4.151205304668879, 4.1638969923686195, 4.184538546654853, 4.2158198743474795, 4.248042978790803], [4.797551604690023, 4.823314554199976, 4.861579642770251, 4.895662200326498, 4.922065826672508]]
FCE:[[0.04562406539894547, 0.03044488476025792, 0.024302285546693267, 0.021124794200796645, 0.0187716855750915], [0.022016649692734695, 0.014981483803852719, 0.012010458726729532, 0.010477043021883943, 0.009309357684378489], [0.015396710058228872, 0.010487953163014754, 0.008474432190511257, 0.00736081604572336, 0.006360173394689077], [0.014044781306613303, 0.009553433747943974, 0.007737196666374151, 0.006698113728210424, 0.00593314349562137]]
fps.ts:[1618055974.4035602, 1618059431.23668, 1618062888.0698, 1618066344.90292, 1618069801.73604, 1618073258.56916, 1618076715.40228, 1618080172.2354002, 1618083629.06852, 1618087085.90164, 1618090542.7347603, 1618093999.5678802, 1618097456.401, 1618100913.2341201, 1618104370.0672402, 1618107826.90036, 1618111283.7334802, 1618114740.5666003, 1618118197.3997202, 1618121654.23284, 1618125111.0659604, 1618128567.8990803, 1618132024.7322001, 1618135481.5653203, 1618138938.3984404]
fps.e0:[10704.04253338754, 10661.964186273513, 10709.224569808523, 10702.998753471604, 10715.177222913255, 10681.17433280491, 10701.670393802893, 10681.98820698683, 10682.675676822259, 10685.00394195154, 10685.885541632346, 10682.4270265486, 10698.069997177468, 10674.227355854071, 10693.334765198064, 10693.266903943788, 10678.889483242727, 10685.24303490946, 10729.860409874713, 10687.377532557945, 10728.051995578275, 10686.952079601568, 10699.100003551226, 10708.934538181398, 10699.500834840897]
fps.e0u:[20.547184236453376, 20.648956636382497, 20.700652490063376, 20.574326939910147, 20.50902196157302, 20.624916361743367, 20.652319730617112, 20.831446587710996, 20.75653581357865, 20.507393332589075, 20.38519231418832, 20.574001918383146, 20.801657575995105, 20.217621148755313, 20.76452125356646, 20.801660075799035, 20.38465564056231, 20.860373000025955, 20.63676437854616, 20.377976909771235, 20.7896257350048, 20.65157790685828, 20.611374002029507, 20.503725535316693, 20.805309181095023]
fps.lt:[17235.062312756647, 21197.84947624935, 16641.940481258287, 17893.06926484885, 16135.250732572951, 18196.93618857849, 17258.02653547018, 19107.378098570538, 19392.278945845403, 18077.79425487833, 19000.947552685084, 21452.86954252599, 16573.863493453373, 20911.512804936836, 18508.895816412158, 16546.40760604176, 19135.214305689227, 17708.118227369796, 14618.30646397532, 19849.263686172526, 16056.879750574113, 17829.950570161196, 17181.892618969763, 17359.493447214434, 16867.844694936342]
fps.ltu:[1720.559101877432, 2621.8243229396176, 1625.3685719121984, 1849.9593865384172, 1508.5178161016383, 1934.8808684621392, 1736.1141095295864, 2137.7905592480183, 2189.667101809998, 1893.79007323304, 2085.503481170586, 2679.5223762057963, 1612.2274693840486, 2517.2163816980346, 2017.7043154331086, 1597.5825982947497, 2113.7089682312485, 1845.7937478174547, 1251.6800809612544, 2273.7643232362584, 1511.4423551081754, 1859.3540760197998, 1739.6593540873646, 1743.5343881493143, 1679.2095173499029]
fps.c2:[0.9601324333731334, 1.2287408848461805, 2.2609032780306118, 0.9639469767910671, 0.57915824763167, 0.7940919915735857, 0.9666084740063225, 1.2186977648535164, 2.30370453824876, 1.5913977201700016, 1.0374429490728598, 0.852312737555025, 1.1352747771915377, 1.1044325536083786, 0.9203686480214086, 0.812517029416176, 1.5152019686972786, 0.486103717345077, 1.2679394628612353, 1.162059798867084, 1.1128026090083627, 1.037646722141321, 1.3428683120543707, 1.6537482533026528, 1.7646427055674003]
