Ri:[50, 100, 150, 200]
Zi:[100, 200, 300, 400, 510]
FC:[[4.048225096998353, 4.017693832252341, 4.038702318054323, 4.044388943372192, 4.067570758136192], [4.038629109849733, 4.040631376625436, 4.070032272745529, 4.080089703609466, 4.106174702910035], [4.16252091018476, 4.186409424398759, 4.21960444659047, 4.240503788030469, 4.270364687698191], [4.795886557489181, 4.8382500480439985, 4.880921380808433, 4.905170062736957, 4.930311346704151]]
FCE:[[0.048312599151133735, 0.032528251604148004, 0.026297350225946967, 0.022551845386399053, 0.0198623081725175], [0.023865347531696345, 0.01623256268776913, 0.013177260148403121, 0.011306230323109588, 0.009978477157118934], [0.016126286010881858, 0.011027060551225557, 0.008924483113474605, 0.007685810906759604, 0.006802040462867443], [0.014851483654049468, 0.010163164901425473, 0.008251034877240816, 0.007117891590424321, 0.006297859577415645]]
fps.ts:[1619121912.69942, 1619125374.25626, 1619128835.8131, 1619132297.36994, 1619135758.92678, 1619139220.4836202, 1619142682.04046, 1619146143.5973, 1619149605.15414, 1619153066.7109802, 1619156528.2678201, 1619159989.82466, 1619163451.3815002, 1619166912.9383402, 1619170374.4951801, 1619173836.05202, 1619177297.60886, 1619180759.1657002, 1619184220.7225401, 1619187682.2793803, 1619191143.8362203, 1619194605.3930602, 1619198066.9499002, 1619201528.50674, 1619204990.0635803]
fps.e0:[10707.478601700725, 10767.957974803074, 10674.817704656427, 10708.371721994947, 10709.392802945811, 10687.673061003063, 10695.817723408905, 10681.639708624869, 10686.328154126939, 10688.888037451372, 10684.280714356179, 10688.60327450457, 10674.569611738765, 10726.05457416764, 10696.18747134221, 10735.740960930734, 10646.862557900142, 10647.081879507225, 10736.517175182333, 10677.687499418053, 10688.448171311402, 10716.192077397664, 10649.278942298995, 10698.233044125363, 10674.148721182928]
fps.e0u:[21.87925534306562, 22.164202409861023, 21.476366923643408, 21.91300590860096, 21.95752699872845, 21.87282116628807, 22.128270921500135, 21.89054887138491, 21.630252336157753, 21.899932079312528, 22.09642647420033, 21.836505232112597, 21.829155625654252, 21.738815230357936, 22.016296030858147, 21.86566140596826, 21.791306249379037, 21.759837677604672, 21.878664357188008, 22.264398361328787, 21.82212942786977, 22.104873730113383, 21.922000481693928, 21.99328449586683, 22.217913414679632]
fps.lt:[19466.40693152624, 15288.52668560797, 22851.64341126087, 18370.23234766293, 20787.16525800015, 20633.48641686687, 19553.05188545373, 21421.817597082038, 20708.060774300393, 20955.70372695518, 20510.92263849372, 21227.472544677436, 26555.98013708589, 17876.52182930438, 19153.219217677743, 16519.20469354761, 30317.745943153117, 27387.867924537222, 16943.110214674583, 21681.047604185766, 19779.77929370105, 18193.20608062616, 24703.001577116145, 19041.28698520566, 22985.829418577214]
fps.ltu:[2328.873017152207, 1458.2907085772024, 3187.415708685, 2088.011281642308, 2682.5041324973063, 2611.9849908129495, 2375.1722574685637, 2818.723050916801, 2620.8580375058223, 2719.8542610872173, 2602.4062379172506, 2757.6792481100683, 4340.127719315386, 1945.7157964407772, 2277.8713432445843, 1683.0532260074049, 5638.614824053203, 4597.630782480766, 1778.8452585668954, 2937.5716246921315, 2419.74125027351, 2072.71875748988, 3780.103816845498, 2248.402361695622, 3298.966854243425]
fps.c2:[1.1160752315201832, 0.7227428427527249, 1.5086014586797476, 1.5941619154275968, 1.9654275451088306, 3.465545735576919, 1.4352310445499588, 1.1639708929089936, 1.1907552681574562, 1.4512655120550872, 1.8333804554750834, 1.1575859510849111, 1.520736640074458, 2.263965397777815, 1.9556115815463282, 1.4638249490456816, 1.220302718312456, 0.37474089334206595, 1.5175311403342584, 0.7832157582862723, 0.5395989206355087, 0.9825241408433597, 0.5117596271973442, 2.1968010540324654, 1.1406277246201928]
