Ri:[100, 130, 160]
Zi:[50, 100, 200, 300, 400, 500]
fps.ts:[1811.9638999986648, 5435.891699995995, 9059.819499993324, 12683.747299990653, 16307.675099987984, 19931.602899985315, 23555.530699982643, 27179.45849997997, 30803.386299977305, 34427.31409997463, 38051.24189997196, 41675.169699969294, 45299.09749996662, 48923.02529996395, 52546.953099961276, 56170.88089995861, 59794.80869995594, 63418.73649995327, 67042.6642999506, 70666.59209994793, 74290.51989994526, 77914.44769994258, 81538.37549993992, 85162.30329993725, 88786.23109993458]
fps.e0:[10863.584011533743, 10856.038351283618, 10876.543736386655, 10850.339904667486, 10851.517501343365, 10870.200703734881, 10828.122033394837, 10872.19562361178, 10852.752172520853, 10861.610486532054, 10853.987692244693, 10884.016035843246, 10871.717796879342, 10881.425538986105, 10853.99397392261, 10857.204987616069, 10867.7880444776, 10852.03918699854, 10857.116860839316, 10867.349737577933, 10854.358039017188, 10860.354380666673, 10856.289493320353, 10878.261449848134, 10857.22369605227]
fps.e0u:[9.989496999211372, 9.859870342115265, 10.039831354959668, 9.943981858676194, 9.978994700949814, 9.93496021265245, 9.93042598635942, 9.884806390508086, 9.945377948638368, 9.994689783133493, 9.940910886710737, 9.918157008925332, 9.879601201553026, 9.979529720921633, 9.96460693515319, 9.821562028565406, 9.79689111666058, 9.994772496093058, 9.932190859124482, 9.971457117189944, 9.908807489054213, 9.947101315370057, 9.990030389429563, 9.967448317198539, 10.042642754166097]
fps.lt:[6192.693922268268, 6336.490054016815, 6097.089512076724, 6280.635529668144, 6277.9126260518, 6068.425947267378, 6570.172035584826, 6031.558346382176, 6305.608530834592, 6190.689869166037, 6267.526032112744, 6036.4045045317225, 6159.202469616526, 6043.152039944525, 6242.615541575018, 6296.491317616477, 6174.348551608629, 6146.048146058585, 6323.129678026698, 6113.76869211506, 6272.042013796534, 6282.3433000133955, 6281.3503068705795, 6071.3366421993105, 6263.33748916917]
fps.ltu:[104.98691957329686, 108.22341152555657, 101.89550374735883, 107.34950395105037, 107.4886180561888, 99.85875459883754, 117.08616029683728, 98.42589289126244, 108.4261053534988, 104.79804809664051, 106.99604418720138, 98.92554220244482, 102.49367614780111, 99.83176835277882, 106.291399360444, 106.53218920871126, 102.27990037326377, 102.95793485409432, 108.63180670670005, 101.9872368863492, 106.64835114901905, 107.20748105130953, 107.93419048567962, 100.16038220148508, 107.89555303946379]
fps.c2:[1.7599991394784646, 1.951804140725486, 3.07557706408744, 1.6339680796379652, 3.634286548708382, 2.186165130951729, 3.456998804852122, 2.198536000687069, 2.7130897685617468, 1.5204256148422959, 4.960629688100868, 3.435998155592238, 2.5901143894510787, 2.556451270512585, 1.562799288834858, 2.9917810215679257, 3.3435092406983005, 3.7561309439618245, 3.6763525708727443, 3.348675978315996, 3.1096240046540586, 2.4224147225878094, 2.2144567548215157, 3.1389516947186715, 2.591683804948435]
FC:[[3.6969082782867124, 3.703939843917767, 3.78981612896071, 3.8634052188293917, 3.940643378148146, 4.025970610395381], [3.70606701776887, 3.7443410670316735, 3.8278043459607614, 3.899591458361216, 3.9822710350516854, 4.072413745817084], [3.7904920769669816, 3.8180429270331233, 3.8935556311556625, 3.9707291299407927, 4.054503061269042, 4.141020580711962]]
FCE:[[0.025898891903674327, 0.014196888919771477, 0.008656323762369167, 0.006830342445371123, 0.00584102324601708, 0.005117618504878238], [0.019961540562579757, 0.010682590296521475, 0.006683179779658195, 0.005266937194139192, 0.004524596205508106, 0.0038883320900732787], [0.016964851704602976, 0.008890143484490742, 0.00551442836917474, 0.004358165520994526, 0.0036586643569871432, 0.003219336334301319]]
