Ri:[100, 130, 160]
Zi:[50, 100, 200, 300, 400, 500]
fps.ts:[1500.840720000267, 4502.522160000801, 7504.203600001335, 10505.88504000187, 13507.566480002404, 16509.247920002937, 19510.929360003473, 22512.610800004004, 25514.292240004543, 28515.973680005074, 31517.65512000561, 34519.33656000614, 37521.018000006676, 40522.699440007214, 43524.380880007746, 46526.06232000828, 49527.743760008816, 52529.42520000935, 55531.10664000988, 58532.78808001042, 61534.469520010956, 64536.15096001148, 67537.83240001202, 70539.51384001254, 73541.19528001308]
fps.e0:[10891.943614115917, 10906.001860431865, 10882.579304658047, 10885.890808180191, 10891.95709545188, 10907.599197152816, 10905.93117219006, 10913.383322395412, 10903.01907896954, 10898.345372940632, 10904.109958403573, 10899.482260415429, 10894.508038334241, 10885.226485606672, 10889.566027794073, 10897.700465921707, 10894.92840884091, 10907.260827876511, 10911.307087903131, 10874.55673049119, 10895.85818162964, 10894.333231892999, 10893.05397014927, 10918.409052156498, 10894.206406266552]
fps.e0u:[11.440158716841387, 11.260579087472129, 11.337439109972621, 11.25344374295963, 11.413184964512004, 11.396913833690865, 11.292995453257015, 11.261885563803688, 11.401336304473883, 11.270970805964396, 11.387386854456851, 11.439369000126606, 11.281349323352378, 11.31282084223092, 11.312311087264758, 11.41110972060899, 11.258325140698634, 11.287393668965699, 11.374660032021351, 11.28329844499355, 11.359314171309334, 11.332025262696053, 11.345669005553015, 11.331793685231668, 11.353164385323074]
fps.lt:[5899.570286549374, 5786.787084597089, 6030.627687619509, 5920.759442865744, 5764.866822199408, 5751.2670650856935, 5706.6049102940415, 5705.986166035056, 5714.836413932881, 5923.215898113798, 5762.250304153601, 5800.397208106325, 5860.104801981062, 5948.118047356598, 5929.590614446792, 5810.4785480145, 5921.360958190442, 5859.255260887178, 5778.241451824695, 6025.554180096912, 5896.466069249912, 5892.567926831311, 5969.8057767209875, 5706.652675969623, 5947.000606260419]
fps.ltu:[108.61394058358323, 102.81481409039878, 112.40954209127086, 108.1760286780006, 103.24778045205265, 103.00939144620592, 100.10208262428893, 99.75936426609165, 101.65592959991852, 107.8438290073562, 103.11075910728091, 104.65853669712887, 106.1697117259257, 109.41381472620259, 108.31784746256592, 105.46504509869361, 107.80463289462286, 105.79102682602601, 102.94658823703253, 111.84612593408085, 107.31736369346298, 107.34817406980673, 110.36057231777049, 101.00897352890271, 109.80354502410391]
fps.c2:[2.39920179347125, 3.199549103884479, 1.4618891139554457, 1.6050670021130726, 2.672326827490452, 1.5520304680678954, 1.7611487385989444, 1.3164124742765302, 3.301174633897708, 1.892492585348679, 2.7723358853837157, 2.7243799217812636, 3.156423272687927, 2.3346954008466967, 3.532483442087284, 1.8612780335958676, 3.1429595637619303, 1.6126017647186646, 3.7621508971010416, 2.6479276368250053, 1.9984852286022419, 1.5463405237830061, 1.9197145376679954, 1.1420055075527604, 3.058119356414565]
FC:[[3.800495942650521, 3.821917392728378, 3.8486547227830927, 3.907475169577061, 3.963808251365848, 4.0187493008218516], [3.8675347932349426, 3.8725935402787166, 3.8993634357217974, 3.953092633409727, 4.008488990676658, 4.061225923552193], [3.974880923763466, 3.996381133107575, 4.029024651514487, 4.084372140961806, 4.144787144877763, 4.1969571084626835]]
FCE:[[0.03088601928405414, 0.01629077464373869, 0.009997937557799144, 0.007831497754614242, 0.006505517467474064, 0.00575920371542904], [0.02397528230012012, 0.012717000765244563, 0.0077533659681070215, 0.006061264538778273, 0.005028189102512632, 0.004465153346252691], [0.020366086549007748, 0.010512104060729827, 0.006409229761721955, 0.005018547093422459, 0.004188590986781219, 0.0037192280374120238]]
