Ri:[50, 100, 150, 200]
Zi:[100, 200, 300, 400, 510]
FC:[[4.0037652494835845, 4.001980232965374, 4.021968501295387, 4.036247949282417, 4.057338144445575], [4.013900106667219, 4.023835758036997, 4.041417099582299, 4.064958630440959, 4.082580509007994], [4.128276828058152, 4.143689537850199, 4.169778158433271, 4.197269209340975, 4.2313239003695235], [4.7682940907681, 4.790510991051459, 4.827254180192294, 4.855463466888776, 4.878869056985675]]
FCE:[[0.03627870363817467, 0.024462106729599125, 0.019954112473625798, 0.0173467929693067, 0.015446329379067616], [0.018479544220237516, 0.012508894985281214, 0.010139901599520955, 0.008794319583093037, 0.007789815268814988], [0.012920652569407807, 0.008779224322977928, 0.007129570288814055, 0.006188870450877023, 0.005369492645367709], [0.011818934853856067, 0.008020709110145073, 0.006522830876835294, 0.0056555879788952376, 0.005021602989422463]]
fps.ts:[1615021028.9353, 1615024489.2559001, 1615027949.5765002, 1615031409.8971002, 1615034870.2177, 1615038330.5383, 1615041790.8589, 1615045251.1795, 1615048711.5001001, 1615052171.8207002, 1615055632.1413002, 1615059092.4619002, 1615062552.7825003, 1615066013.1031, 1615069473.4237, 1615072933.7443001, 1615076394.0649002, 1615079854.3855002, 1615083314.7061002, 1615086775.0267003, 1615090235.3473, 1615093695.6679, 1615097155.9885, 1615100616.3091002, 1615104076.6297002]
fps.e0:[10705.77787846692, 10718.802595876672, 10736.548453018575, 10733.963436146918, 10741.740591579635, 10697.93480912493, 10700.29389065882, 10733.726447457917, 10750.171753056446, 10687.780070816782, 10723.103957219899, 10729.101044148887, 10737.805284664031, 10736.17134223666, 10715.448378861398, 10771.209424588982, 10703.602701562257, 10719.621228968499, 10729.186144896117, 10720.755261183158, 10746.614931365302, 10700.292947413278, 10699.544684410486, 10705.579875329284, 10737.698495304503]
fps.e0u:[17.331601345033373, 17.446298868693642, 17.457338918777808, 17.324883379562653, 17.28219625727038, 17.6248169607086, 17.35455885691814, 17.369335867016176, 17.581026270894984, 17.459206394559356, 17.63778345810653, 17.527222318229423, 17.589137983949456, 17.5983496069456, 17.58777821498896, 17.508694614978477, 17.375542018858056, 17.610458173130926, 17.72448164978432, 17.6414201166225, 17.703590683181876, 17.70824824342482, 17.45596044941048, 17.833273986019016, 17.714540505340704]
fps.lt:[18230.475911159647, 17111.159929818732, 15735.593808351878, 16026.751409610917, 15926.623151322212, 18703.625219097063, 19131.39426919065, 16773.194866843245, 15113.597320845025, 19953.46810659831, 16970.087154385692, 16430.81914080294, 14882.393151911192, 15172.271408112363, 17026.073088077403, 13430.30925507646, 18448.509772237907, 16679.602913616334, 16177.313768776896, 15293.05850495552, 15259.490852456274, 17772.851235933034, 20351.551844914, 16969.34172140323, 15118.40517326216]
fps.ltu:[1623.906070025819, 1431.480807422248, 1217.6093060241408, 1261.6339388462745, 1237.053169034934, 1747.3056537090486, 1810.68157687817, 1384.8855696676255, 1139.1219237936166, 1969.3034477575443, 1440.4531540447006, 1346.8457830022726, 1104.3745246952885, 1153.20982341478, 1455.727891933769, 903.0189524853704, 1683.2540359073316, 1386.730727917572, 1323.6383410591059, 1176.4980870125905, 1163.5650016787215, 1592.6540701661422, 2068.3584648393703, 1455.8991432551918, 1154.632844696388]
fps.c2:[1.5795306040254287, 0.8355119866201862, 0.6996900419485568, 0.7101754267838278, 1.2596561702929754, 1.5875556222130183, 1.3857928517378548, 1.122634355231901, 1.260870270567552, 1.261424929468743, 1.714135965690109, 0.6538778308571112, 1.7284035302471759, 1.0809203428511638, 0.8882016424427884, 0.9470607931441078, 1.7493419491520161, 0.6864466790630653, 0.8273996659493932, 2.0641570844899326, 1.9929057175737304, 1.2339605266248475, 1.0696830417783785, 1.2622124143155522, 1.292517031440452]
