Ri:[100, 130, 160]
Zi:[50, 100, 200, 300, 400, 500]
fps.ts:[1733.7271999979018, 5201.181599993705, 8668.635999989508, 12136.090399985313, 15603.544799981115, 19070.99919997692, 22538.453599972723, 26005.907999968527, 29473.36239996433, 32940.816799960136, 36408.27119995594, 39875.72559995174, 43343.17999994755, 46810.634399943345, 50278.088799939156, 53745.54319993495, 57212.997599930764, 60680.45199992656, 64147.90639992237, 67615.36079991817, 71082.81519991398, 74550.26959990978, 78017.72399990557, 81485.17839990139, 84952.6327998972]
fps.e0:[10906.303753666476, 10927.386936148205, 10916.692713490684, 10914.118387737912, 10945.30704196319, 10932.728032929332, 10936.459885679064, 10970.096802513246, 10969.598109638062, 10968.587143872244, 10987.482045329822, 10983.489298366218, 10987.304841387928, 10963.795896973419, 10972.860611704598, 10990.326132832188, 10986.544990993565, 10993.60404904637, 10989.481106353522, 10972.546623005424, 10955.174202577722, 10947.530891114024, 10934.066276319434, 10953.618864589916, 10928.585548392582]
fps.e0u:[10.089306237065257, 10.0610147363283, 10.21996518885515, 10.192442321753738, 10.189763393690015, 10.175901187574846, 10.079130823711754, 10.060285775543932, 10.030412645382185, 10.044851062341884, 10.00958088562255, 9.858024929132386, 9.952717459298462, 9.891939163232443, 9.952734480324144, 9.965400464241783, 9.872910259741076, 9.94981296544139, 10.005155999578383, 10.00459640058759, 10.033551404812622, 10.047334079598558, 10.064543870597078, 9.99711325464003, 10.109868965505552]
fps.lt:[2943.994608605535, 2888.0292624098556, 2871.726253992736, 2901.7447894548072, 2840.8545037159342, 2852.0095328398465, 2835.3019971497124, 2758.1423542410917, 2774.9606668002907, 2814.362301576442, 2788.4175497858173, 2799.3759366322156, 2796.075809883194, 2854.773056019246, 2823.894571478373, 2788.487948741188, 2818.7999656481406, 2816.404174807381, 2827.5804774378803, 2869.717546935307, 2920.8629067634497, 2953.986493803102, 3007.564758694123, 2959.9725864826505, 3054.7962367708433]
fps.ltu:[25.302132124127798, 24.299867344879814, 24.419643472001578, 24.82001796994009, 23.73244661466316, 24.033460761210204, 23.54032220674097, 22.105789253153027, 22.24420721447629, 22.9371073174836, 22.370954876512094, 22.415021049141586, 22.45477346422626, 23.22015140283469, 22.92859828982596, 22.408019863871935, 22.647740307766952, 22.72734082503079, 23.116227764068256, 23.750926028260757, 24.63695081095184, 25.296040470447544, 26.019169664825974, 25.201152948085287, 27.29563399415785]
fps.c2:[2.5347642160374777, 2.388512270893128, 4.062772749963793, 1.8685393143088775, 3.574696384530669, 3.354038688636317, 2.8877718991120793, 1.8459098767040618, 2.570387381089688, 1.3515655811676137, 3.0267432394974203, 1.908242480558181, 3.312781960330483, 1.3935970104208981, 1.841846112107587, 1.5413257651473165, 3.4853411664986917, 1.98424830163101, 1.9237311737302631, 2.1642856665331793, 5.151222288344426, 3.5597480121554126, 2.9363595091167443, 2.7522097353412414, 3.8393523693101104]
FC:[[3.7412320008577504, 3.7733196901888055, 3.8662255522650306, 3.971800826231139, 4.08163384186478, 4.186079631121337], [3.805433716111071, 3.819273739553957, 3.9076617746958306, 4.014018759464626, 4.124226694658499, 4.224531116562666], [3.8857572776086893, 3.9089736803534794, 4.009618435088675, 4.118785764178375, 4.2269744506398315, 4.3301237162179085]]
FCE:[[0.02521271820204748, 0.0124819403433291, 0.008004635595550863, 0.00648870142777285, 0.005646298165244023, 0.005233181388734848], [0.020236414386095795, 0.009772235937683919, 0.00622997401226257, 0.005036717581533112, 0.004382980389749453, 0.004059010847086289], [0.01714299961917041, 0.008287251246304602, 0.005130008074377352, 0.004142081438734211, 0.003691749511177436, 0.00342816379734989]]
