Ri:[50, 100, 150, 200]
Zi:[100, 200, 300, 400, 510]
FC:[[3.981232273373738, 4.002766716861978, 4.025202320754898, 4.044993605326759, 4.056001248856509], [3.9900722206496546, 4.013089790098837, 4.0323983801428, 4.056670310867684, 4.077296005651632], [4.131332854265872, 4.151372528946138, 4.180274627950831, 4.20224349041888, 4.226191495220242], [4.749442322740998, 4.810445928675013, 4.84369033450163, 4.86858800738792, 4.870930516039769]]
FCE:[[0.04065895913037702, 0.0276824229214611, 0.022514825572503658, 0.019546687868354184, 0.017201575953159312], [0.020109002137197126, 0.013798949599594046, 0.011217474858368421, 0.009723428539480118, 0.008589353330750279], [0.014275043632583043, 0.009698393431268947, 0.007856326523316788, 0.006794794330539137, 0.00601147407479035], [0.012891374920753347, 0.00879606528263613, 0.007110591892187457, 0.006135388967079093, 0.005453211220267672]]
fps.ts:[1619384363.9328, 1619389088.7984, 1619393813.664, 1619398538.5296001, 1619403263.3952, 1619407988.2608001, 1619412713.1264, 1619417437.992, 1619422162.8576002, 1619426887.7232, 1619431612.5888002, 1619436337.4544, 1619441062.3200002, 1619445787.1856003, 1619450512.0512002, 1619455236.9168003, 1619459961.7824001, 1619464686.6480002, 1619469411.5136003, 1619474136.3792002, 1619478861.2448003, 1619483586.1104002, 1619488310.9760003, 1619493035.8416004, 1619497760.7072003]
fps.e0:[10717.465968414821, 10695.356404664768, 10736.105164275155, 10720.000797564777, 10703.057649008024, 10703.670137083584, 10724.015974493079, 10721.373841744888, 10713.702751825078, 10742.678897694454, 10698.367629196571, 10770.604671047364, 10743.23826281452, 10729.50721510806, 10736.954189471497, 10725.902182220585, 10736.376095260888, 10733.14496145305, 10697.963834448203, 10750.767921644245, 10719.82886837123, 10733.794120988934, 10714.676667248632, 10776.050502291278, 10758.885322527105]
fps.e0u:[19.149351685420186, 18.957983347352553, 19.008290706800334, 19.103538903518462, 19.026106452471165, 18.887567733592157, 18.872764680121293, 19.27589855631322, 19.156318082947596, 19.231159303697137, 19.48968270055101, 19.146288131257275, 19.07944477261321, 19.40383798342433, 19.083740839863747, 19.40694656651947, 19.224736178629737, 19.028772126394607, 19.372472339616007, 19.220433887313124, 19.350208274831125, 19.23530959756868, 19.26984915506235, 19.216525191705237, 19.320971692586728]
fps.lt:[19992.56085445002, 22464.951808701007, 20427.902471168796, 20080.05376383292, 22854.77220332446, 22271.95815038301, 19216.062408976883, 19686.316460370905, 22033.775174261787, 19066.580681510633, 23569.151050105822, 16240.14925224376, 17731.209309009748, 19797.81622535095, 18381.186959293806, 18943.326599006385, 19893.3126667673, 19691.205837320238, 21139.635519951342, 17422.43430871087, 21226.365914940357, 19640.42990241508, 22088.008163083767, 16322.190936024217, 17491.701158388136]
fps.ltu:[2157.9889462972587, 2696.4913712496577, 2233.1831191143588, 2161.466046044779, 2794.005551972835, 2646.199461415413, 1970.8113927554828, 2095.921494930855, 2591.5625142921676, 1964.8306014490374, 3049.6771802034523, 1413.3324979818776, 1672.8660137359932, 2135.799462539656, 1823.1990853237703, 1968.1826973624163, 2125.6564450737437, 2073.6621979480487, 2435.685048213022, 1637.577796420724, 2459.3961585901684, 2089.04136217564, 2642.6261209591803, 1434.1284368874947, 1655.0079151272118]
fps.c2:[0.8899737456517721, 1.758913362837536, 2.8547788675762464, 1.1663202709154639, 1.6140709615127184, 1.3614277247125153, 0.4084621259665403, 0.8449877295557177, 2.073757500723451, 2.307208843904151, 1.0435111663403231, 1.6787438897841676, 2.5092656051737325, 1.626967610885346, 1.191042631730871, 0.6881762807666613, 1.1552052575773588, 0.8758099057690196, 0.8886580268336576, 1.543909337247075, 1.4207973689393503, 1.371005480995859, 1.1490057121643442, 2.5002746691779048, 1.2484015310346857]
