Ri:[100, 130, 160]
Zi:[50, 100, 200, 300, 400, 500]
fps.ts:[1935.9010199975967, 5807.70305999279, 9679.505099987984, 13551.307139983177, 17423.10917997837, 21294.911219973565, 25166.713259968757, 29038.51529996395, 32910.31733995915, 36782.11937995434, 40653.92141994953, 44525.723459944726, 48397.52549993992, 52269.32753993511, 56141.129579930304, 60012.9316199255, 63884.73365992069, 67756.5356999159, 71628.33773991108, 75500.13977990628, 79371.94181990146, 83243.74385989667, 87115.54589989185, 90987.34793988705, 94859.14997988223]
fps.e0:[10900.90536281627, 10922.213896383511, 10912.19268384928, 10928.462468212976, 10915.288497594238, 10895.479766609962, 10919.608169301651, 10912.66787600122, 10917.556634970011, 10910.670323095284, 10916.485759787123, 10919.00003925191, 10909.944746435665, 10892.49428237377, 10883.148441833493, 10917.615381407437, 10931.624261605584, 10949.67327423763, 10916.246419128756, 10941.635916765392, 10914.05590708, 10939.059861082822, 10941.922842843416, 10919.908865920052, 10915.02643294053]
fps.e0u:[15.256716119869521, 15.061376784023578, 15.314320092573858, 15.174134803185671, 14.897878083240897, 15.415976293581261, 15.59987398523278, 15.46128143328822, 15.590823008730272, 15.464148464457475, 15.239586588350402, 14.774321653303053, 14.773005642825563, 15.318599985817883, 15.502403621327824, 14.973366237517642, 15.236294265705672, 15.264384489503788, 15.27146392873545, 15.319209906179298, 15.218054747077238, 15.644922140577249, 15.345112516228294, 15.142073990669365, 15.195670428241424]
fps.lt:[6739.937526168847, 6484.9381388874235, 6669.702513317257, 6416.028155678038, 6622.361856315868, 6892.273257358496, 6536.4840771454255, 6650.617798860672, 6579.337360869948, 6787.055543606216, 6661.877175514726, 6556.524665932864, 6654.037524535825, 6865.311065570736, 6851.869196047063, 6480.006991090386, 6434.948409139154, 6349.011789284433, 6591.942055602388, 6320.2291620047645, 6642.905174263715, 6321.840031976992, 6243.348555444866, 6403.730147245951, 6578.73567274324]
fps.ltu:[189.79883630112073, 172.7197386919252, 185.50528970746518, 170.08533510113887, 179.15491786974962, 199.4349934345754, 181.85901439106945, 184.81230554318734, 183.34744181709618, 193.29723564066447, 184.66688228878996, 174.05660767125386, 178.1536945659136, 197.49586919597073, 197.61936920593146, 172.5356174817493, 171.95178112929048, 167.58822892160023, 182.4016179076047, 167.3277862999194, 184.3309799305814, 169.25778991285415, 164.33129778260624, 170.34115738269833, 180.82272488841855]
fps.c2:[2.1683995069811113, 0.8680572684244001, 2.100429514920496, 2.1484200143292003, 3.139393439631405, 2.007638253343029, 2.351971768475502, 1.7631392406298578, 1.6573129615427797, 1.7411867370172414, 2.22160061395241, 1.5589007916042532, 2.2786498357097305, 1.5952909882322213, 1.048549759635606, 2.1557234006402584, 1.1644026295982004, 2.2018391568140085, 0.5503013884201247, 3.4920180912379712, 1.3091266105095865, 2.6482782008708545, 1.4506167583641223, 2.0315884324388604, 2.1317111057620832]
FC:[[3.915506719337242, 3.89808048733044, 3.9293666656159854, 3.998064378140557, 4.08811910991813, 4.1946935669909875], [4.028727566656392, 3.957151521698288, 3.9901785527140725, 4.057964376602439, 4.139541101110384, 4.245486171378025], [4.1477498285620555, 4.0935531460985075, 4.111935408143656, 4.1815073269153995, 4.269529061716368, 4.359329549979653]]
FCE:[[0.04055778784221691, 0.021915626605242673, 0.013851057415047855, 0.010882361132027563, 0.009372561721667666, 0.008315131282780483], [0.03256393532236627, 0.017134261144329702, 0.010753789360940829, 0.008462338720244753, 0.00725800957590349, 0.006308749793859134], [0.027506890318750997, 0.014405536614833174, 0.008867178962358767, 0.0069936619455247834, 0.0058915570868341375, 0.005297450455255559]]
