Ri:[50, 100, 150, 200]
Zi:[100, 200, 300, 400, 510]
FC:[[4.0536455657973445, 4.023299891236656, 4.0228892134733005, 4.043786110268649, 4.0581373150199225], [4.031436867553389, 4.029138765492906, 4.0439907646926025, 4.065744670829708, 4.094054519942447], [4.157920322785355, 4.1524892320251565, 4.174267878022251, 4.202226619284722, 4.232536969751798], [4.797168625068224, 4.816600880342821, 4.843295569671064, 4.878746122591471, 4.89981040592263]]
FCE:[[0.03892681442166289, 0.02603421109064289, 0.02086677116963712, 0.01809160960562223, 0.015898214114233863], [0.019414865069734943, 0.01304236522437325, 0.0104653315475012, 0.009025020099770706, 0.007985879145087128], [0.013480893894008462, 0.009073436039876454, 0.007305289488178239, 0.006315553423936321, 0.005595595466287996], [0.012138979074836447, 0.008275039271092948, 0.006667804829886378, 0.005770589947009828, 0.005099836248625709]]
fps.ts:[1603540627.8033402, 1603544019.00602, 1603547410.2087002, 1603550801.4113803, 1603554192.6140602, 1603557583.81674, 1603560975.0194201, 1603564366.2221003, 1603567757.4247801, 1603571148.6274602, 1603574539.83014, 1603577931.0328202, 1603581322.2355003, 1603584713.4381802, 1603588104.64086, 1603591495.8435402, 1603594887.0462203, 1603598278.2489004, 1603601669.4515803, 1603605060.6542602, 1603608451.8569403, 1603611843.0596204, 1603615234.2623003, 1603618625.4649801, 1603622016.6676602]
fps.e0:[9946.824552562704, 9969.262739683702, 9973.833469729587, 9945.088539591297, 9900.269854707492, 9965.826342442122, 9931.639337563201, 9979.568783690982, 9941.804659425954, 9971.785928938152, 9928.88400301531, 9959.981650100664, 9941.335390758162, 9903.4340419981, 9970.319934694011, 9926.40416725414, 9952.112967810048, 9985.878193919707, 9950.565022103301, 9931.835863995644, 9939.164052067632, 9943.985281955054, 9970.76151911026, 9959.99640996859, 9964.084636702462]
fps.e0u:[16.90311923666928, 16.732530953953358, 16.769140246747916, 17.046817474411668, 16.897996547707535, 16.957144159483416, 16.919257996634162, 17.143053190194777, 16.83068669487024, 16.970642692362055, 16.730115598849572, 17.069874855738295, 16.93336661875092, 16.837739142798515, 16.847988079619128, 16.93383887592405, 16.769981414513307, 16.86928993912771, 16.744426780267588, 16.800072799499137, 16.857957105101047, 16.860904095903436, 17.067459980278915, 16.898393783798365, 16.891480707903405]
fps.lt:[14792.08098699495, 14320.188773128277, 13835.816162235622, 14769.777149607147, 18695.2708041596, 13897.249911361283, 16550.19457684736, 13450.865024916648, 16718.655384391295, 14329.651016422136, 17023.627604900437, 15309.003874498922, 15346.283396003977, 19200.568457469377, 13430.09953167126, 18358.870098364532, 15124.9977489555, 13042.665263405055, 15818.241144043748, 16378.6121092061, 17778.670377140283, 16395.78182440212, 14527.918869884006, 15376.14995026132, 14677.73728223562]
fps.ltu:[1110.5655948004378, 1033.7872246836414, 963.0171039249786, 1116.1747519398386, 1781.876609713841, 992.2661962627215, 1391.7158527104884, 927.7057558622577, 1415.4998177538655, 1056.0481805939573, 1469.406542317468, 1205.5150080360547, 1212.4830621459294, 1868.9726725832506, 915.7251322156628, 1728.775298034344, 1162.7856245493026, 870.2878871961178, 1273.090727330973, 1372.9566345962996, 1596.6778390637935, 1366.126920064257, 1092.560268334055, 1212.4565732189353, 1099.5823197509483]
fps.c2:[1.651129271154454, 1.3251481939318355, 2.753006259266186, 0.9481321019970206, 0.8199796695270134, 1.8666363204444234, 2.1322487804615946, 2.1598012437732406, 2.6633525060243204, 1.009966323001556, 2.0252489027806906, 1.7342504768139604, 1.116800341154948, 1.7315058108783319, 0.9932388553974876, 1.0492044877199267, 0.9029973131171561, 1.375249338270557, 0.7454115661880975, 1.302189364826161, 1.0607131962010403, 1.7630018976684985, 1.212819529583144, 0.4151765787328009, 2.0244809855568886]
