Ri:[100, 130, 160]
Zi:[50, 100, 200, 300, 400, 500]
fps.ts:[1721.3958599996568, 5164.18757999897, 8606.979299998284, 12049.771019997597, 15492.56273999691, 18935.354459996226, 22378.146179995536, 25820.937899994853, 29263.729619994163, 32706.52133999348, 36149.3130599928, 39592.10477999211, 43034.89649999142, 46477.68821999073, 49920.47993999005, 53363.27165998936, 56806.06337998867, 60248.85509998798, 63691.646819987305, 67134.43853998662, 70577.23025998592, 74020.02197998523, 77462.81369998456, 80905.60541998387, 84348.39713998318]
fps.e0:[10879.25445738355, 10870.82083841084, 10876.70473860138, 10873.362878691767, 10865.448073923553, 10858.074813756439, 10859.43340848943, 10866.994969872643, 10849.051988084935, 10869.559678381625, 10873.562848078966, 10872.144710117936, 10866.539313130083, 10871.523102815976, 10861.683678325802, 10869.263261963952, 10868.770355935927, 10859.58063524092, 10900.065644651782, 10890.953237858062, 10912.360786076077, 10910.52101749924, 10947.482481919555, 10941.145566810124, 10946.677651404169]
fps.e0u:[9.602706608498025, 9.59176706826933, 9.613489875683038, 9.603759442200476, 9.615550157417024, 9.534611864312293, 9.596979741204306, 9.594321967203978, 9.677597524096461, 9.650974940818706, 9.588367188350766, 9.578768963712411, 9.638709295894916, 9.709825040050676, 9.613885083941902, 9.607358678348062, 9.778036220061187, 9.682640847419261, 9.620888738914854, 9.561426453620346, 9.546227009501514, 9.571557200061822, 9.384940101660785, 9.42480313137592, 9.390385884244283]
fps.lt:[3499.077718098505, 3516.694177388988, 3516.1836125314708, 3520.055500180061, 3569.3669379492867, 3581.057067982086, 3587.2203734946884, 3543.282628167557, 3601.6061688036875, 3576.0973934957683, 3544.209670922231, 3562.046661358179, 3585.57509838143, 3600.0468995434653, 3601.798672348713, 3570.1986397944765, 3605.176481786718, 3645.3710148241344, 3547.1013649845618, 3587.9726041829845, 3541.1638636894804, 3573.353957508275, 3457.8954477102493, 3482.113940743494, 3446.851134334834]
fps.ltu:[33.45842020560421, 33.721053955355515, 33.87622567826874, 34.16284126621264, 35.07082931264101, 35.131958297726705, 35.423375959194516, 34.66577043292892, 36.16575380521117, 35.67324594124141, 34.68986948308106, 34.99214965852509, 35.81516896560369, 36.264798256167964, 36.26967042594973, 35.450243997489615, 36.621774373976926, 37.34158198388504, 34.70795976945464, 35.30205261827898, 34.371722241792185, 34.860582687744476, 32.1113421627343, 32.60212565119204, 31.939418573179218]
fps.c2:[3.9453698730955145, 2.998418588299916, 4.549256897082035, 2.5948743020443557, 3.2468102040057056, 2.0060173186946866, 1.5164601328093208, 2.842493441481027, 2.9128681753578354, 1.4238205731350293, 1.7517034382023486, 1.616584848569921, 0.9027432908690238, 1.6709657849885067, 1.6749951584625224, 2.8684158618471636, 1.6432741429821272, 1.3892959363144919, 2.48672476311, 3.6591929259473237, 2.1911537154226384, 2.40246157074166, 2.9897393610904883, 1.788856484071656, 0.6139669541050321]
FC:[[3.702411744985972, 3.7550794498132563, 3.840330302588836, 3.938148369873387, 4.0201828337520515, 4.10885668592352], [3.738883207768638, 3.7867328650210874, 3.8807974436452874, 3.9725019342433603, 4.056878896615462, 4.148915998475373], [3.8310847288060588, 3.8723433928188338, 3.9604986493227923, 4.0552323443529845, 4.139004451694716, 4.231357038103821]]
FCE:[[0.02536025759202088, 0.0130783694006739, 0.007926670876628555, 0.006312160728828622, 0.005561280150591209, 0.005125696251219921], [0.01987879971259962, 0.010153042077170212, 0.006015487250933034, 0.004896402417400535, 0.004321132497012509, 0.0038988845483245243], [0.016935887072017687, 0.0080955652123593, 0.0050108959122899446, 0.004093268406530373, 0.0036198506075210005, 0.0032637272543442983]]
