Ri:[100, 130, 160]
Zi:[50, 100, 200, 300, 400, 500]
fps.ts:[1808.2197000026704, 5424.659100008012, 9041.098500013351, 12657.537900018693, 16273.977300024033, 19890.416700029375, 23506.856100034718, 27123.295500040054, 30739.734900045398, 34356.174300050734, 37972.61370005608, 41589.05310006142, 45205.49250006676, 48821.9319000721, 52438.371300077444, 56054.81070008278, 59671.250100088124, 63287.68950009346, 66904.1289000988, 70520.56830010415, 74137.00770010948, 77753.44710011483, 81369.88650012016, 84986.32590012552, 88602.76530013085]
fps.e0:[10356.477724904347, 10405.528795835884, 10433.31396545541, 10427.18772479083, 10449.865281389151, 10458.895188651084, 10485.151705491857, 10533.943251411069, 10488.934979255671, 10516.249981811634, 10508.817860438217, 10528.384837360332, 10519.240235385638, 10500.590235842079, 10559.893792549015, 10536.378637568532, 10556.404757430137, 10586.287380361115, 10527.779655637967, 10558.778986022644, 10551.019255240315, 10542.798979015319, 10559.788906266005, 10556.333772929063, 10583.948934465849]
fps.e0u:[12.938135065075894, 12.892777583011139, 12.993389796203303, 13.258657659770275, 13.351548646828048, 13.72466647698474, 13.765376448784135, 13.511778495220403, 13.93636514713315, 13.639815515370342, 13.603570518731024, 13.751294932239228, 13.950795159373328, 20.051790599546674, 23.730687082422087, 24.83108343124422, 24.20375782443668, 25.75853673850652, 26.148158971386586, 25.286987897493113, 27.89965989603438, 25.279238197938135, 26.113496024591942, 27.423017067316227, 31.332269532147823]
fps.lt:[6123.4824824711495, 5992.061586639679, 5865.9841054876, 6114.608517988681, 5938.732773559969, 6029.482181719787, 5946.148757784224, 5672.696628392661, 6150.00877098799, 5883.612297857748, 5956.99608577248, 5875.4316059578805, 6085.317224899666, 6480.1964157311795, 5746.113597746866, 6391.288842999608, 6498.1931951097085, 6123.737741779036, 6678.707697804095, 6214.283301191486, 6714.09707513993, 6545.114012019134, 6703.545767710414, 7007.013778759122, 6514.749889223978]
fps.ltu:[139.00064490661433, 131.46803059016082, 127.33548183227026, 140.43601428096255, 133.12119828383413, 140.58204071134026, 136.80491548379942, 123.1044901444854, 148.66709999796254, 133.87701674371954, 136.397629806399, 133.95776612693086, 145.43129564219416, 237.764619217482, 223.15950326240912, 286.0301369994221, 287.6204736920923, 273.7385857714148, 330.13914742994393, 274.23544053869074, 360.2968535580884, 307.076061570872, 330.321951079015, 380.452646896825, 373.7681520086537]
fps.c2:[2.48396518729721, 2.364899108734103, 0.7711217900751068, 1.286564570472097, 3.041390586596208, 0.9793013397719978, 2.274545333803477, 1.9105032742610921, 2.0620476398623855, 0.678360296705148, 2.3959111784133698, 1.3555670190523317, 3.766971355465342, 1.4431985251275612, 0.9853497137844418, 0.8815649486465353, 1.351316201348308, 1.0610235410171303, 1.6687382660153907, 0.6639299570165134, 0.8359218555466937, 0.6494442112736777, 0.6723083926365538, 1.0016298773796615, 1.2185859141634567]
FC:[[4.4127387166931324, 4.452204806803483, 4.43714301729336, 4.471303773574913, 4.518236500177778, 4.550627699933472], [4.437460291312357, 4.480489617917587, 4.5063775099126815, 4.544794345586947, 4.5906450712192095, 4.632994042805675], [4.659254015102866, 4.646590228977314, 4.6877155690691215, 4.728574067592957, 4.781093602131784, 4.825358181916646]]
FCE:[[0.0536244447461922, 0.029294084357727814, 0.018089475236300015, 0.013967048065132685, 0.011718200411267641, 0.010241152950520195], [0.040770063722199004, 0.022602862584451554, 0.013955311341137203, 0.010737279936346173, 0.009016960405746165, 0.007858235322442399], [0.03527029474533504, 0.01901846316206162, 0.011686444523917693, 0.009017480878266527, 0.007600278206309194, 0.00669158617267873]]
