Ri:[100, 130, 160]
Zi:[50, 100, 200, 300, 400, 500]
fps.ts:[1714.0296000003814, 5142.088800001144, 8570.148000001907, 11998.20720000267, 15426.266400003433, 18854.325600004195, 22282.384800004955, 25710.444000005722, 29138.503200006482, 32566.56240000725, 35994.62160000801, 39422.68080000877, 42850.74000000954, 46278.7992000103, 49706.85840001106, 53134.917600011824, 56562.976800012584, 59991.03600001335, 63419.09520001411, 66847.15440001487, 70275.21360001565, 73703.27280001639, 77131.33200001717, 80559.39120001791, 83987.45040001869]
fps.e0:[10884.689801287508, 10896.37274262768, 10865.54651562859, 10878.154473917602, 10872.165591540566, 10840.682603291922, 10870.570303389208, 10848.549756718598, 10838.66621308042, 10845.882318550788, 10822.975248191882, 10822.568119660553, 10841.372894788781, 10852.123294900663, 10839.36084899899, 10836.510638570531, 10833.920336933483, 10842.801728649341, 10830.990247315698, 10842.995063800445, 10850.735617987835, 10840.756381810703, 10854.017309396664, 10848.697081607375, 10870.960556604095]
fps.e0u:[10.766577299403593, 10.814873554434914, 10.73284303793793, 10.798887364704079, 10.934327021082447, 10.928537673365438, 11.049823889867485, 11.213135630707683, 11.024255337684943, 11.238963900696687, 11.392306597049394, 11.519903387754226, 11.360992236984288, 11.494070986943113, 11.399779872615456, 11.41992760434265, 11.408062081392892, 11.410766066144612, 11.746682354716738, 11.495957541162413, 11.245431143374626, 11.593495583061339, 11.605026485406345, 11.27823141673, 11.644630004252571]
fps.lt:[6272.942276035314, 6269.114105155332, 6481.762800603442, 6351.89554421531, 6242.188239070733, 6658.779224692393, 6306.865377544979, 6424.1211188200095, 6633.32976925531, 6582.366379651144, 6896.994144797423, 6887.929758055153, 6665.415924217992, 6565.737353565196, 6716.504029978918, 6565.704331452931, 6765.935065854964, 6697.700455862757, 6658.935862690155, 6571.879593222454, 6485.082432567645, 6630.7843376824585, 6419.983187318486, 6466.322602312564, 6236.02522856201]
fps.ltu:[114.89653578379738, 115.55467141344481, 122.10838245339546, 117.64282021582727, 115.56660126752708, 132.05672213921966, 119.651726834135, 124.92379783903753, 132.9682325067873, 133.33230892503056, 148.33402749148235, 149.53762200137828, 138.5164205225095, 136.6668141053479, 141.21571203968287, 135.2495649395628, 143.5743428458261, 140.98676672088007, 142.5922546622751, 136.10464908839728, 130.78989579578072, 139.5824586404802, 130.2572365093171, 129.18602330044698, 123.53820231558355]
fps.c2:[1.5650625384859624, 2.9941887054131744, 3.368210936953441, 2.5985878299308913, 1.6004754349247376, 2.76273484680221, 2.88420121496863, 1.4122503636480361, 3.021825151752275, 3.0963742409332746, 1.6124518581898974, 1.8707618652635216, 1.7500464726323643, 2.7222992811288638, 2.0014706041123898, 2.5209886332692353, 1.8672686091011022, 2.2589272836626133, 3.705569999153585, 2.637110930387474, 2.713268215127111, 2.061851824505266, 1.3473282250609975, 1.735347514631489, 2.047920689721102]
FC:[[3.8518207242081743, 3.860536001394508, 3.893819543360684, 3.9629699489439836, 4.041326235546785, 4.121032723373081], [3.890023632549869, 3.9033041492909515, 3.9410632874093174, 4.010114444120577, 4.079208830604443, 4.162953613747405], [4.000957839195742, 4.013053638483025, 4.062269133892781, 4.125664434685314, 4.201411476879378, 4.27718077822516]]
FCE:[[0.031052819844816462, 0.016646218912590913, 0.010339538409349574, 0.008076533292609153, 0.006737464813564392, 0.005884257654685282], [0.024298006741423246, 0.012949278085918683, 0.007986598707152877, 0.006110632133372124, 0.005216746631923593, 0.004572578070058037], [0.020230127043313118, 0.010669455343826628, 0.006554499679166868, 0.005135195555189223, 0.004295405171873078, 0.0038470130917465525]]
