Ri:[50, 100, 150, 200]
Zi:[100, 200, 300, 400, 510]
FC:[[3.9573080088452657, 3.9902661381225313, 4.034570017413181, 4.04551554338518, 4.0567065851495006], [4.00122438631862, 4.027616233763418, 4.056111637764351, 4.075703252674758, 4.09162589246978], [4.160390988611394, 4.1887793146091585, 4.214886972651568, 4.240145130884236, 4.2581044626256705], [4.709609324688181, 4.762134674721645, 4.810774089867725, 4.848522567970419, 4.876586889461952]]
FCE:[[0.057037912709466856, 0.03977444668455674, 0.03261498346546255, 0.028228473864603105, 0.024581247587401055], [0.028326111865688196, 0.019334736789871826, 0.015636030157995136, 0.013498373758551558, 0.01188247184909086], [0.019788066324343507, 0.013510509695968047, 0.010914949175225945, 0.009265389685263007, 0.008186026927229638], [0.017996391348259075, 0.012294162594026796, 0.009999538069191153, 0.008646056694310641, 0.007670044197581383]]
fps.ts:[1620234441.92314, 1620237015.60542, 1620239589.2877002, 1620242162.96998, 1620244736.65226, 1620247310.3345401, 1620249884.01682, 1620252457.6991, 1620255031.38138, 1620257605.0636601, 1620260178.7459402, 1620262752.42822, 1620265326.1105, 1620267899.7927802, 1620270473.47506, 1620273047.15734, 1620275620.83962, 1620278194.5219002, 1620280768.2041802, 1620283341.88646, 1620285915.5687401, 1620288489.2510202, 1620291062.9333, 1620293636.61558, 1620296210.2978601]
fps.e0:[10781.05465574635, 10718.197678862638, 10751.233267073512, 10804.884564091346, 10762.69050228723, 10782.546103824394, 10721.804569106278, 10755.827494128313, 10786.840832858486, 10743.668110167479, 10710.084892810883, 10751.786123486605, 10758.37890401573, 10739.533357315135, 10754.936674149323, 10812.198983604134, 10755.000755980125, 10749.069643270448, 10742.370023541172, 10720.220740691135, 10756.017370448757, 10729.757391508489, 10741.577131598993, 10776.539336472859, 10805.282986840932]
fps.e0u:[27.29509243875408, 27.307745240731588, 27.454599412810385, 26.791095198309783, 27.470319861619732, 27.123748049287954, 27.331188593700464, 26.9159433423595, 27.288141987090622, 27.22211162928963, 27.233348230434025, 26.841307777185357, 26.867852150627197, 27.196082344992, 26.84364979598175, 26.61122246283548, 27.652487914835774, 27.50893814287903, 26.940901267211707, 26.997466111848176, 26.832075790779502, 26.390270609190466, 26.534942555911964, 27.207494725006942, 27.108637353165534]
fps.lt:[16244.797029799985, 20571.835577528058, 19006.84847975172, 14619.146022546569, 18360.595090808827, 16543.09219265293, 21377.23844797881, 20097.855382191756, 15846.550468467265, 20432.933035213035, 20675.04082017636, 19356.95159463254, 16800.32994987519, 20907.564693554345, 18691.47640101172, 15835.643143280202, 17310.51841181597, 19252.740315579522, 17818.050104147198, 22336.01062423607, 18161.076782147145, 18266.555574010268, 20670.89784042092, 16561.101116938487, 14189.17603745061]
fps.ltu:[2009.2853624213358, 3274.617339036831, 2767.283993595097, 1605.979919268699, 2592.374303405051, 2081.0850552304214, 3512.3354788758106, 3037.084426837345, 1915.3064032646068, 3185.0473357837213, 3240.2254898075935, 2835.441216650095, 2159.5856633982767, 3308.5252452719883, 2654.2075011091633, 1875.0527084625978, 2340.742665263138, 2813.2586208649, 2405.699747069971, 3791.5053684722006, 2494.15976195091, 2484.3350430797655, 3206.844087515655, 2060.1396744262456, 1527.256843682138]
fps.c2:[0.8866130155813274, 0.683072585484847, 1.2613174785090078, 1.480824939133323, 0.5052824067423064, 0.6008477834038527, 1.0626189904966195, 0.7415279162596067, 0.8807643670582606, 1.1512379456132187, 1.4628096214635695, 0.790788415704525, 1.3823430266062857, 0.7669037670179021, 1.105087627503409, 2.156864410848735, 1.299587378675389, 0.9004508342772388, 1.7156744324845339, 1.5670774276447321, 1.5809886995641915, 1.4455219116456324, 1.6103023755909203, 0.765310467522679, 2.8218044064842207]
