Ri:[50, 100, 150, 200]
Zi:[100, 200, 300, 400, 510]
FC:[[3.98673783128522, 3.9662426221492697, 3.9934714442946935, 4.004972532542608, 4.02923821222504], [3.967064206874859, 3.9830070693512076, 4.013655209262248, 4.043450282151275, 4.064476986758184], [4.094401201833703, 4.122469047749676, 4.149656532795511, 4.180728338637333, 4.203835238601816], [4.703503939855009, 4.763742188683129, 4.800854280961547, 4.831872278488959, 4.848377773126489]]
FCE:[[0.047644613903170915, 0.03216585847778809, 0.026524898313220274, 0.022885089694761232, 0.02038632506147675], [0.024100606303214884, 0.016513871670397962, 0.013454823318345155, 0.011715616818817668, 0.01039226826025283], [0.016192782717966397, 0.011052294407203955, 0.00895790112114969, 0.007758448489500095, 0.00686887870990253], [0.014787343564508226, 0.010161408963707293, 0.00825279265531025, 0.007133573091727785, 0.006315521865910397]]
fps.ts:[1611678039.0370002, 1611680803.6410003, 1611683568.2450001, 1611686332.8490002, 1611689097.453, 1611691862.0570002, 1611694626.6610003, 1611697391.265, 1611700155.8690002, 1611702920.473, 1611705685.0770001, 1611708449.6810002, 1611711214.2850003, 1611713978.8890002, 1611716743.4930003, 1611719508.0970001, 1611722272.7010002, 1611725037.3050003, 1611727801.9090004, 1611730566.5130002, 1611733331.117, 1611736095.7210002, 1611738860.3250003, 1611741624.9290004, 1611744389.5330002]
fps.e0:[11312.280001673613, 11326.408099097418, 11296.643905061168, 11311.83693061745, 11280.25052678907, 11307.69273579445, 11262.58857395711, 11237.065345160829, 11230.584642086487, 11229.881711823837, 11266.340993075519, 11239.79585859181, 11229.77903837069, 11220.46449573717, 11237.973250929908, 11210.879220564299, 11209.332618408318, 11185.553171376796, 11208.396147978432, 11130.198744966303, 11169.510858239411, 11174.034430727319, 11225.91589253432, 11222.413065857663, 11251.57568746425]
fps.e0u:[14.211505826667688, 14.902289188265332, 16.271721983768515, 17.31451151678347, 18.953793746214306, 20.449910823349114, 21.555040201588977, 23.493107934186003, 24.808488666131705, 26.232226027072016, 27.309760332547867, 27.89040774780488, 28.74150941449811, 29.573708543372984, 30.381023358979387, 31.237288752819726, 30.829591975209116, 31.456362465880954, 31.29574530278207, 32.21790233888922, 32.755349669376564, 32.8478830137523, 33.645406606647704, 33.070348519895184, 34.156005487824025]
fps.lt:[17275.332376378927, 16966.541071568477, 16911.81804618865, 16248.792866501191, 16378.651431246264, 16237.075315713606, 18634.814949882006, 18885.077515123765, 17605.67335224425, 17737.195993552898, 16322.629245216602, 17171.527309751556, 18796.52052905106, 17005.267500614136, 16340.995903381512, 16172.375008634377, 19668.160781028295, 21572.939220099288, 19686.597123328844, 23123.400602596812, 22145.143307839986, 17397.898980714952, 15534.095019794026, 16564.825975200984, 15672.068582489213]
fps.ltu:[1131.5485740573008, 1148.150971248394, 1249.6725760867448, 1226.0329994264075, 1350.6820954346638, 1447.616345753319, 2026.0063728746368, 2242.1774722402056, 2041.5178381799822, 2225.861102978366, 1954.9795460613811, 2208.127300572935, 2742.960238018026, 2279.4516174737632, 2187.3731217148843, 2178.8624310729856, 3223.2971682497173, 3922.9431644161937, 3260.079389620765, 4658.411057794691, 4348.152671257865, 2690.3063690621166, 2175.2438353640614, 2463.118785970978, 2240.0757920795013]
fps.c2:[2.1826205976000135, 0.6812819764856578, 1.552616919638182, 0.9578862372721256, 1.6810787710195463, 0.6903568587149425, 1.4777533555981703, 0.829912608994017, 1.160054036369849, 1.6074602917681788, 1.2019515348836096, 1.3562015467751642, 1.6348299978563334, 1.2137128078971506, 0.8781037838364774, 1.2152771140806087, 2.1580537227793757, 2.0777597718679948, 0.8279645256806918, 1.3216402240909326, 0.562551820914745, 0.9679649016100382, 0.6869895038142728, 0.5174617178609606, 0.803262143324165]
