Ri:[50, 100, 150, 200]
Zi:[100, 200, 300, 400, 510]
FC:[[4.055130817990195, 4.025297715494929, 4.031726182589782, 4.048209321501471, 4.084007794337297], [3.999366628923485, 4.02297745107712, 4.043477612269902, 4.071987746767096, 4.103999218252577], [4.122275634313318, 4.146102375287481, 4.1808264287999855, 4.212718730513007, 4.246450137317758], [4.759577989663617, 4.793690566300073, 4.83883963781612, 4.874617782246682, 4.89481317227277]]
FCE:[[0.03867824755715176, 0.02626494602493397, 0.0211961166294358, 0.018220086083254147, 0.0161263081071577], [0.019186944463904825, 0.013195346122884815, 0.010651164966588713, 0.009198580900978194, 0.008160281866379484], [0.013590977818202928, 0.0092253488170552, 0.007469992445783476, 0.006458634750608077, 0.005737245864757575], [0.012425199718216389, 0.00841959589427987, 0.006819271897436076, 0.005895041869199103, 0.005208938287801226]]
fps.ts:[1603994654.92346, 1603998057.83638, 1604001460.7493, 1604004863.66222, 1604008266.57514, 1604011669.48806, 1604015072.40098, 1604018475.3139, 1604021878.22682, 1604025281.13974, 1604028684.05266, 1604032086.96558, 1604035489.8785, 1604038892.7914202, 1604042295.7043402, 1604045698.6172602, 1604049101.5301802, 1604052504.4431002, 1604055907.3560202, 1604059310.2689402, 1604062713.1818602, 1604066116.0947802, 1604069519.0077002, 1604072921.9206202, 1604076324.8335402]
fps.e0:[9975.267837563273, 9944.277427567193, 9942.936242157037, 9960.374577068298, 9968.009679645556, 9986.9177714494, 9966.18883527449, 9974.00888683017, 9972.10955667827, 9965.312522998343, 9941.529207641537, 9971.045601827567, 9965.628339031438, 9979.726899518939, 9982.422749686362, 9946.235806202965, 9942.742763033923, 9975.581081271606, 9998.00083566619, 10010.068679346636, 9993.934582116028, 9997.6747911972, 9986.55488555064, 9965.228551336635, 10013.44966093186]
fps.e0u:[17.26294565924675, 17.443442952983908, 17.51225507348194, 17.269356471346185, 17.231803512652256, 17.34506359968443, 17.317248673192047, 17.261995922196643, 17.47786896403014, 17.602529971009318, 17.43894703134956, 17.4290984193851, 17.317332733120768, 17.388124753170803, 17.51472890228662, 17.393735804306264, 17.26154694573865, 17.411616494378944, 17.4808572695697, 17.38168480217263, 17.42974299231484, 17.15712723491581, 17.52957369863036, 17.285635119108033, 17.553210829634622]
fps.lt:[13344.538108286435, 15482.519263269198, 15478.72143337221, 15878.308086336734, 13864.870412242364, 14603.228863429127, 14318.419827417169, 14888.637177365425, 14785.312046924946, 14251.193359428826, 16233.697203427353, 14855.128305670687, 14682.494090317405, 14610.579845363549, 13802.130769433426, 17211.58619656826, 16494.228396115173, 15028.708830119254, 15004.124056914736, 14306.34704083332, 13625.687497938858, 14971.481117551937, 15031.078581400894, 17017.258622344645, 14012.885898154505]
fps.ltu:[933.3413254019598, 1258.8856840659166, 1263.8399159470812, 1313.9383612460488, 1002.8209955708121, 1110.5412225341581, 1073.5801441122308, 1151.642242428622, 1155.109758437935, 1081.063956020643, 1383.6323386116972, 1156.6109936461028, 1126.3976095992555, 1117.967875180673, 1000.9365592653669, 1543.975914427659, 1415.5028270439022, 1184.5923500509277, 1184.8041188261989, 1067.1238801910374, 976.0966487232101, 1153.7775649364169, 1186.890548821844, 1518.1375393388714, 1032.0825858024286]
fps.c2:[1.2380591219485235, 1.093638790785006, 1.171074421678573, 1.068593803518488, 2.144691647797826, 0.4198251562700866, 0.9026600566498032, 0.7555063038473483, 0.7216460925927793, 1.0778926067765493, 2.3117230616838738, 1.0986271472338618, 0.6510796786978905, 1.4836294958834795, 2.158914809796254, 1.9398525747587851, 1.299033868913663, 1.1841796478477713, 1.2407932071119172, 1.4865417954594662, 1.3197973208907283, 1.4212092040479876, 0.5479568422270159, 2.282829618499558, 2.5037096864542034]
