Ri:[100, 130, 160]
Zi:[50, 100, 200, 300, 400, 500]
fps.ts:[1721.897199997902, 5165.6915999937055, 8609.485999989509, 12053.280399985313, 15497.074799981117, 18940.86919997692, 22384.663599972722, 25828.45799996853, 29272.25239996433, 32716.046799960135, 36159.84119995594, 39603.63559995174, 43047.42999994755, 46491.224399943356, 49935.01879993916, 53378.81319993496, 56822.607599930765, 60266.401999926566, 63710.196399922366, 67153.99079991817, 70597.78519991398, 74041.57959990978, 77485.3739999056, 80929.16839990139, 84372.96279989718]
fps.e0:[10702.517255727922, 10701.926672945707, 10689.29750208778, 10729.730483235362, 10721.894301645843, 10737.801063763476, 10747.956378808309, 10732.9833177259, 10759.649046196844, 10768.576490991918, 10784.091346415134, 10771.921346175155, 10786.068729996803, 10786.452348377794, 10799.377305936276, 10780.741522001676, 10807.730656461474, 10791.222755209596, 10777.055063776403, 10768.930709085598, 10804.79203043305, 10797.975544602916, 10794.856612889578, 10820.602282397616, 10809.530856893534]
fps.e0u:[11.956743984280333, 12.087354743253545, 12.046764271340477, 12.109109140187728, 12.197121302562962, 12.113012810368879, 12.1022301296168, 12.027117704858744, 12.019079994525564, 12.046101130512872, 12.179682965221103, 12.112670673965324, 12.139987607078595, 12.166026929583717, 12.231516071034513, 12.305353737987883, 12.043771156899746, 12.106489922374191, 12.179309224169067, 12.248031550710875, 12.063824077584906, 12.164312124677972, 12.18648686061341, 12.293077614170038, 12.260482754861348]
fps.lt:[10257.768096093652, 10575.356825347777, 11381.97804889292, 10357.895666930624, 10451.397353110022, 10652.455773644753, 10311.497553467214, 10972.129298189453, 10447.342667772444, 9986.329299568417, 9742.076178792262, 10569.569901829562, 10141.39816535707, 10190.829061229824, 10156.622327008035, 10682.726033877012, 10274.123985840755, 10491.435631753946, 11303.671246538128, 11374.431975633725, 10525.082041823596, 10758.269381045538, 11147.438585542912, 10499.342717878997, 10571.165150305227]
fps.ltu:[351.19331181525496, 376.553258959035, 434.8756101194692, 364.6757740298732, 371.7446979312085, 381.6044856992355, 358.4731610519936, 403.676983461295, 364.6447594269233, 334.2586124691876, 322.12593026564906, 378.22879952982237, 345.31701000652566, 351.34417692351957, 349.75255972029885, 389.5666690638687, 353.6731410050619, 371.57530729254876, 431.0906487785563, 438.77871561062375, 371.5306026281544, 389.0282658140722, 420.7135758174584, 374.4034879152864, 380.3053652373177]
fps.c2:[2.3285327705744168, 1.6531591726227992, 2.232522618120546, 1.1582406060847783, 1.6820464897800294, 1.217406599752788, 0.7391329328145595, 0.9089976977206347, 1.4586204770506772, 1.0322458965626167, 2.111085167586155, 0.74544476876081, 0.8870574678604373, 1.329551862948065, 1.3078241762384077, 1.3435101628074264, 0.7822783609709058, 1.2226340679412695, 1.7027891272062692, 1.9167722704847727, 1.4319356792193731, 0.8400070013845451, 1.4276649669250008, 1.1815210034539416, 2.1831556930191036]
FC:[[3.9092206906196267, 3.9337318668046404, 3.9500063028070973, 3.9758335637536586, 4.007469182698622, 4.0359223562526765], [3.9693676889952694, 3.9747846922598944, 3.996666563304694, 4.020932995425905, 4.050389432924741, 4.079993941838487], [4.070964345276303, 4.083158681377226, 4.10792583527791, 4.137088739710736, 4.169369724563133, 4.201396694980925]]
FCE:[[0.029206351615687125, 0.01760360065666578, 0.011519122791608513, 0.009007350187819016, 0.0076282995851767845, 0.006717375407857386], [0.022847541855684175, 0.013593325677767491, 0.008917286009209796, 0.00698054930663281, 0.005919700028188261, 0.00523022136760817], [0.018610894108995295, 0.011472731749395523, 0.0073224759350952445, 0.005624284704381232, 0.004780177325987762, 0.004233955672028812]]
