Ri:[50, 100, 150, 200]
Zi:[100, 200, 300, 400, 510]
FC:[[4.098789371077749, 4.060854490160112, 4.076706864064929, 4.089382411766994, 4.11819917877522], [4.037215197514962, 4.066571841847772, 4.087639396035307, 4.11449221121589, 4.139638680072108], [4.164798003551942, 4.188803834238221, 4.218130909465417, 4.244047699727816, 4.278093634898635], [4.772975466215523, 4.817321113699642, 4.8737758557539275, 4.904556282860953, 4.930373462343089]]
FCE:[[0.03701071108480008, 0.024831717994706272, 0.02022604293530478, 0.0174012479621222, 0.01558891248788374], [0.018299477298624016, 0.01258561392500584, 0.010244453554164337, 0.008876015936673006, 0.007914612051385909], [0.013045858126711668, 0.008911018753294827, 0.007241969992118176, 0.006262778014431955, 0.0054094374387281905], [0.012014415964394374, 0.008197788369155638, 0.006600391173632222, 0.005708986164055937, 0.005065010380772655]]
fps.ts:[1603192523.9509602, 1603195997.14288, 1603199470.3348002, 1603202943.52672, 1603206416.71864, 1603209889.9105601, 1603213363.10248, 1603216836.2944002, 1603220309.48632, 1603223782.6782403, 1603227255.87016, 1603230729.0620804, 1603234202.2540002, 1603237675.44592, 1603241148.6378403, 1603244621.82976, 1603248095.0216804, 1603251568.2136002, 1603255041.4055204, 1603258514.5974402, 1603261987.7893603, 1603265460.9812803, 1603268934.1732001, 1603272407.3651204, 1603275880.5570402]
fps.e0:[9776.685753172946, 9822.407483089593, 9873.558201334532, 9890.156279603856, 9902.677556297638, 9890.128370835857, 9899.025491225048, 9900.815029491183, 9891.033359124509, 9901.749908750218, 9925.097111199557, 9911.781078827615, 9923.955369882782, 9915.855876498692, 9944.12760476538, 9921.588446708154, 9941.229691167488, 9903.862602263307, 9914.46824980333, 9911.212650346024, 9961.729494077867, 9932.682598794694, 9935.85364146149, 9921.182950526314, 9919.61858060553]
fps.e0u:[16.44111871776661, 16.713142481096597, 16.669699306594275, 16.433192552980714, 16.524498134205796, 16.52652797106827, 16.463366053001717, 16.618035795780397, 16.53882963296767, 16.713149254110323, 16.781155140804536, 16.509860186922175, 16.770143881103422, 16.471827472402712, 16.463486059496713, 16.608794662679557, 16.499353744945243, 16.715417571303675, 16.813253814428442, 16.928734289885774, 16.597930783045246, 16.506902702445963, 16.576018795106812, 16.63904948645365, 16.662312699204037]
fps.lt:[16764.893837771084, 15265.163863280575, 12643.34035671401, 13118.284998614841, 12632.608081642113, 13878.647462687606, 13027.749203682686, 14002.416322000488, 13940.231062363266, 14108.92386738739, 13111.035108914493, 13085.35157784768, 13146.527285299651, 13576.392207157021, 12153.900045091199, 13655.387829568914, 12708.40043181658, 14250.102150413924, 13183.910585458632, 13665.437142890525, 11395.623968703245, 12933.958581026372, 13034.406367987725, 13957.515739362098, 13600.900709432419]
fps.ltu:[1398.6172560886296, 1181.6074585483598, 817.0083445707709, 867.223680776058, 803.6711049531452, 974.1771930552591, 858.0270929511622, 996.3849900225892, 987.0308745152231, 1016.3226154998682, 876.8149157780629, 870.1662338140833, 890.3137466138649, 935.2387828105037, 747.1827424356721, 945.0536567237303, 819.1443943253196, 1036.1045984267848, 896.7693776479138, 967.465179707908, 667.1618621467715, 848.9085261269609, 865.8254067950224, 994.8102906939439, 948.4718032170557]
fps.c2:[1.3114578843080393, 2.90361807404574, 0.7969325620119906, 0.6780921644160585, 1.1531894412525125, 1.3032002515405618, 0.9541803379232005, 2.2413602364722207, 0.9409817807214428, 0.6840139575723685, 0.8626638423677011, 1.318873350662995, 0.7691374062340673, 1.6413056411746905, 0.7614286449527217, 1.4698411916496783, 1.482777824001657, 0.973037438584327, 1.5576532362436812, 0.5350219632158107, 1.959056763829628, 1.9162771901180826, 1.138113986791007, 0.7808764718785338, 0.40143793217730567]
