Ri:[50, 100, 150, 200]
Zi:[100, 200, 300, 400, 510]
FC:[[4.065786116097938, 4.049583634222775, 4.085637881102179, 4.097395324472504, 4.107634880751136], [4.047970073158685, 4.040564270932654, 4.06430285537709, 4.09271922264095, 4.117965059916837], [4.1482885873622495, 4.157251383182624, 4.185995922491096, 4.2208369766162095, 4.250533179305453], [4.797400574715376, 4.822824342694588, 4.855802136149719, 4.884627514823775, 4.905503117246869]]
FCE:[[0.04182553191943532, 0.0281102779891168, 0.022889495130594573, 0.019862320649619732, 0.01744263734710511], [0.020816231496499485, 0.01405655026346444, 0.0113467220899565, 0.009843818286646551, 0.00869446349325994], [0.014417110399616554, 0.009768029966967356, 0.00787396444047604, 0.006832614426911634, 0.006055391519773128], [0.013132175416105446, 0.008914939581486396, 0.00720709588727531, 0.006231083661659264, 0.005511235216225121]]
fps.ts:[1615915617.2083802, 1615918799.40914, 1615921981.6099, 1615925163.8106601, 1615928346.0114202, 1615931528.2121801, 1615934710.41294, 1615937892.6137002, 1615941074.8144603, 1615944257.0152202, 1615947439.21598, 1615950621.4167402, 1615953803.6175003, 1615956985.8182602, 1615960168.01902, 1615963350.2197802, 1615966532.4205403, 1615969714.6213002, 1615972896.82206, 1615976079.0228202, 1615979261.2235804, 1615982443.4243402, 1615985625.6251001, 1615988807.8258603, 1615991990.0266204]
fps.e0:[10672.15844736854, 10670.91850534767, 10694.548193678787, 10625.555303883479, 10681.331480455949, 10624.91761810772, 10674.449115881423, 10648.860049903496, 10698.923838490104, 10700.135134100845, 10717.681112757127, 10670.257490253049, 10685.681188926073, 10676.029333538589, 10659.308782150569, 10683.03712822113, 10706.322363620726, 10692.998021307283, 10693.926854127209, 10672.98333101788, 10681.772505204139, 10704.090117788082, 10724.978866132928, 10678.57924233217, 10689.425643232385]
fps.e0u:[18.83294657288377, 19.15923798594003, 18.71782951283218, 19.164798326253788, 19.017917160447983, 19.301550213168362, 18.843068551388892, 19.26286367223739, 18.898549588101986, 19.135135991085416, 18.921191031309775, 19.232253797971868, 19.1337926714454, 19.016697941312543, 19.055225844205683, 19.090872097038535, 19.07694582359913, 19.1022356002285, 19.092638824323494, 19.101049413875657, 19.15260212780029, 19.081859449602085, 19.121421746086185, 19.167676773338147, 19.59182516088964]
fps.lt:[21711.882476307623, 18572.464143658464, 18476.998366299842, 24907.684964327294, 19295.93921085851, 24283.842910555883, 18748.464455170226, 21151.151848011392, 16905.36771749358, 16268.029856629335, 15155.111943529628, 20269.78574578565, 17810.099020555925, 18274.497875300305, 20000.561202410274, 19182.046809637748, 15380.760346011828, 17757.88243223407, 17158.152724927484, 18347.49863000798, 19355.843601080356, 16668.770733847967, 15618.967497946325, 19409.177544370606, 17303.20172165593]
fps.ltu:[2506.7840552717958, 1874.9451116989383, 1818.8789907380774, 3369.739680205173, 1993.7496643229654, 3185.753351958954, 1878.7442677344152, 2430.8007756221227, 1533.3222720944443, 1424.7681738359197, 1226.3497959846247, 2239.6100373490904, 1700.2827051292313, 1785.1006110862468, 2159.8436640710297, 1978.181284800886, 1277.4927418624516, 1700.654484101525, 1584.9240204970486, 1808.670009479697, 2013.5146423021658, 1496.0730291991954, 1316.5481393217397, 2036.2884592534074, 1654.8904810945783]
fps.c2:[0.7447153185744916, 1.1357696589734794, 1.8072550413304025, 1.2124924742952008, 1.5441033018639911, 1.7019361067365433, 1.2215288018763213, 1.3741546005347975, 1.142502899516471, 0.6806613498589085, 0.29882328920741696, 1.6015007508645123, 0.5055496826124661, 0.8629063500812509, 2.1332260531757496, 1.761167171447712, 1.2627044720209175, 0.7479254458212286, 0.9611534066452194, 1.916907037678825, 1.407535003346076, 1.5982114754164174, 0.7046584148188992, 1.0705035315284577, 1.2262108930555686]
