Ri:[50, 100, 150, 200]
Zi:[100, 200, 300, 400, 510]
FC:[[4.05784309518222, 4.034388059796933, 4.022908927278151, 4.054102862851548, 4.073786000289917], [4.026653158411539, 4.041207121552221, 4.0515477366017505, 4.090429850032089, 4.116366925946404], [4.143721463462461, 4.164111755025674, 4.1958334131775405, 4.225493747853776, 4.251139341386694], [4.75751704765154, 4.77348056708746, 4.810530876860929, 4.839822463909399, 4.863249339535197]]
FCE:[[0.05103992137033718, 0.03421454118046267, 0.027260176327673274, 0.023421811830915337, 0.020706392782749838], [0.02549019131382289, 0.017265223702412628, 0.013879438058736182, 0.011714291022604751, 0.010361412353250027], [0.01730769248457959, 0.011431788363100928, 0.009265592465696946, 0.007990160350074693, 0.007053032147602127], [0.016099473775773053, 0.010859435293595631, 0.00876874280070548, 0.007568191209896101, 0.00668679987618903]]
fps.ts:[1609861725.9066, 1609865166.5878, 1609868607.269, 1609872047.9502, 1609875488.6314, 1609878929.3126001, 1609882369.9938002, 1609885810.675, 1609889251.3562, 1609892692.0374, 1609896132.7186, 1609899573.3998, 1609903014.081, 1609906454.7622, 1609909895.4434001, 1609913336.1246002, 1609916776.8058002, 1609920217.4870002, 1609923658.1682, 1609927098.8494, 1609930539.5306, 1609933980.2118, 1609937420.8930001, 1609940861.5742002, 1609944302.2554002]
fps.e0:[10069.11201913282, 10067.009285094837, 10099.338177357831, 10071.64292173759, 10045.071537954329, 10090.87324347518, 10097.051132031418, 10095.814618822376, 10028.78279389587, 10099.221545938968, 10072.374584718744, 10053.972075073425, 10070.393638530422, 10059.358683200577, 10069.247883516098, 10103.950343838365, 10057.756414969577, 10074.024397477182, 10095.910469185357, 10130.311605515877, 10070.461123559686, 10089.537803311941, 10073.121384496477, 10138.79089649715, 10051.808193049053]
fps.e0u:[22.183861590933997, 21.93645717435549, 22.25653221082672, 22.186982409285424, 22.038932379353113, 21.929567502868906, 21.974501578546853, 21.808019481824118, 22.26216734687857, 22.20968810070429, 22.158333293845914, 22.20083168767005, 22.371059651767485, 22.069628937796015, 21.941824660846763, 22.301488034497783, 22.359144704531392, 22.307973723370655, 22.16126358469235, 21.927108746500956, 22.40110488895877, 22.646721557754066, 22.121049484619736, 22.314585379340524, 22.594084284556917]
fps.lt:[16590.345619815933, 18729.36623477396, 15805.277005687347, 17042.645351476887, 21293.77123182102, 15864.220986629305, 15221.228842080429, 16788.68097256169, 20346.417131800812, 16702.881048541818, 18794.856596115485, 20506.764589468963, 18270.82466340317, 19307.36198445177, 17583.81722561611, 16058.035524997442, 17319.14918117066, 17789.46985870894, 17168.71124430292, 14940.28853328674, 20216.69825489961, 16390.897770819352, 19437.52795814791, 14261.311557192173, 22282.46230391845]
fps.ltu:[1805.417651569524, 2308.2497167999923, 1660.7882569740432, 1931.8180132380471, 2988.7002668160385, 1647.9471132100666, 1528.3929277183202, 1842.094349558632, 2761.0319182406306, 1837.6736495252098, 2329.4858452406484, 2776.1637733614675, 2224.7682637340235, 2456.757658769704, 2024.9318389838782, 1717.2190688068397, 2009.8981643928307, 2088.2673174417414, 1951.0253707080158, 1462.2209055711553, 2711.8457853914483, 1818.8033317319448, 2477.0209177482084, 1336.8554184903833, 3331.1278902109193]
fps.c2:[1.4112488239722203, 1.0111543715912228, 0.7361217776971342, 2.549176217712394, 1.4168166148657957, 1.2115719449301183, 1.1977846871517657, 0.8318078965371528, 1.4950935582649558, 1.344636585720444, 0.8046587583589322, 1.4197368678097315, 1.5517697438622533, 1.355756665839255, 1.7609485957731563, 0.9696569376944785, 0.9905591111641807, 1.0544650088982748, 1.0934472761744192, 0.9096823504477131, 1.2238847885462227, 0.7943533615102528, 1.2947997658428425, 1.0343789539018604, 1.3822699897516395]
