Ri:[100, 130, 160]
Zi:[50, 100, 200, 300, 400, 500]
fps.ts:[1769.8509800004958, 5309.5529400014875, 8849.25490000248, 12388.95686000347, 15928.658820004463, 19468.360780005452, 23008.062740006448, 26547.764700007436, 30087.46666000843, 33627.16862000942, 37166.87058001041, 40706.5725400114, 44246.2745000124, 47785.97646001339, 51325.678420014374, 54865.38038001537, 58405.082340016364, 61944.78430001736, 65484.48626001834, 69024.18822001934, 72563.89018002033, 76103.59214002133, 79643.2941000223, 83182.9960600233, 86722.6980200243]
fps.e0:[10768.31136552293, 10794.126538903376, 10784.31612866883, 10774.824464222023, 10759.273100631446, 10742.334362337904, 10727.0484451624, 10697.757240725916, 10719.051034494865, 10715.812974058568, 10715.564389543084, 10734.042629185189, 10755.151777298413, 10752.391953229491, 10751.116974664645, 10745.406671477438, 10747.594215378906, 10747.779384253163, 10780.848091154652, 10774.088335708504, 10780.890365049801, 10828.902755442641, 10798.959192960863, 10790.997464261842, 10810.874120422202]
fps.e0u:[12.154251376949448, 12.004122673087682, 12.087319396861842, 12.209603478459028, 12.091141927810668, 12.2235427620427, 12.181910464054724, 12.223989896949547, 12.502412560960488, 12.479780204666591, 12.39340431275485, 12.367666911108964, 12.376566761926822, 12.357510211332583, 12.39720935486381, 12.250364459332355, 12.247668551318476, 12.432211675066645, 12.239040086105252, 12.185403493366705, 12.083393773453883, 12.172754103140775, 12.149083729422195, 12.114397045837485, 12.007422744875281]
fps.lt:[3964.3741176425356, 3887.38997348533, 3994.9633504502203, 4027.5191576708257, 4072.9215742618485, 4223.788578461858, 4337.480221415407, 4479.02764679997, 4361.605162673929, 4270.501818396262, 4188.190320037046, 4020.266147192976, 3967.4583547401667, 3946.2795209760366, 3990.015814396764, 3994.194913123591, 3995.035071703305, 3984.4594741910655, 3872.309013163878, 3906.7419482857763, 3795.873292161676, 3710.1540188173612, 3790.2338528258074, 3793.8008304816694, 3774.9533546617536]
fps.ltu:[54.7521660167397, 52.08840735673689, 55.536130589623, 56.69060411155205, 58.292927338588854, 63.56951521581401, 66.5639170760431, 71.51109349331561, 69.04684338023534, 66.38261818821566, 63.64896143753242, 58.2491196726374, 56.862576516846744, 55.77782550960134, 56.90459993667198, 56.795818796757885, 56.65227522296154, 56.96498988974117, 53.151032876682436, 53.430840249017955, 50.0957743735298, 47.95401961897033, 50.28875169778474, 50.480552163012376, 49.52994043000464]
fps.c2:[0.412077864979802, 0.6566832968557275, 2.068217681609138, 1.3563853422425527, 2.6917291939721104, 1.6835752342308952, 1.6865226514955318, 1.3460729933659996, 2.058648894300523, 2.544699695883703, 2.461476504657215, 1.4029666070329072, 0.8518896935944977, 0.9716426757094554, 1.3876197236344554, 2.386641261510232, 1.189029057792296, 0.9095481347299023, 1.5968986460295223, 1.320693543578804, 0.7146405008478526, 1.6526285598542856, 2.5240614067435994, 2.1702406006827624, 1.790255039209037]
FC:[[3.764576909491628, 3.776570993820366, 3.876439768980267, 3.957282367384548, 4.057849830112186, 4.173330913090609], [3.8261507088467837, 3.8185929605710878, 3.91783804993462, 3.9988733663205562, 4.098695758557087, 4.2165300727918975], [3.8849391410623815, 3.9029463499584995, 4.002647159943, 4.100212924545597, 4.21539795131985, 4.317248326578584]]
FCE:[[0.035279673508156736, 0.01657685487627581, 0.010342700617528426, 0.00840157465511636, 0.007438411271748324, 0.006706888234373468], [0.027845319604146625, 0.012927141883128521, 0.00800946743305764, 0.006513878527219165, 0.005771881478724331, 0.0051942753843357975], [0.023354067376928286, 0.010838874539940545, 0.006680322692457215, 0.005392824747638758, 0.004718036260331428, 0.004350055552909293]]
