Ri:[100, 130, 160]
Zi:[50, 100, 200, 300, 400, 500]
fps.ts:[1887.9614199972152, 5663.884259991646, 9439.807099986076, 13215.729939980507, 16991.65277997494, 20767.575619969368, 24543.498459963797, 28319.42129995823, 32095.34413995266, 35871.26697994709, 39647.189819941515, 43423.112659935956, 47199.03549993038, 50974.95833992481, 54750.88117991924, 58526.804019913674, 62302.7268599081, 66078.64969990254, 69854.57253989697, 73630.49537989139, 77406.41821988582, 81182.34105988026, 84958.26389987468, 88734.18673986912, 92510.10957986355]
fps.e0:[10104.975764402661, 10085.058188308338, 10089.123814836805, 10102.138409159672, 10124.567267364908, 10097.03540959159, 10121.130701630638, 10161.50893417883, 10103.286790288004, 10115.88067701525, 10143.196494408792, 10119.903612574368, 10138.34118342386, 10142.360048747827, 10130.787662207507, 10127.493138228507, 10077.853619236854, 10149.153872871053, 10134.047880176593, 10094.023276287679, 10105.91686432943, 10125.84887111917, 10124.14579398365, 10147.171062531424, 10135.642349689508]
fps.e0u:[14.86781432607343, 15.025031309430558, 15.05206667745005, 15.017012087727837, 14.844799096963024, 15.018487259714243, 14.992990061837832, 15.123203343676918, 15.232314547625116, 15.200767473212027, 15.051398648310395, 14.887663085489283, 14.927900453083465, 14.995050770151918, 15.000379038373362, 15.180216093356028, 15.16775258504295, 14.922025147006554, 15.116120472363235, 15.0457699591733, 15.014867454130348, 15.147671941792693, 15.158396216432964, 14.910550537484424, 15.552790053292318]
fps.lt:[6853.145913760533, 7087.941145583487, 7385.165075149235, 7146.79070748103, 6712.845128832964, 7276.229234470466, 6886.026188157717, 6359.336628662244, 6961.432171283707, 7118.424051772196, 6751.104266064769, 7156.702639856322, 6822.334561936983, 6781.027562694219, 6954.689749012764, 6914.338081638888, 7751.689774643617, 6818.670527319861, 7075.9564941031995, 7562.171646396233, 7245.731605909339, 7087.701633039478, 7037.882047472411, 7069.820370640691, 7005.208022716256]
fps.ltu:[206.06335421406635, 219.23547890210673, 239.40031079072463, 223.9837037443136, 196.06096337509518, 233.36312547938402, 207.93769934919453, 177.0397819055559, 216.17099057694506, 225.52127910575305, 200.53883756542984, 223.39677996178986, 203.57661964968221, 201.68657217857265, 211.78395002871957, 212.04765410838382, 268.7892423080967, 202.70685571514502, 220.47114462971965, 250.71470244161432, 231.84526145467734, 221.8329799715082, 218.32789021194097, 218.42631862264665, 223.17176711379128]
fps.c2:[1.4523239362146778, 1.5167550551677915, 1.3671785112906454, 1.8295369701981128, 1.992019673903545, 1.1869442420891558, 2.108017374508625, 0.8107841663298259, 1.616730363252962, 2.5608569298932506, 2.2742225442728436, 2.643840052970877, 1.2116858072279517, 2.6487049541780427, 1.6842848529649255, 1.948734785768166, 1.633732533301409, 3.239442223777388, 1.5151276989737714, 1.73346014483928, 1.8333216354327844, 1.6385413897028134, 1.3158754876628787, 2.0215574641124836, 1.9461192520673671]
FC:[[4.113765539918057, 4.091004906516782, 4.062734659287975, 4.112521035376049, 4.154881318442349, 4.1912818151542774], [4.12661054089626, 4.101391779610886, 4.114334538521865, 4.15532618966012, 4.198588271625676, 4.241414946259038], [4.242081622741646, 4.227260243009607, 4.243868898285256, 4.290537203549064, 4.333143523933211, 4.377971034123045]]
FCE:[[0.04464329512466907, 0.024546433793877817, 0.015340832676786893, 0.011793009083438563, 0.009862461163111572, 0.008627699520342619], [0.03436669427014347, 0.018863553308586894, 0.011639080314134062, 0.009019054581620342, 0.007585449356458827, 0.006677391348255463], [0.029748137560085736, 0.015929959220985248, 0.009763942119582586, 0.007596616785706626, 0.006403302506264052, 0.005650746075426285]]
