Ri:[50, 100, 150, 200]
Zi:[100, 200, 300, 400, 510]
FC:[[4.097602426900785, 4.035355181018272, 4.0107934857724326, 4.028192048411409, 4.0305776249807455], [4.043804732590652, 4.030069610027441, 4.048204470680253, 4.070399507465689, 4.083378435336409], [4.1428030051622695, 4.152101350201502, 4.176228304026275, 4.206721815526862, 4.232251741083188], [4.761710992496905, 4.788046866385683, 4.82392438315889, 4.859566863188976, 4.882438714482827]]
FCE:[[0.050075923572418815, 0.03279874891971186, 0.026164652175515956, 0.02269175643614845, 0.01979755842971736], [0.024588413299268898, 0.01636875217112155, 0.01326847303746959, 0.011466206663438417, 0.010077916414722755], [0.016473173890986757, 0.011131816578260553, 0.009004902797090148, 0.0077867952180999045, 0.006897054786122194], [0.015176862714115676, 0.010300733829279594, 0.00835815657615473, 0.007224682739018043, 0.006393461339675846]]
fps.ts:[1616755611.7220201, 1616758166.37206, 1616760721.0221, 1616763275.6721401, 1616765830.3221803, 1616768384.97222, 1616770939.62226, 1616773494.2723002, 1616776048.9223402, 1616778603.57238, 1616781158.2224202, 1616783712.8724601, 1616786267.5225, 1616788822.1725402, 1616791376.8225803, 1616793931.47262, 1616796486.1226602, 1616799040.7727003, 1616801595.4227402, 1616804150.0727801, 1616806704.7228203, 1616809259.3728602, 1616811814.0229, 1616814368.6729403, 1616816923.3229804]
fps.e0:[10642.58791080527, 10699.063016002005, 10715.325288818192, 10688.899471836512, 10641.40789241152, 10698.238066966396, 10685.068454123806, 10652.973392273156, 10671.386977244314, 10680.773872590285, 10704.147161504654, 10685.372733808486, 10714.698812317762, 10692.846127180632, 10748.760980432638, 10657.60723178428, 10657.430208964355, 10686.13058388316, 10706.286623486274, 10700.891759448248, 10663.87862444256, 10647.367755489373, 10704.254668807043, 10700.201280487678, 10664.840637969817]
fps.e0u:[22.257838131056552, 22.479298911818653, 22.30610898406117, 22.48246602608145, 22.769265474248396, 22.029918318666248, 22.61053699217422, 22.3701355283529, 22.259121506051816, 22.28141485088981, 22.383956789982328, 22.488171729130986, 22.082583123893343, 22.391461651226887, 22.321195248385294, 22.338412012447137, 22.625719035243474, 22.156071760141007, 22.693763012115305, 22.279164796464006, 22.48155987310806, 22.65066540113562, 22.424420800393495, 22.83239587857402, 22.7769685500624]
fps.lt:[25604.03937596555, 16374.416268409057, 16522.3852308271, 17857.518897712012, 21254.75127389285, 17746.90203554523, 18430.9207648494, 22625.852340132413, 20997.259993156404, 19912.06875979264, 18367.334891027975, 17954.615343285725, 17559.63267362655, 17683.569379038803, 14733.349586651531, 19931.072841547684, 22092.600391319233, 20032.694355985237, 17625.331661283137, 16942.965909602255, 19079.739123046427, 21993.15055409674, 16848.733700618304, 17589.38929460647, 18994.980720081454]
fps.ltu:[4109.97200716053, 1699.157479751668, 1708.4193248290765, 2014.4350175834159, 2882.4818782026277, 1970.5577728265393, 2163.9563294785294, 3204.167644726845, 2773.976173693549, 2472.831112628027, 2121.410752756904, 2058.389916799415, 1931.0339853870512, 1981.4199448004517, 1365.923534536566, 2506.0532657437384, 3105.6518897963533, 2529.892701666563, 1998.5937965437959, 1812.472262640263, 2325.3816390367747, 3089.9802329142126, 1796.4939932094658, 1982.0015465386764, 2318.1003774959663]
fps.c2:[1.0896989290758758, 1.575023337643762, 1.5899932256810099, 0.7813007117973285, 0.6629894506873154, 1.1856433193526248, 1.223976131120761, 1.0172524235104397, 1.485221090213514, 1.6168328694530745, 0.9991281098777235, 1.298984366514578, 1.1802109405542962, 1.772991323096817, 1.2291605596859176, 1.171227857134721, 1.00495185317587, 1.3300110987149598, 0.9374415864320221, 1.110658099285614, 1.0004330932706422, 1.8165343208220217, 2.8646150395043994, 0.9383492153126581, 1.1021701526387464]
