Ri:[100, 130, 160]
Zi:[50, 100, 200, 300, 400, 500]
fps.ts:[1845.7761600017548, 5537.328480005264, 9228.880800008774, 12920.433120012283, 16611.985440015793, 20303.537760019302, 23995.090080022812, 27686.64240002632, 31378.19472002983, 35069.74704003334, 38761.29936003685, 42452.85168004036, 46144.40400004387, 49835.95632004738, 53527.50864005089, 57219.0609600544, 60910.61328005791, 64602.16560006142, 68293.71792006493, 71985.27024006844, 75676.82256007195, 79368.37488007545, 83059.92720007896, 86751.47952008247, 90443.03184008598]
fps.e0:[10987.377146806133, 11009.487851134725, 10989.879392239052, 10998.577514544342, 10993.889008536144, 10981.02817072391, 10988.636198701157, 11016.129178718274, 11004.096811815065, 11002.074224871229, 10999.596676858962, 10983.548765168549, 10964.428243226293, 11000.118654466527, 11007.340695256979, 11006.135674920362, 11009.41517892776, 11008.125484289654, 11004.794445643089, 11000.344509405824, 11018.868586334564, 10993.278807481402, 10996.379260404277, 10989.647408200117, 10987.63030273558]
fps.e0u:[12.210884946081913, 12.112901733105867, 12.20413220209438, 12.209040589309131, 12.300493045899655, 12.090892219717372, 12.183425495269153, 12.282834246225415, 12.212212643544671, 12.172698755640113, 12.226263304951283, 12.255709982648735, 12.23524093287563, 12.17479855958501, 12.40334675814581, 12.259946987921152, 12.38991459053333, 12.176854180132901, 12.356979970986313, 12.339321150780208, 12.363905000901731, 12.325990040541164, 12.557788760916802, 12.317078577233508, 12.435318608383792]
fps.lt:[8218.724307384664, 7897.621471765609, 8245.115340140064, 7915.86822485947, 8113.115778431935, 8387.37695198697, 8241.412699231338, 7851.142390679397, 8095.663730946597, 7965.388805600792, 8232.848658460778, 8457.054889827745, 8632.022452700709, 8203.063972499795, 8276.653513527628, 8118.7514294339335, 8146.988863218059, 8267.247998160225, 8364.417949409812, 8240.611328117411, 7868.917022643048, 8222.283153070068, 8290.540154227294, 8039.4028887920995, 8260.08791962833]
fps.ltu:[225.0050686505895, 207.6340513945886, 227.39246875213442, 209.4727894244486, 220.596226001216, 232.7669135878328, 225.6569589579652, 206.2030899719912, 219.28505409684414, 212.2887388847327, 227.56501841943813, 239.67637350448942, 248.17808302769518, 223.1811853873598, 232.2319514242136, 219.91238814375683, 223.92487282997348, 226.99361057249698, 235.6162808192044, 228.84833779757693, 208.78766730118352, 228.16051307403148, 234.3922092819132, 218.30176583837493, 231.69500059476323]
fps.c2:[2.0332938095720516, 2.8044288761018574, 2.759070400124746, 2.2858519855999826, 3.037211098976179, 2.439607850654733, 2.8559410034390336, 1.8322214264145957, 2.4012510556241957, 1.9931729797306967, 2.621078095515952, 1.83570431399607, 1.484449578062563, 1.4267475272592096, 2.8645197837632517, 1.9366290623340812, 1.2425524371310532, 3.136745811493623, 1.3569710869646625, 1.6516019118191967, 1.4543910856685542, 2.0980968907232413, 0.5845049613667398, 2.206700969049383, 1.590657447431473]
FC:[[3.8125403140238388, 3.8394637125907827, 3.8540170463057057, 3.8837231910960184, 3.92472160941153, 3.962974650155025], [3.843243195797512, 3.865589168920347, 3.8862955720870787, 3.9227471055901417, 3.9640041515458355, 4.005112448329924], [3.9851007640520333, 4.000498860182881, 4.035441722424419, 4.0745572502216065, 4.115638879973432, 4.158408657885846]]
FCE:[[0.02843154175642184, 0.01708320986215063, 0.011046818965714536, 0.008413035708878754, 0.007177844905168652, 0.006319727968582349], [0.021959026274214526, 0.01270925834981141, 0.008219161554362886, 0.0064660877765360435, 0.0055187909440400605, 0.0048802707498151856], [0.018816810558405193, 0.010784701111445413, 0.006976686705999107, 0.005506159942366198, 0.004705814189362953, 0.004181572694094984]]
