Ri:[100, 130, 160]
Zi:[50, 100, 200, 300, 400, 500]
fps.ts:[1588.6815600013733, 4766.04468000412, 7943.407800006867, 11120.770920009614, 14298.134040012359, 17475.497160015108, 20652.860280017856, 23830.2234000206, 27007.586520023346, 30184.94964002609, 33362.31276002884, 36539.67588003159, 39717.03900003433, 42894.40212003708, 46071.76524003983, 49249.128360042574, 52426.49148004532, 55603.854600048064, 58781.217720050816, 61958.58084005356, 65135.943960056306, 68313.30708005905, 71490.67020006181, 74668.03332006454, 77845.3964400673]
fps.e0:[9848.617145825148, 9854.749831152314, 9834.040017119598, 9870.679141235652, 9846.568446514946, 9832.506686254012, 9846.618220760507, 9837.716067483103, 9876.60039736161, 9851.483544453084, 9841.867664703499, 9844.064333068842, 9849.469909892925, 9835.590033186716, 9849.555542843906, 9866.347282455888, 9839.546924965107, 9867.172949784723, 9855.047382155559, 9850.147104190113, 9840.07314386706, 9853.414467125336, 9845.288900657086, 9861.429419422893, 9852.986574768755]
fps.e0u:[12.742001817933573, 12.813032501705663, 12.74884556796634, 12.787611433105338, 12.883397928204147, 12.76547233533366, 12.652386895666854, 12.780147488492725, 12.7123860932727, 12.767229424268676, 12.761599366399942, 12.730019847290936, 12.696882881094627, 12.82616017955442, 12.700758639371704, 12.758117845180273, 12.856496596304533, 12.870514891804142, 12.909548206691772, 12.797701446791912, 12.783926525410344, 12.959525784559643, 12.987922207744688, 12.82500337258559, 12.8344550585637]
fps.lt:[39997.07164015456, 38784.657225333955, 49499.769167763094, 34008.0934430468, 39513.68642047337, 49132.95714034836, 53232.43642200129, 51210.82790031357, 34908.30091234575, 45669.68753757724, 44383.61468812639, 49189.17475210303, 46884.3958865362, 66407.65480923731, 40722.284922888284, 34517.893425566355, 60434.84679506927, 33591.90022211208, 38311.030866771165, 46561.31017680273, 51248.44059952482, 42612.32570512339, 50315.88489397734, 38768.74153911408, 43947.85528806745]
fps.ltu:[5790.670596042481, 5491.221621771655, 8955.689742612602, 4207.132871586767, 5717.374773855546, 8749.743901026335, 10206.660742273258, 9604.362925636115, 4398.705772712328, 7563.76079308356, 7211.2193049450825, 8763.300427680491, 7925.802171736172, 16143.193841598322, 6047.662544570798, 4344.927111940216, 13342.05460473662, 4131.492608132752, 5392.659153863463, 7866.894364999542, 9481.12283788423, 6706.801711804708, 9324.89587606017, 5491.895679509815, 7012.860182070044]
fps.c2:[0.5838111506299808, 0.773099834816513, 0.821212165974224, 1.75495451822162, 1.548642305820106, 1.0413073952825327, 0.5815266747085535, 0.5527804709805907, 0.9469981102304076, 0.3702091666271973, 1.041924421782191, 1.398533836362868, 1.1751614944439701, 1.596990378433404, 1.8059495564637988, 1.5161052565491389, 1.2994448315024083, 1.460313134278193, 0.9720187131113115, 1.2783432365460035, 0.6895278901292271, 0.9535007533484828, 0.6585587593437333, 0.689934427468428, 1.9618696642161821]
FC:[[11.946059435953815, 12.154901940371335, 11.86176414658685, 11.847282680730622, 11.675789087269322, 11.839860494292397], [11.960726047687471, 12.0908630697716, 11.82950128850281, 11.70378685863679, 11.682026831023313, 11.779305031141536], [12.377722915554978, 12.126271302653915, 11.803630635979221, 11.854884013282156, 11.727912000859016, 11.841435075925304]]
FCE:[[0.54293705773846, 0.3551486985688234, 0.21525355866375198, 0.16283078428776454, 0.13397565809859935, 0.1187699275433217], [0.42247921312637926, 0.27376827497055134, 0.16570481739180468, 0.12314965516345813, 0.10505804819138287, 0.09192583299648334], [0.3811460784333656, 0.22833339607507577, 0.1368251271431367, 0.11036529929745163, 0.0878645650697102, 0.07703471777560662]]
