Ri:[100, 130, 160]
Zi:[50, 100, 200, 300, 400, 500]
fps.ts:[2669.909439997673, 8009.728319993019, 13349.547199988365, 18689.36607998371, 24029.18495997906, 29369.0038399744, 34708.82271996974, 40048.64159996509, 45388.46047996044, 50728.27935995579, 56068.09823995113, 61407.917119946476, 66747.73599994183, 72087.55487993718, 77427.37375993251, 82767.19263992786, 88107.01151992321, 93446.83039991856, 98786.6492799139, 104126.46815990924, 109466.2870399046, 114806.10591989994, 120145.92479989528, 125485.74367989063, 130825.56255988598]
fps.e0:[11334.357363763604, 11317.697274916924, 11328.654343021468, 11340.471535893203, 11342.171281594676, 11337.07170240485, 11326.471829023167, 11329.032896792927, 11353.051208253237, 11337.460444695384, 11359.323145962717, 11314.85233938487, 11327.221181300705, 11333.759198359568, 11323.431134299233, 11336.077382616342, 11318.932562815711, 11318.40793150264, 11310.969251875442, 11305.863090384515, 11281.45774318146, 11276.442567075035, 11301.241041741165, 11307.46741177296, 11294.36414213446]
fps.e0u:[8.937550526278946, 9.023663371106187, 9.046265920439046, 8.976654234400915, 8.928988320245647, 9.021813043243915, 9.08696254739909, 9.074877159293587, 8.978444029472588, 9.054918458471645, 8.979484270071266, 9.051466362271585, 8.993186701714187, 9.056007210152295, 9.128863945951363, 9.012639446166368, 9.123471461567856, 9.130171484303848, 9.185515801596093, 9.166758058156919, 9.090321457616435, 9.191510029601327, 9.19707843999269, 9.112126105402032, 9.19067347956921]
fps.lt:[4369.709474520166, 4509.508595751762, 4424.415312705453, 4413.83959436608, 4383.802500648129, 4432.5223021649335, 4463.898779388834, 4535.668064418741, 4371.51822966554, 4471.916736426189, 4374.58414818536, 4579.465582319966, 4519.8229650454405, 4468.037321109734, 4518.270636586015, 4448.539435059223, 4578.548564973318, 4575.1636607138435, 4630.205571555599, 4603.770030505894, 4743.807835179864, 4780.774229685424, 4660.897283563762, 4670.747966602811, 4735.879026498692]
fps.ltu:[46.90570859769316, 50.19070132576997, 48.39601534454711, 47.994452658616574, 47.01295163927232, 48.53949195090865, 49.74716939886935, 51.04698959989611, 46.92823593483762, 49.69289399507668, 47.157702706115074, 52.04251749203532, 50.390301624368135, 49.59837635288852, 51.214285304168975, 49.228108903867906, 52.51887900770781, 52.478657157515215, 53.7956200897256, 53.49406074892271, 56.49743000143196, 58.33770403408614, 55.19545621317277, 55.21061217428497, 56.70730504577283]
fps.c2:[3.0473954000931505, 2.2590911456637293, 1.521492025451014, 3.4029871135800556, 2.905436619157037, 3.20214813878098, 1.9841029536649883, 3.114468961544579, 1.8451661381875002, 2.0659402913224985, 2.0908371612628502, 2.078173355821275, 4.081727521639729, 2.6114998365664923, 2.776693588071269, 2.5864554217029085, 3.1677330100194436, 2.1181780983758816, 2.665596384159776, 2.668789685200328, 3.8922127620815825, 3.4922624919874155, 1.4711994568819386, 4.636350458576, 3.2372368221065555]
FC:[[3.726652000056147, 3.744623256316057, 3.8187405394949487, 3.9041324141790192, 3.9763208490170654, 4.050735131588549], [3.7929412737515724, 3.805195563707275, 3.8747377776236616, 3.948546316155121, 4.0179136926849015, 4.085521830986923], [3.910113851457083, 3.940481203459228, 4.003105573477661, 4.072706068035818, 4.139283542498692, 4.206816890197552]]
FCE:[[0.02288812242136345, 0.011961459275572002, 0.007579258532524701, 0.006032460979164088, 0.005303244622008022, 0.004748142386817733], [0.01817856201754576, 0.009366641080542361, 0.005782255388492176, 0.0047025755327254675, 0.004040062065767152, 0.003701028976156882], [0.015317114116523759, 0.007838906161843288, 0.004941123592715966, 0.003916230695984544, 0.0034487460114283946, 0.003162473347773435]]
