Ri:[100, 130, 160]
Zi:[50, 100, 200, 300, 400, 500]
fps.ts:[3030.811240000725, 9092.433720002175, 15154.056200003624, 21215.678680005076, 27277.301160006522, 33338.923640007975, 39400.54612000943, 45462.168600010875, 51523.79108001232, 57585.41356001377, 63647.03604001523, 69708.65852001667, 75770.28100001812, 81831.90348001957, 87893.52596002103, 93955.14844002247, 100016.77092002392, 106078.39340002536, 112140.01588002683, 118201.63836002827, 124263.26084002972, 130324.88332003116, 136386.50580003264, 142448.12828003406, 148509.75076003553]
fps.e0:[10844.313406793563, 10854.296613367707, 10867.678310740152, 10870.70140375803, 10848.053315078916, 10862.489116776202, 10864.834255976602, 10850.65661084166, 10843.771656452009, 10849.958907142252, 10856.593105378442, 10843.272661793597, 10873.605556668601, 10862.116520775091, 10857.726646695322, 10854.752799537675, 10858.804711437968, 10850.22789485286, 10854.476113012277, 10851.757757923955, 10862.874926779876, 10851.30559995194, 10855.092196835267, 10861.230891554342, 10863.846983298425]
fps.e0u:[9.28638722142591, 9.317358272972905, 9.21658319748929, 9.252900534898528, 9.324174472797349, 9.28219767020279, 9.27674986626852, 9.289384392909536, 9.349114576842858, 9.281721436177962, 9.251606873804556, 9.25526357859547, 9.280139857993966, 9.316086692562047, 9.25771041272701, 9.359671000960098, 9.330710142799704, 9.294294839759335, 9.35291339626853, 9.319794403171022, 9.206877746207223, 9.358110757432609, 9.264031071931278, 9.298679573719456, 9.359895611468364]
fps.lt:[3232.2050317669514, 3194.4580113662028, 3202.9738208662056, 3141.232552097549, 3210.5757588033434, 3193.2100312056573, 3169.090216855533, 3228.2180750034695, 3234.9973033380265, 3220.495664088471, 3217.4777175060904, 3242.4822568739773, 3163.591081233439, 3198.1096941555184, 3215.7576190044233, 3242.2953188261795, 3206.8210631312677, 3227.7787328459553, 3192.518942922586, 3232.491842660941, 3214.0532391003594, 3236.765372544205, 3228.7836812565365, 3226.4237996054503, 3243.180049401631]
fps.ltu:[28.206980038348906, 27.43038114016615, 27.332864912645384, 26.512301267530866, 27.776958550105462, 27.331127783504662, 27.00392607917464, 27.889293151014787, 28.36368250509662, 27.85323422642627, 27.845161632006405, 28.18719510424429, 26.864073894714757, 27.480617757466607, 27.64311365074606, 28.354440322682937, 27.710966982190243, 28.063943654202383, 27.57085359858327, 28.22329366636134, 27.566879306897977, 28.334164862345027, 28.041383407247217, 28.052824147575514, 28.49181728223159]
fps.c2:[2.165790293759003, 3.0647142261105307, 2.2151699815816737, 2.238540815797133, 2.4654574040708583, 1.557693661639908, 2.6970362440709303, 4.100579582822892, 2.9669783448086093, 2.2144592674536248, 2.2295677868616535, 3.157633296160773, 3.8797297405767144, 1.8271270546566938, 4.00632948873615, 3.3310770756213994, 3.2475597557653426, 1.8477366929518366, 1.299180241669069, 4.152033342690243, 3.2960638987629554, 1.5227140507062296, 1.916637782715539, 3.118864323496244, 2.2178888034400512]
FC:[[3.745418684497575, 3.731833427267835, 3.8266685800194677, 3.918651091180485, 3.999697931687623, 4.085731285577752], [3.7492195156418853, 3.7665201837901283, 3.862715595546543, 3.9531652142088056, 4.040444481592651, 4.125672911999722], [3.8245512473429, 3.8554658627285927, 3.9547172358785425, 4.05565974083715, 4.1420049722246866, 4.222478105015561]]
FCE:[[0.02404940074826129, 0.011699946224574093, 0.007514681824949391, 0.006153525908760087, 0.005303896945602633, 0.004743627051079334], [0.018725855128859947, 0.00912504897549749, 0.0058052239887448984, 0.004750768577701201, 0.004111416396363405, 0.0036792938265552315], [0.01587684314026479, 0.007671895680840726, 0.004859609483171091, 0.003807290931187141, 0.003369346598656029, 0.0030887865152815536]]
