Ri:[50, 100, 150, 200]
Zi:[100, 200, 300, 400, 510]
FC:[[4.903758407909, 4.740902469138589, 4.828981870955982, 4.846586373107425, 4.820708410792852], [8.567786262998874, 8.58436369095821, 8.654603989259352, 8.631432661611035, 8.628842262300298], [11.216753403245917, 11.420767073233904, 11.423839962340615, 11.456191543798608, 11.484408167559181], [11.919118383831497, 12.172451405740238, 12.16966320802038, 12.210464711108898, 12.235140987942234]]
FCE:[[0.1022885945052961, 0.06909503201060706, 0.05659306797108149, 0.05067245270202567, 0.04419547327116696], [0.09603485357746877, 0.06533465435560093, 0.05288023867473052, 0.04474236856989964, 0.03896410751556777], [0.1251430716170668, 0.088654467610546, 0.06947390699568953, 0.05922162819928008, 0.051845399616670534], [0.1401971358427123, 0.10014894560986119, 0.07822409746794137, 0.0667714398201407, 0.058381686148164885]]
fps.ts:[1615894672.0836802, 1615895375.09304, 1615896078.1023998, 1615896781.1117601, 1615897484.12112, 1615898187.13048, 1615898890.1398401, 1615899593.1492, 1615900296.15856, 1615900999.16792, 1615901702.17728, 1615902405.1866403, 1615903108.196, 1615903811.20536, 1615904514.2147202, 1615905217.22408, 1615905920.2334402, 1615906623.2428002, 1615907326.25216, 1615908029.2615201, 1615908732.2708802, 1615909435.28024, 1615910138.2896004, 1615910841.2989602, 1615911544.30832]
fps.e0:[10657.853466488763, 10638.466321404268, 10701.248805151181, 10766.472993027668, 10648.05946021519, 10698.938731154805, 10706.020189753373, 10679.422176601953, 10744.179301727461, 10660.50998391155, 10770.05240896305, 10707.087054634309, 10703.287319465313, 10676.117836458383, 10637.513677304927, 10670.165732863921, 10743.277448593746, 10658.42882966189, 10675.524699263526, 10657.79643534454, 10668.351578973698, 10672.339215119511, 10673.700298473612, 10685.179463161314, 10636.8531128017]
fps.e0u:[40.72661036157198, 40.20731364878307, 39.65590148755185, 39.164535317993725, 41.302072555437555, 41.008175345363505, 40.232788974846784, 40.00680654703448, 39.8710055338866, 41.17779355651755, 39.33322561281342, 40.65044582220976, 41.108481280730494, 41.04779039333817, 40.11339963629103, 39.92463554687378, 40.13652423994401, 41.38958273652775, 41.23207233727277, 41.18881584523059, 40.5957939392134, 41.346894674584945, 41.12464399299482, 40.98033937346993, 41.3074913215978]
fps.lt:[20820.7953743268, 22424.661292673834, 16014.785183200964, 14792.794506078159, 25713.3074640238, 17508.485072354655, 16665.188665693517, 16860.903421959858, 17036.82345531654, 20949.735710658333, 15274.33291704388, 15406.35532609962, 15785.08799454379, 21272.323654977885, 26095.696769151287, 20571.80505080727, 16649.842271056652, 24210.934417931454, 18484.857234303818, 22317.947764072604, 18569.74885392259, 19862.09122626855, 19679.303353043928, 17681.221064805875, 23440.354938881028]
fps.ltu:[5007.467688835317, 5763.2304989029635, 2866.5130769933985, 2452.7128069986725, 7635.917522576824, 3506.5671119021304, 3167.9129969712235, 3196.3117271951814, 3257.9544850691827, 5045.071255793822, 2594.4315295663923, 2724.037607680397, 2933.4783683539154, 5292.152918392179, 7667.09431135528, 4744.645821661493, 3132.8785131636746, 6833.731727909228, 3979.441264892438, 5734.605783466589, 4006.916461847326, 4618.659881973539, 4466.202584222894, 3649.0958886183967, 6347.301016562553]
fps.c2:[0.779800524657571, 1.6497374384641919, 1.1023980263098636, 1.133398184828715, 0.6619274845054756, 1.0102715261098305, 1.5514014456322078, 0.9980541383318389, 1.577771429961376, 1.0697677075273255, 0.9659477591176824, 1.9312775446156023, 0.9254305748354305, 0.883527281727939, 0.8409488441393222, 1.3878137742016712, 0.7536795869057185, 0.9936453203444466, 0.9022628256955668, 1.1919458485108287, 0.5423588476220157, 1.1420540695778256, 1.0113257495827273, 0.7115981201520327, 1.0080544004072118]
