Ri:[50, 100, 150, 200]
Zi:[100, 200, 300, 400, 510]
FC:[[4.059730268634144, 4.066721273041054, 4.091186471845654, 4.107813622287723, 4.142919909637267], [4.122564711153566, 4.149762492370514, 4.1938963407954, 4.22132164270911, 4.237400492042423], [4.2598256766000056, 4.306778796736084, 4.347647627746797, 4.381545637366999, 4.398318401012843], [4.868926366227255, 4.941458634007783, 5.010890845607103, 5.048583205247687, 5.060250295484508]]
FCE:[[0.05418298043319466, 0.037682926362671766, 0.030980576339175975, 0.026473597780320258, 0.023394947275467308], [0.028282059946727535, 0.01949500272873577, 0.015892674834919553, 0.013656856854845576, 0.012022177610653552], [0.019693334548617603, 0.013575306388242324, 0.010964254721361215, 0.009425902896575229, 0.008286337033034604], [0.018491161989377607, 0.01270213037193491, 0.010292791045046363, 0.008888266352690626, 0.007835729273530158]]
