Ri:[100, 130, 160]
Zi:[50, 100, 200, 300, 400, 500]
fps.ts:[1879.6444799995422, 5638.933439998626, 9398.22239999771, 13157.511359996795, 16916.80031999588, 20676.089279994965, 24435.378239994046, 28194.667199993135, 31953.956159992216, 35713.245119991305, 39472.534079990386, 43231.82303998947, 46991.111999988556, 50750.400959987644, 54509.689919986726, 58268.97887998581, 62028.267839984896, 65787.55679998398, 69546.84575998306, 73306.13471998215, 77065.42367998124, 80824.71263998031, 84584.00159997941, 88343.29055997849, 92102.57951997756]
fps.e0:[10870.64728000652, 10856.429515341451, 10861.849798693596, 10846.611952663605, 10867.467259770641, 10872.225820013558, 10857.29871515411, 10873.430467572596, 10882.995055320716, 10880.823090036654, 10856.904312463168, 10873.368228043793, 10874.108768084869, 10859.665949900735, 10864.937171185195, 10880.849757374926, 10864.515479848127, 10861.219246985269, 10881.69629893891, 10888.036310955433, 10883.841839409733, 10873.384371699249, 10869.300518770562, 10867.60547276249, 10849.39057479144]
fps.e0u:[11.743576398745832, 11.371543226720268, 11.36013639370897, 11.323578603687421, 11.28689130499076, 11.25351797189761, 11.22290019056959, 11.231917924546178, 11.205705991736735, 11.312857233051137, 11.379380799049391, 11.254722147818661, 11.109681141203954, 11.331514539699079, 11.23442061390566, 11.1972739821553, 11.306698643715926, 11.278892563045137, 11.224205712064183, 11.195292619520439, 11.236072180965861, 11.30652869939239, 11.279060829291861, 11.418120809625938, 11.446507004928861]
fps.lt:[9494.81811804263, 10223.71017112756, 10036.449165379876, 10461.72002405869, 9942.976369318749, 9880.650311199572, 10162.497803957573, 10095.156237284464, 9760.619577705276, 9806.502391859125, 10471.65733702151, 10309.931818952888, 10045.38751083497, 10564.515598851309, 10069.075445798626, 10124.01146526786, 9960.777647291574, 10178.368700676592, 9795.410977790509, 9961.884327495194, 9975.889350727142, 10164.884866320415, 10398.679902934566, 10335.802678117512, 10924.794214248717]
fps.ltu:[293.2717703505595, 329.4984253833918, 318.1281239228292, 344.5788062013446, 308.8673688735422, 304.5137822128339, 321.6584081849629, 316.3828089201432, 295.8783456918099, 301.0143427909116, 344.4061941781016, 331.20524017436395, 311.54130966143384, 347.8110208874387, 315.0370753650654, 315.8668162990939, 310.83851562987417, 323.89978990174194, 299.5875803470652, 306.5469346608209, 309.4586286903817, 322.92333577443856, 337.56201682170826, 336.5814519829617, 374.3559921785605]
fps.c2:[1.0095300763164003, 2.001437089339953, 1.2110747319370208, 1.1458722039765263, 1.0431946839220498, 2.006623979465545, 1.5932903840906358, 0.7541521061011606, 1.8170435527906283, 2.3160547743278075, 0.7248775210399198, 1.6200501137681216, 2.3052551716534455, 1.2166370056310112, 0.739614569528629, 1.2408501190186265, 3.255592806937526, 1.4316865295425418, 1.0907851839579978, 1.634920751515205, 0.9332028219226175, 0.9091633245342716, 2.094576629947368, 0.9846802841712362, 1.7624892767048612]
FC:[[3.87842060167091, 3.8689708394778473, 3.8815434433856746, 3.9063985256735423, 3.9314835251450435, 3.9599638069608836], [3.90269707301567, 3.8952464061810956, 3.917394855053152, 3.94233309514148, 3.96999215981168, 4.001387549532084], [3.9974208150141464, 4.013626759769492, 4.033642279918304, 4.05828340002153, 4.091309632383144, 4.1241608116842166]]
FCE:[[0.026507120332784854, 0.01582844369958885, 0.010226026394218482, 0.007867237811608337, 0.006665078584923124, 0.005895797530887139], [0.02052369361311988, 0.012280866269847873, 0.007734356768760995, 0.006106190317488285, 0.005193782931799876, 0.004608184948533077], [0.01694407262502121, 0.010155614929328097, 0.0065519878360435335, 0.005171569526263217, 0.004416924563295317, 0.003930137337314501]]
