Ri:[100, 130, 160]
Zi:[50, 100, 200, 300, 400, 500]
fps.ts:[581.0149199962616, 1743.0447599887848, 2905.074599981308, 4067.104439973831, 5229.134279966354, 6391.164119958878, 7553.193959951401, 8715.223799943924, 9877.253639936447, 11039.28347992897, 12201.313319921494, 13363.343159914017, 14525.37299990654, 15687.402839899063, 16849.432679891586, 18011.46251988411, 19173.492359876633, 20335.522199869156, 21497.55203986168, 22659.581879854202, 23821.611719846725, 24983.64155983925, 26145.671399831772, 27307.701239824295, 28469.73107981682]
fps.e0:[8020.204458308217, 7975.3696888502645, 7974.005404660335, 7995.8527279581795, 7988.8947129296275, 7972.267531000548, 7964.171207531326, 7905.256883341189, 7935.633036718157, 7939.649080491952, 7940.00268864388, 7926.008620317387, 7906.239392497553, 7991.508137749278, 7921.83426099626, 7924.462414224156, 7928.369040494585, 7921.140388767507, 7977.298785627426, 7986.175959587529, 7897.231602649385, 7965.561486029677, 7902.001436351419, 7982.913901056772, 7944.227067550115]
fps.e0u:[25.154727411517516, 24.89954817459866, 25.848437027740257, 25.215758021033412, 25.248926337044345, 25.301966798824417, 25.53876146609045, 25.78798891697481, 25.984295179782798, 25.347770578360063, 24.99106026063937, 25.93086796860863, 26.06273218232051, 25.792771276030475, 25.3163153688867, 26.518661534195047, 26.208659878065166, 25.43501832842521, 26.22838493092625, 24.754937207866966, 25.657489226845026, 26.441510605692862, 25.778668560875893, 25.44402471994981, 25.53403888619525]
fps.lt:[5025.348587284869, 5313.073913157249, 5230.242886197602, 5179.572941708386, 4971.313816280724, 5205.922213783473, 5367.7350682204815, 5888.826558049134, 5546.195586274425, 5446.578227843583, 5425.201325538759, 5642.1415405242, 5752.33285060022, 5024.474910101114, 5618.23498395674, 5581.305424285424, 5480.020336843485, 5545.4889273967665, 5203.049486466573, 5038.5672369219965, 5785.786743902664, 5231.498418854456, 5713.86151013545, 5052.767838172649, 5310.360913663336]
fps.ltu:[216.48392290740404, 243.14887146908862, 242.01383043444375, 233.5501271813589, 214.46514171066997, 236.49694969941393, 252.07663820995427, 304.9916418587739, 274.03584364552677, 260.3470223045999, 253.33194523838725, 283.2608008096257, 295.06465457152444, 223.27888728306803, 275.366753110577, 278.04951387520606, 269.1067904569061, 270.59969209155776, 242.03044302131187, 216.5864057831414, 294.9014277565369, 246.90182645418784, 290.63826010670664, 224.8846741738968, 248.17486432796724]
fps.c2:[1.6796033065349205, 0.9134202642830375, 1.5702744937153663, 0.7567260011958615, 0.5863409677934663, 0.8957670155090723, 1.3051696872912033, 1.407158221860026, 0.838548251202666, 1.7913218381517928, 1.4799826102322566, 0.7727224813332642, 0.6701903002632019, 1.1015428859907237, 0.8907588126009688, 1.065850440826294, 0.697213748655543, 1.7126704585959613, 0.50852293134028, 1.120291822535836, 0.9928290860894511, 1.435462485129834, 0.6542578581072267, 0.37735754717702186, 0.6515268519443013]
FC:[[1.2927636679114871, 7.330590246547134, 9.317617322188749, 5.2884493763013225, 6.271910741338794, 5.945368233806238], [1.2927649682286921, 7.330627308044903, 5.848735094574821, 5.308667478908104, 6.292064727912521, 6.021071216060093], [1.2927606712665578, 7.330641664474241, 5.848711905822799, 5.308654379782175, 6.292064710652264, 6.021070182520713]]
FCE:[[0.3245929919565455, 9.111226637866094, 7.294404544064492, 0.8739895196757487, 1.0593097187268783, 0.7102977680393727], [0.32458817704711374, 9.110210462298584, 1.6088644046595688, 0.8807969391291003, 1.0674443448709598, 0.7342849787022416], [0.3246006417832782, 9.109716334661018, 1.6089717009363398, 0.880856799575635, 1.0674471781667405, 0.7342782041326945]]
