Ri:[100, 130, 160]
Zi:[50, 100, 200, 300, 400, 500]
fps.ts:[1294.5280200004577, 3883.584060001373, 6472.640100002289, 9061.696140003203, 11650.75218000412, 14239.808220005034, 16828.86426000595, 19417.920300006866, 22006.97634000778, 24596.0323800087, 27185.08842000961, 29774.144460010524, 32363.200500011444, 34952.25654001236, 37541.31258001327, 40130.36862001419, 42719.4246600151, 45308.48070001602, 47897.536740016934, 50486.59278001785, 53075.64882001877, 55664.70486001968, 58253.7609000206, 60842.81694002151, 63431.872980022425]
fps.e0:[10719.269776059564, 10705.598476731357, 10730.359459526202, 10745.74604442128, 10741.753392116012, 10731.083589545471, 10753.103795272293, 10759.750483871194, 10732.375259575596, 10763.711444034783, 10773.874685095738, 10767.995375755945, 10764.220063057874, 10772.491200023758, 10786.165425514479, 10768.850802433106, 10771.423154446018, 10805.317372313686, 10788.38208267427, 10796.92583746243, 10788.300254590526, 10795.169771582567, 10772.385514929805, 10800.48973778542, 10793.111637738224]
fps.e0u:[14.011815954184389, 13.957729234448335, 14.070113931674253, 13.824169909912209, 14.23869459630048, 14.00883681440174, 14.07906196636137, 14.186847309346716, 14.10924332044594, 13.941487993921626, 14.098589150390755, 13.994765661753927, 13.912127106328603, 14.292806559462663, 14.04377474672009, 14.115663657622179, 14.224263308675852, 14.007091292654975, 13.988494056470927, 14.003634792342673, 14.13052760609532, 14.254230107937484, 14.066201637360946, 14.12831208208064, 14.122905268462077]
fps.lt:[10783.687975590741, 11191.152654472935, 10982.358247803964, 10394.445530296367, 10710.507375314515, 10541.50592328412, 10401.456244764722, 10211.319475166885, 11096.45618883736, 10219.702228720633, 10163.967097722467, 10537.670231794278, 10506.073127969275, 10818.378903751036, 10054.65407927258, 10866.368467429193, 10236.455369694953, 9543.415697551687, 10727.161753074408, 10086.980159123223, 10413.778330955163, 10295.107568897878, 11055.982008680374, 10163.71661528483, 10535.344798188335]
fps.ltu:[453.3167425727928, 490.22384111675404, 471.8149280791969, 421.38391212182296, 454.2060821554085, 436.8377721146317, 423.864148392562, 411.24627083484984, 486.48429890516996, 407.0622186534369, 403.2401339432651, 433.1511233441143, 429.3549464240437, 460.94679403171375, 393.0395861364419, 464.54034879471527, 414.5461056191064, 356.08441249979927, 447.0716566591403, 396.8436115215038, 425.3633371853984, 420.2942564377428, 479.60963378501043, 404.41423786189534, 433.6206194593006]
fps.c2:[1.1086362779612722, 1.1545648703208493, 2.151425721113266, 1.87055011913515, 1.6909117683966968, 1.5132624020686474, 1.6086596502386432, 0.8988358207863187, 1.4136169377792691, 1.7807171355459899, 1.6085957189796265, 1.410844868084772, 1.682163272094132, 1.7976106612998173, 0.9559070770728112, 1.3735374982848678, 1.707134911798658, 1.528011184150206, 1.385915080716327, 1.0108040814117176, 1.1922107788669165, 0.9219519159085668, 1.3632401686632558, 0.944737061006392, 1.3011733689185525]
FC:[[3.889850940971837, 3.882308129588407, 3.895472247957078, 3.9187018084601695, 3.9448885606658965, 3.9759276148612748], [3.908955318586605, 3.911462678942605, 3.9351554729766676, 3.962919649368468, 3.9919437316279804, 4.02104650867703], [4.022101761119899, 4.036008576428008, 4.059101426624813, 4.0898760090066455, 4.123482005422755, 4.153848645170474]]
FCE:[[0.03339965533918495, 0.019820300559161962, 0.012958244785099444, 0.01021243710340665, 0.008658995654816174, 0.007640159527925357], [0.02583943538451048, 0.015349474671973463, 0.01002606765951757, 0.007916887780385089, 0.006734135785578232, 0.00594926758095417], [0.021910021372265238, 0.01304860112633941, 0.008504897732677055, 0.006566942895895225, 0.005602746525767298, 0.004843674235518859]]
