Ri:[50, 100, 150, 200]
Zi:[100, 200, 300, 400, 510]
FC:[[3.9301364401796497, 3.9518593543566904, 3.971578096910338, 3.989943965965798, 4.024778451974777], [3.9245861932451165, 3.9662730830982897, 3.9943714443917604, 4.015777600740121, 4.047796393379467], [4.034271286293871, 4.072510218738901, 4.111566604857881, 4.137002206100183, 4.168863611691149], [4.351993284494053, 4.402810263247456, 4.452627351766939, 4.4891669108009795, 4.522211474136868]]
FCE:[[0.02805033164697365, 0.01957243481144335, 0.015902980625522565, 0.013818227265025277, 0.012258364847558913], [0.014020006766003913, 0.009491699669187822, 0.007681370514305272, 0.006636103374875449, 0.005873799555300811], [0.009575061535105758, 0.006556445234414223, 0.005263635007843802, 0.004536074670964399, 0.0040131382364319654], [0.00815103947130314, 0.0055524898423839324, 0.004489866369713164, 0.0038692654961940743, 0.003421580035272472]]
fps.ts:[1622033890.23036, 1622037365.02508, 1622040839.8198, 1622044314.61452, 1622047789.40924, 1622051264.20396, 1622054738.99868, 1622058213.7934, 1622061688.58812, 1622065163.3828402, 1622068638.17756, 1622072112.97228, 1622075587.7670002, 1622079062.56172, 1622082537.35644, 1622086012.1511602, 1622089486.94588, 1622092961.7406, 1622096436.5353203, 1622099911.33004, 1622103386.1247602, 1622106860.9194803, 1622110335.7142, 1622113810.5089202, 1622117285.3036404]
fps.e0:[10729.337620700884, 10732.855677553598, 10752.26674450243, 10759.343689017058, 10728.712084076431, 10744.413096047118, 10759.646536001066, 10731.199032255281, 10730.587703584377, 10736.675185728212, 10745.785359489686, 10741.477857756208, 10749.159774394198, 10758.4532061504, 10792.070471420177, 10766.266898080432, 10745.12061705145, 10740.78942437183, 10717.027185511428, 10735.48584205289, 10737.467232535048, 10737.321719684063, 10714.765974913978, 10746.876646190105, 10751.451976202026]
fps.e0u:[13.690810280294167, 13.644092525896042, 13.785038299187294, 13.577108842288352, 13.759068256868527, 13.980621071740067, 13.659593652419368, 13.70282580469953, 13.722700142753245, 13.734445059503292, 13.735738572931487, 13.680878523875663, 13.569666584020885, 13.59469470858994, 13.528350935187328, 13.599688732391966, 13.587454304949638, 13.736353414431663, 13.662866145515684, 13.669177162879803, 13.58437229815042, 13.514847188025808, 13.669731115348752, 13.61521066399525, 13.783176080324317]
fps.lt:[20645.089403238537, 21105.588426275353, 17775.62767448664, 18479.922480734458, 20334.49341153965, 19749.25963929603, 17449.427041995452, 21255.143257195654, 21901.742425448934, 19692.731767170655, 19709.643653586438, 18948.96862175292, 20637.226193667902, 18191.116823147902, 15854.282595843639, 17747.49811899058, 19803.029477077805, 19828.594837642107, 21631.431123934184, 20347.295216004957, 20022.85477274902, 20448.500640698032, 22163.37248653793, 19991.27760233933, 18665.754653103937]
fps.ltu:[1630.117996580489, 1697.2210267964451, 1215.9312282485898, 1300.9267050147607, 1591.7387165628115, 1517.7762271487165, 1165.5927618661246, 1729.4877933488185, 1849.1709767147065, 1485.5824787735392, 1490.6463446373334, 1375.996429940369, 1614.620541396388, 1261.6405485126786, 955.0846084699529, 1203.1044582122654, 1494.0248018011898, 1506.345205125611, 1782.7277653887559, 1585.0551683318588, 1527.7158763358523, 1593.5082554242915, 1873.9866421017753, 1519.6969535005255, 1348.9694444825918]
fps.c2:[2.531794913960774, 2.013112052327033, 1.8861394671518603, 1.8398735704822444, 3.0338037573153356, 1.3108958537769435, 1.3459181822075001, 0.5773136809918157, 2.2970657561327137, 1.0616723489134654, 1.4162205607107305, 2.2082631839195015, 0.8226785101226646, 2.38846812234442, 2.674681545211868, 2.3865655199924256, 1.6866218664082715, 1.599712401478596, 1.5384474338327452, 1.6618370773337992, 0.7005750450283965, 1.8906716017151066, 2.351790690086155, 1.7465346172147205, 2.117006091914043]
