Ri:[100, 130, 160]
Zi:[50, 100, 200, 300, 400, 500]
fps.ts:[1674.3372599983215, 5023.011779994965, 8371.686299991608, 11720.360819988251, 15069.035339984894, 18417.709859981536, 21766.384379978183, 25115.05889997482, 28463.733419971468, 31812.40793996811, 35161.08245996475, 38509.7569799614, 41858.43149995804, 45207.10601995468, 48555.78053995132, 51904.45505994797, 55253.12957994461, 58601.804099941255, 61950.4786199379, 65299.15313993454, 68647.82765993118, 71996.50217992783, 75345.17669992446, 78693.85121992111, 82042.52573991776]
fps.e0:[10860.751832283488, 10874.119629113817, 10868.993136419951, 10889.093897565337, 10887.884950625303, 10870.83317720724, 10879.756945428848, 10880.834587723824, 10897.571092640483, 10855.271742210065, 10885.431244608266, 10871.27139005744, 10858.199025695347, 10864.653311569939, 10861.659616606717, 10875.405316671851, 10889.818421510348, 10872.505689614289, 10851.736768512174, 10853.61574165666, 10830.47260519614, 10855.626705577924, 10860.659491342454, 10851.760185980007, 10838.672587186818]
fps.e0u:[10.368675552998122, 10.348541286352297, 10.414221682229204, 10.379196392708476, 10.372476816208819, 10.274566829790501, 10.325062821959918, 10.376733856150903, 10.355393179431806, 10.351222419545651, 10.504500806949691, 10.640528322555106, 10.343626961318678, 10.365171567289774, 10.378588821024708, 10.381436089837951, 10.385021915539502, 10.394942766902336, 10.39684329695591, 10.412043158801033, 10.473811865024619, 10.364058940341817, 10.43225038101273, 10.572481380543506, 10.43590117526556]
fps.lt:[6212.182483060335, 6104.136791075178, 6050.448956251779, 5960.093025298083, 5901.04920820424, 6092.578598702745, 6083.140529766542, 6053.563549712787, 5870.45844182951, 6260.43446009995, 5915.711367847093, 6062.843790734754, 6314.826876861501, 6151.413854602404, 6262.8129317539315, 6089.606155418119, 6009.141210808239, 6147.336210420536, 6325.638573165214, 6394.601980207472, 6559.476711884661, 6236.584105166816, 6189.220183115562, 6334.667993438356, 6375.359711672856]
fps.ltu:[109.63604790720056, 105.54790514414411, 104.21753712778576, 100.88962885113966, 98.69064742702813, 104.75327292562305, 104.12407788746596, 104.00068568525293, 97.64778949056314, 110.76464688782562, 100.14018467427043, 106.71754539203113, 112.80193086743914, 107.15868025002025, 111.68683320547046, 104.91861155439841, 102.10014418822003, 107.07763881101354, 113.57997109215346, 116.40852053185978, 122.74778575386634, 110.25559792956535, 109.43019006657886, 115.75953933924063, 116.28069983425742]
fps.c2:[2.560898048755656, 3.1808629531082864, 2.54080147418505, 1.5119503482816823, 1.6287140135785145, 2.1451284565512436, 2.5555876549570113, 1.9619730715829673, 4.122205921693652, 2.850087014756276, 2.3933241977499273, 2.3797084824340056, 1.6984361590912724, 1.4406790186500966, 1.8225164696175442, 2.414102683865807, 2.1184611269474685, 2.8094193332530355, 2.776628476953376, 2.4905396304233367, 2.472724190803591, 2.890807214655804, 4.202070158363278, 3.253599112234135, 2.0001742827115034]
FC:[[3.7766398473060487, 3.795981818008414, 3.842305174868568, 3.888927716041475, 3.93553420853791, 3.990589049958433], [3.813803506086254, 3.839292529532149, 3.8945751786070844, 3.936575160583443, 3.984928551766026, 4.038073204616035], [3.954591491816909, 3.9702575690530693, 4.030226286312703, 4.0738994764638825, 4.119783608820184, 4.17436552191761]]
FCE:[[0.027623026192384135, 0.014865016058824596, 0.009259698775732883, 0.00717532092115484, 0.006067970527073967, 0.005253464056752736], [0.021766484283712625, 0.011602234315458156, 0.00717410360534597, 0.005559977385980246, 0.004712726430506821, 0.004081313515806918], [0.01897729257258424, 0.009894690900508185, 0.005938115426124223, 0.004615712318469106, 0.0039111009878834025, 0.003395671588187444]]
