Ri:[100, 130, 160]
Zi:[50, 100, 200, 300, 400, 500]
fps.ts:[1741.29992000103, 5223.89976000309, 8706.49960000515, 12189.099440007209, 15671.69928000927, 19154.299120011332, 22636.898960013386, 26119.498800015448, 29602.09864001751, 33084.69848001957, 36567.298320021626, 40049.89816002369, 43532.49800002575, 47015.09784002781, 50497.697680029865, 53980.29752003193, 57462.89736003399, 60945.49720003605, 64428.09704003811, 67910.69688004017, 71393.29672004223, 74875.89656004429, 78358.49640004634, 81841.09624004841, 85323.69608005046]
fps.e0:[10980.34981546793, 11001.465209986936, 10996.704163842807, 10977.1390341723, 11013.654004148442, 10975.302234351982, 11018.25720773629, 10958.163276229265, 10949.601382693225, 10999.221976326395, 10974.737670315755, 10995.659258855812, 10977.635415687753, 10980.56804958799, 10958.852616988808, 10972.405276696632, 11001.973545449095, 10976.544230721756, 10989.105548864422, 10992.600647851914, 10960.22200497146, 10983.465989122988, 10960.750799282836, 10952.866503043555, 10963.294469924707]
fps.e0u:[16.227217695224024, 16.294465930672416, 16.188142599306303, 16.12849012582093, 16.22037255903209, 15.982975214632852, 16.356455874410603, 16.172407983917132, 16.380395552359445, 16.084200843945784, 16.205956288562685, 16.016379814733405, 16.105909964429813, 16.01916555292439, 16.20398383872037, 16.11807293356338, 16.146090768789506, 16.03793399921492, 16.14514913269658, 16.079871335876817, 16.16148764980236, 16.20208473244799, 16.205680483463222, 16.071184560027504, 16.239803504803096]
fps.lt:[12762.075702824814, 12034.756288703455, 12131.961884425644, 12331.256256087545, 11979.914524905873, 13079.70973415267, 11280.56151644537, 14580.227271687598, 13827.7529693293, 11831.839260020539, 13519.527204594366, 12213.489893297503, 12525.192868933622, 12569.172777605532, 14638.742520410497, 13447.08757573146, 11494.686045542168, 13485.19639660356, 12454.439682616105, 12998.753421602134, 13362.782356137519, 13632.066940686367, 13596.364130400556, 13312.701083817647, 13869.136449485313]
fps.ltu:[716.9216329950265, 638.6404809344654, 649.630082143307, 665.2198940503248, 629.1434311430467, 743.6104837304106, 565.3387471886583, 929.6501061270554, 852.2799086850971, 609.9143551668358, 795.2733458278962, 646.3488922827717, 689.2948464610347, 688.5041738177379, 941.8752691588618, 795.0903321281271, 579.7672321602004, 789.4428672868773, 683.5364313827766, 738.8985719588474, 787.2902310361131, 811.2300052013343, 814.1795607043508, 780.5049877446763, 845.4715400969878]
fps.c2:[1.5780868296127026, 1.7294238868050398, 1.5354497974916559, 1.039525278150712, 0.4649311170370176, 0.9227274585689885, 1.7970135142800672, 1.1802231293677645, 0.9220702327627343, 1.5842682191582265, 2.1874785114764856, 1.3197280350595695, 1.0436040960858526, 1.2640073703189192, 0.9252967716076147, 1.1226059776895432, 3.152851745584425, 0.7981933301343607, 1.030929377696071, 0.7979020593072282, 1.412754436788094, 2.107383553886223, 0.7405248528449369, 1.9494510328392638, 2.3734231295640673]
FC:[[3.866806868425852, 3.933837509261651, 3.9113313919023613, 3.9430144128458005, 3.959479409375395, 3.981488605276025], [3.8715629544027395, 3.946649021673389, 3.9429299159078717, 3.986476898869046, 4.007000178223693, 4.029530137341229], [4.020557150402421, 4.064749307944326, 4.071639557954283, 4.111152109241048, 4.136378517478505, 4.162203851530347]]
FCE:[[0.03576169748198545, 0.023082641560503315, 0.01509572228766696, 0.011947024184244828, 0.010078958010808232, 0.008838691023220767], [0.027110207668314974, 0.01758259003920811, 0.011587179748636187, 0.009006054714059205, 0.007622360664927358, 0.006688855452798495], [0.022442745067862795, 0.014184356596664043, 0.009384693450484106, 0.007452920862042977, 0.0063304147730679034, 0.00556994876505598]]
