Ri:[100, 130, 160]
Zi:[50, 100, 200, 300, 400, 500]
fps.ts:[1711.5803799962998, 5134.7411399889, 8557.9018999815, 11981.062659974099, 15404.2234199667, 18827.3841799593, 22250.5449399519, 25673.705699944498, 29096.866459937097, 32520.027219929696, 35943.187979922295, 39366.3487399149, 42789.50949990749, 46212.6702599001, 49635.83101989269, 53058.9917798853, 56482.15253987789, 59905.3132998705, 63328.47405986309, 66751.6348198557, 70174.79557984829, 73597.9563398409, 77021.1170998335, 80444.27785982609, 83867.43861981868]
fps.e0:[10766.16102514866, 10762.98783117509, 10765.715668954716, 10765.120286846712, 10789.422274696508, 10767.672368630241, 10812.337601905681, 10778.053374811812, 10770.62242053382, 10769.659163087594, 10767.958739491676, 10771.450506958221, 10800.512314206864, 10801.291054064064, 10774.529372687353, 10816.435033743377, 10787.337440764228, 10763.24486846499, 10764.94377480154, 10782.88919403176, 10789.05638165936, 10796.576662503612, 10760.248053973812, 10776.573456949682, 10790.915076332132]
fps.e0u:[12.371916498566206, 12.452473896690654, 12.355530820585045, 12.451351831920592, 12.450374104966036, 12.373070124835206, 12.32796160148897, 12.467892570369036, 12.332399112078118, 12.26095265841019, 12.29204020531245, 12.32059803006654, 12.343136887602878, 12.387191771217179, 12.356479410402804, 12.271210255632221, 12.472536155588054, 12.299381419910308, 12.550477947087447, 12.325794475908598, 12.331522531668057, 12.222851354434587, 12.357937388397485, 12.483314313350979, 12.252718546031746]
fps.lt:[4345.167491119172, 4381.8722063557925, 4347.312609310811, 4372.754995268641, 4238.0651346623945, 4313.785998187907, 4103.441049672566, 4265.253442661827, 4268.160625293593, 4301.586168998626, 4255.798531272242, 4267.999220588978, 4079.0461672950537, 4110.3006666605625, 4275.066088747461, 4083.7556595930646, 4172.910413513509, 4236.979127034401, 4276.949346976132, 4115.943910523351, 4117.715958946299, 4145.8932274246745, 4296.8863766706345, 4145.703312617947, 4102.765868637583]
fps.ltu:[67.59638232116123, 68.63207315643935, 67.9219298944747, 68.50491476128703, 64.14952160151573, 66.3817044382864, 59.949984368865806, 65.3937249994365, 64.52949281377143, 65.74651305142439, 64.19137174093413, 64.62868273538157, 58.9249611990196, 60.053470797042294, 64.42505794089946, 58.655726588101736, 62.049738199957666, 63.834101079684395, 65.30632706325747, 60.139972914765764, 60.43568551721806, 59.85039557618284, 65.82286286568706, 61.51294222827193, 59.826043098489976]
fps.c2:[1.1391792078293241, 2.2303893497217167, 1.8905527625602403, 2.19297373816679, 1.33224308773528, 1.2337351355646482, 0.6426659232251812, 1.80227310082477, 0.7297811975748792, 1.7324866534902343, 0.7725096510596289, 2.7715451753274256, 1.6598381614949145, 1.4246444323372733, 2.387571255155801, 1.97982906361941, 1.5598782340687447, 1.3780108389950492, 0.84879496103716, 1.6949846631491932, 1.950189711466268, 2.160756222325351, 2.1080390697391502, 1.3611181612436485, 1.7911356291349017]
FC:[[3.7585696860089843, 3.74016993247186, 3.818109729813088, 3.8941776201432985, 3.952989192196544, 4.005056254931928], [3.801873468023162, 3.7837450536935466, 3.8619049235603216, 3.9359939976150424, 3.992352954461382, 4.047773283331954], [3.878595588188252, 3.888064368972178, 3.9573463029837574, 4.0434905919978865, 4.105123787423659, 4.173406428200692]]
FCE:[[0.03583586864084397, 0.01721637297807969, 0.010334249562669522, 0.008275201737821375, 0.007219838862172252, 0.00657345850435038], [0.028037980398967956, 0.013373758323076584, 0.008025193270910086, 0.006434526439493591, 0.005609444776166117, 0.0051054245070116825], [0.023525739722700383, 0.011121265317525558, 0.0067518758398421655, 0.005370673011947351, 0.0046827780117165325, 0.004209370028627888]]
