Ri:[100, 130, 160]
Zi:[50, 100, 200, 300, 400, 500]
fps.ts:[1648.628240003586, 4945.8847200107575, 8243.14120001793, 11540.3976800251, 14837.654160032274, 18134.910640039445, 21432.167120046615, 24729.42360005379, 28026.68008006096, 31323.936560068134, 34621.193040075304, 37918.449520082475, 41215.706000089645, 44512.962480096816, 47810.21896010399, 51107.475440111164, 54404.731920118335, 57701.988400125505, 60999.24488013268, 64296.50136013985, 67593.75784014702, 70891.0143201542, 74188.27080016136, 77485.52728016854, 80782.7837601757]
fps.e0:[10794.253277264148, 10826.097261404731, 10813.78275607744, 10818.498340861866, 10818.074387777191, 10826.634998554213, 10821.965553592916, 10819.301852959887, 10825.909996817472, 10831.246175987884, 10798.66196170813, 10810.869487457321, 10813.25316822235, 10822.501072093493, 10814.400081037013, 10800.66032489583, 10818.544788028217, 10858.748264034992, 10834.779359885631, 10821.217875428318, 10836.234162025412, 10840.722017719738, 10829.076975588252, 10815.441650983894, 10825.271381236904]
fps.e0u:[12.139976502672255, 12.011368445900162, 12.159955674577256, 12.102453149433165, 12.136320122498717, 12.165550984942241, 11.932606409726509, 12.077323190519017, 12.107538307666642, 12.072359558441429, 12.182163453594828, 12.119293408570291, 12.211529871993577, 12.216542946628056, 12.130141743862332, 12.10128682962163, 12.029052213755616, 12.18689735208651, 12.149111352327925, 12.133041754699603, 12.023735771609196, 12.065493669238597, 12.161289722425078, 12.164630986180446, 12.138223158797024]
fps.lt:[3191.007743154008, 3100.548343412664, 3126.481761034514, 3104.1222487295013, 3088.538703424367, 3094.2670967886484, 3103.2738373242296, 3103.0684395368517, 3086.9489834232827, 3065.398240120107, 3163.714187004013, 3113.3567352289742, 3117.8092700941525, 3088.9978799596197, 3102.9149821700844, 3133.178317604963, 3120.279029062148, 2994.90558697015, 3076.374706900514, 3089.8159781103977, 3032.839865998873, 3050.153492367648, 3050.46839019818, 3100.4891245250647, 3069.0068794632025]
fps.ltu:[36.10467423469806, 33.65984241018136, 34.63297661357187, 34.10479503955809, 33.700871467889975, 33.81423666868788, 33.55277086549594, 33.745715641087976, 33.566693641350746, 33.125294451548186, 35.47191975470022, 34.13824394527479, 34.69868831770583, 34.11567324476697, 34.061284206460016, 34.73867780522065, 34.35903846981584, 31.80548479730423, 33.47503331539399, 33.98986562485335, 32.28591672448077, 32.836567265586176, 33.02339960792388, 34.11205564869309, 33.41074658475168]
fps.c2:[3.3977704314508292, 1.6499215608962308, 1.9210444655659, 1.5327360322340107, 0.9945552475987962, 1.465786447912144, 1.343183749631616, 2.141704574249832, 1.8738175535085295, 1.9188826583732708, 0.8186876230753586, 2.044075570034487, 1.4957168292231584, 1.0281718062337253, 2.430368600762729, 1.8534426908491024, 1.88213711984519, 1.5687732852873686, 2.3449999585958357, 3.193026267929532, 1.4824120288144205, 1.5014229022881478, 1.1481216519669433, 1.1501195635506778, 1.805574409127046]
FC:[[3.8164787543460976, 3.835767301333866, 3.922541641940173, 3.998275513782471, 4.072211093701071, 4.145074502118109], [3.858429598963685, 3.874097484348876, 3.962114291091493, 4.049218218003389, 4.120679027919436, 4.19717761382534], [3.9815042066132427, 4.014987568191274, 4.100351982082992, 4.1870676874542925, 4.260730356143536, 4.334648090973133]]
FCE:[[0.03326291607245009, 0.016075235697085622, 0.0099954859132681, 0.008109295461733262, 0.006955239012679433, 0.006234790187887604], [0.026189701120701347, 0.012484163193813564, 0.007796670991038246, 0.006200572322272965, 0.005459333389896639, 0.004894215838216645], [0.022120818640817202, 0.010507667254025457, 0.00651797277426589, 0.005185211907880107, 0.004565469901250952, 0.004195035393334961]]
