Ri:[100, 130, 160]
Zi:[50, 100, 200, 300, 400, 500]
fps.ts:[1571.9725, 4715.9175000000005, 7859.862500000001, 11003.8075, 14147.7525, 17291.697500000002, 20435.6425, 23579.5875, 26723.5325, 29867.4775, 33011.4225, 36155.36750000001, 39299.3125, 42443.25750000001, 45587.2025, 48731.14750000001, 51875.0925, 55019.037500000006, 58162.9825, 61306.927500000005, 64450.8725, 67594.8175, 70738.76250000001, 73882.7075, 77026.6525]
fps.e0:[10913.842968800798, 10934.512983966597, 10896.186432790266, 10935.461659511893, 10911.995346033025, 10914.855772533363, 10941.054882010201, 10938.96306924655, 10938.25099279713, 10935.129477385935, 10939.079238005881, 10932.437091786787, 10949.342643212489, 10959.24430762584, 10916.798038497687, 10928.839002622577, 10911.00601684763, 10949.686451094882, 10917.592037763776, 10936.766380752715, 10950.777736713702, 10924.826820716338, 10959.3004662582, 10955.346096398518, 10931.13778609693]
fps.e0u:[14.610842148610958, 14.477166717455908, 14.68670348561453, 14.520342664038186, 14.712874026640137, 14.666927258005336, 14.657889603408753, 14.743993648568791, 14.545603875901998, 14.55857591505099, 14.673848896926529, 14.511718214644278, 14.405883830376649, 14.676069157897604, 14.6742336092169, 14.605290722053704, 14.348771912706933, 14.432164847823666, 14.808348680652186, 14.4917217581981, 14.66613265178684, 14.584052882651541, 14.83904555408247, 14.480701257919229, 14.668835815605323]
fps.lt:[9225.216283431619, 9060.243191284791, 9980.91448066479, 8966.560096478415, 9629.59636779389, 9488.057790905803, 8864.21782920058, 8912.759493569667, 8945.778924405055, 9094.973440572227, 9223.817397209616, 9008.134652621486, 9066.972353636856, 8670.999211882277, 9405.585086743095, 9239.173958275294, 9389.785942326205, 8573.696694692086, 9440.297762156024, 9261.406562862947, 8949.038541202981, 9082.19963632004, 8704.165228416827, 8975.371316968372, 9310.91779478777]
fps.ltu:[342.9884215351583, 328.52061851822197, 401.390143209484, 320.68435674533305, 375.5998597821826, 362.98921705662434, 315.60211672915597, 321.4586871817646, 319.81162262166123, 332.54231902689867, 342.45655150027403, 322.9717979150268, 326.98185304575605, 302.6587913332214, 355.735074345079, 342.1318501869838, 349.48490681506144, 294.607543073936, 362.96645460037973, 341.6951209573399, 322.84372729089733, 333.4711280935096, 306.79402011933473, 320.840126432717, 351.1539895046159]
fps.c2:[1.3298049890895507, 1.920151324322588, 1.2624242653631734, 0.84399185051502, 0.9908373773933329, 1.2667991304362947, 1.0990336213477407, 1.6377099714496839, 0.7590561412088991, 0.9415862926113603, 1.5391791228092624, 1.884969895797696, 1.4014034136307836, 1.6609237975307356, 2.100238321903795, 1.4109023643279526, 1.3804314580749766, 0.5777901145213173, 2.1116471161623545, 1.0747699256043992, 1.8560335082706567, 0.8266514961658923, 2.5058228554521906, 1.2104224158552968, 1.1401402151272635]
FC:[[3.7859408819448195, 3.798527691797726, 3.829266577315655, 3.867123261423111, 3.908203090275811, 3.945479479638709], [0.2729305501556777, 3.8434290692576307, 3.878654882174254, 3.915912734545172, 3.9502690951923696, 3.9855878890903864], [3.9636519358099846, 3.971943489208314, 4.011548703445648, 4.047229726015995, 4.081159910042876, 4.11728169315549]]
FCE:[[0.03424808316463338, 0.0200498763978154, 0.012980590865163776, 0.010199804951420612, 0.008680136267427967, 0.007698730363462859], [36456.081074135196, 0.015549804563232881, 0.010020058840153237, 0.007895894967303913, 0.006717143864395185, 0.005970688329353416], [0.022290212655376906, 0.013203909999296298, 0.008528862123822195, 0.006568312852505472, 0.005457567275443949, 0.004849941596767692]]
