Ri:[100, 130, 160]
Zi:[50, 100, 200, 300, 400, 500]
fps.ts:[1764.3850999975205, 5293.155299992562, 8821.925499987603, 12350.695699982643, 15879.465899977684, 19408.236099972724, 22937.00629996777, 26465.776499962805, 29994.54669995785, 33523.316899952886, 37052.08709994793, 40580.857299942974, 44109.62749993801, 47638.39769993305, 51167.16789992809, 54695.938099923136, 58224.70829991817, 61753.47849991322, 65282.248699908254, 68811.0188999033, 72339.78909989833, 75868.55929989339, 79397.32949988841, 82926.09969988346, 86454.86989987851]
fps.e0:[10817.212588290957, 10830.767036094634, 10831.802668066035, 10850.368150243065, 10820.546943131878, 10794.112620102029, 10836.577887781697, 10793.707579304526, 10813.76129029077, 10842.666189226977, 10822.016638452582, 10838.287988855891, 10832.068553432877, 10825.407947166668, 10819.004597814937, 10821.25489452193, 10852.907561069274, 10816.067712388489, 10838.478374028859, 10851.713365578718, 10836.602655048267, 10843.545755492643, 10825.923945517517, 10821.610837994527, 10824.707964224739]
fps.e0u:[13.575143547976454, 13.627770059045842, 13.473324808091464, 13.628683586735338, 13.68802120788094, 13.631422907520252, 13.869388944463429, 13.701866400598561, 13.96850660553091, 13.390178790031356, 13.64421040929274, 13.658695965546986, 13.640786377102181, 13.572719833171975, 13.639895411945034, 13.519326035546547, 13.632774079102738, 13.489727604118649, 13.709338317457622, 13.55658721614561, 13.483169184841644, 13.571683783404621, 13.620465493176429, 13.600567210594898, 13.856758914724479]
fps.lt:[11572.89410123398, 11434.900315646004, 11400.943304555374, 10398.826875533523, 12123.98785318373, 12527.66996819241, 11263.239039278855, 12475.426528817698, 12016.536592288561, 10904.295760622746, 12066.29419573084, 11397.018671930968, 11447.214193213142, 11738.642372275439, 11838.536486544837, 11354.153182934057, 10579.147936855696, 11853.62377471519, 11147.860595790651, 10897.798312857723, 11075.40352370323, 11047.508885204083, 11471.610214877192, 11882.373421923585, 11353.530063816881]
fps.ltu:[502.9388148101751, 495.1630927564037, 486.82401455073887, 409.7114516611634, 555.1413830973268, 596.6851455827484, 487.7136595151463, 591.2307659593164, 554.6969053644536, 443.44476378954863, 549.3065738971137, 492.9952076602778, 495.64718198285044, 521.5404813443367, 523.9797758679925, 483.65709104344813, 423.2524223521034, 524.770356732327, 473.8842721491644, 447.6118492034888, 460.49230442319833, 457.13627709278495, 496.4618760387028, 532.5002705877763, 495.50670673347514]
fps.c2:[2.2966619526927996, 1.6437196067853697, 2.6505358993799435, 1.240854243711655, 1.3283348669809685, 0.8217241233300092, 2.2195929521921456, 1.789324380704105, 1.883393684177832, 1.9771345307178025, 1.1618835102183778, 1.687159404086701, 1.5368512358940245, 1.0892497413330495, 2.9818414818963515, 1.0488727118976633, 1.6009773343129048, 2.7995750054136783, 0.6999552262458829, 2.4042605161749537, 1.4664728323166558, 2.4702792488347267, 1.4417119318900904, 1.5173306594343285, 1.168345607515921]
FC:[[3.8058740468702843, 3.8649698459458666, 3.8713074340190388, 3.8958049256224205, 3.927939667681049, 3.9554252209032166], [3.845311110471483, 3.8910090663316894, 3.9082444681738364, 3.9369138817063822, 3.9713852585448737, 4.001913449837284], [3.983947290457943, 4.00807229268541, 4.041320243427263, 4.064947987845527, 4.101412375755537, 4.132997117843279]]
FCE:[[0.031677015364388945, 0.019021841796946486, 0.012468349110891746, 0.009854227134395635, 0.008149417720151908, 0.0071749257609437], [0.023996281301048326, 0.014662949586926839, 0.009619105788846005, 0.007420925890194103, 0.006306390131740737, 0.005577516115162942], [0.02000393452719827, 0.012081450394860322, 0.00794933750836138, 0.006293716551219492, 0.005369313642160645, 0.004763264403344133]]
