Ri:[100, 130, 160]
Zi:[50, 100, 200, 300, 400, 500]
fps.ts:[1733.2994999980926, 5199.898499994278, 8666.497499990463, 12133.096499986648, 15599.695499982834, 19066.29449997902, 22532.893499975202, 25999.49249997139, 29466.091499967573, 32932.69049996376, 36399.289499959945, 39865.88849995613, 43332.487499952316, 46799.086499948506, 50265.68549994469, 53732.28449994087, 57198.88349993706, 60665.48249993324, 64132.08149992943, 67598.68049992561, 71065.2794999218, 74531.87849991798, 77998.47749991418, 81465.07649991036, 84931.67549990653]
fps.e0:[10916.268752300146, 10911.17058100032, 10925.614581769827, 10908.474880358042, 10905.093985210257, 10914.447697135529, 10932.358749396371, 10920.465980105046, 10919.803599913985, 10910.271737734849, 10921.395270033023, 10921.922003000744, 10918.16793977832, 10925.416475486654, 10907.116472437414, 10919.76891453045, 10931.355859325502, 10910.701601348612, 10935.678985304172, 10890.869336890515, 10905.19285028491, 10905.982105950192, 10921.143352637357, 10919.060153857548, 10915.58236217883]
fps.e0u:[12.093152504712053, 12.106485603672109, 11.932943196747662, 11.972212779749869, 11.932553858796718, 11.831580279766307, 11.792095538437913, 11.971532039929883, 11.893905448151932, 12.00163180886729, 11.825722793539523, 11.903098241074408, 12.020301596439923, 11.812430849871102, 12.05450456834373, 11.986805950091812, 11.965570410191066, 11.961823958797801, 11.84296028928014, 11.862113496775239, 12.083475926984775, 11.909452265744852, 11.822080617489052, 11.538781434478633, 11.335559562854185]
fps.lt:[6389.694117373398, 6572.155716851096, 6326.194739477459, 6380.990255078926, 6597.261749814119, 6530.293875096727, 6179.6074643616275, 6323.802952040414, 6349.9930007143785, 6311.438052643169, 6343.965441246023, 6367.094710092839, 6424.365406748682, 6310.6671964939005, 6448.920208556854, 6388.603177866657, 6227.265208900209, 6459.357190315097, 6296.185534716707, 6761.220064547048, 6465.690397937309, 6509.156943768159, 6360.4900076358335, 6278.091632412229, 6406.60470134775]
fps.ltu:[134.56779244013063, 142.35981537599685, 129.76127798276883, 132.94079125321545, 141.2089355538953, 136.7653054655523, 123.4974841200656, 131.32223752910866, 130.86912757972823, 130.58602298251796, 129.97417894354743, 131.4899805777082, 135.1723702265593, 128.57896603648425, 137.59975484708286, 133.59840100578805, 126.74520461110022, 136.40256491361112, 128.44427195624863, 147.8453495204487, 137.8583164807619, 137.41146568791822, 131.0861894584952, 123.70187614706866, 126.97459045782765]
fps.c2:[2.4351259201348876, 1.858769097509203, 2.7774725101863567, 1.2920999606898216, 2.673373679321064, 1.8718609057946922, 3.444022346244787, 1.3256031422728543, 2.5934726479099104, 2.188047954068026, 1.5549616998546445, 3.2697422231352395, 2.5735653238446647, 3.164961597238905, 3.9388715323053467, 2.9035778468906983, 3.163189904396909, 2.8626727191866026, 3.8838138227542434, 1.697842523620077, 3.430298697764841, 1.429852620818057, 1.6837738430275058, 3.261132865510809, 1.8519398426491547]
FC:[[3.850721669604518, 3.858044646189822, 3.8985581530032953, 3.9643011734471045, 4.040232579301041, 4.129019982488964], [3.893490882776049, 3.8912248048578153, 3.944985665952527, 4.016900461142838, 4.096861332791864, 4.190242994053342], [4.020376258968752, 4.013358633743169, 4.070628717851616, 4.144604545242812, 4.2222920829227, 4.306127543034732]]
FCE:[[0.031932777492008485, 0.01710632058395951, 0.010745357979346528, 0.008462154988017157, 0.007080250395609336, 0.006361919901282431], [0.024340241600106914, 0.013270012215592736, 0.00830871660975366, 0.006390385389632944, 0.005498048891433297, 0.004847902835201363], [0.021062081861354588, 0.011048480245614684, 0.006868724118663967, 0.005287446847278939, 0.0045423420133568464, 0.004084987668371364]]
