Ri:[50, 100, 150, 200]
Zi:[100, 200, 300, 400, 510]
FC:[[3.951830033881257, 4.006258355161853, 4.022710631125075, 4.039640071598565, 4.060065526567553], [3.9831425108122245, 4.006846449538577, 4.041433672317186, 4.06311403325227, 4.086933801578441], [4.0984774617577235, 4.12694542759763, 4.161648613757024, 4.191721020027617, 4.2231153998153275], [4.664758660671331, 4.743232617525074, 4.786448930868573, 4.824268702726599, 4.850037758733578]]
FCE:[[0.04757739165062478, 0.032215442918537486, 0.02576704444303199, 0.02227098494690256, 0.019569095941992947], [0.024611407213168922, 0.016691948821211958, 0.013457636408655386, 0.011637176803815564, 0.010081565161467812], [0.017141499914638217, 0.011575230958724541, 0.009332646134323545, 0.008069375669249406, 0.007147689227833617], [0.015730010059732003, 0.0107905865558322, 0.008717023694065738, 0.007552562924673293, 0.006676523896267995]]
fps.ts:[1609947785.05088, 1609951244.51264, 1609954703.9744, 1609958163.43616, 1609961622.8979201, 1609965082.35968, 1609968541.82144, 1609972001.2832, 1609975460.74496, 1609978920.20672, 1609982379.6684802, 1609985839.1302402, 1609989298.592, 1609992758.05376, 1609996217.51552, 1609999676.9772801, 1610003136.4390402, 1610006595.9008002, 1610010055.3625603, 1610013514.8243203, 1610016974.2860804, 1610020433.7478402, 1610023893.2096002, 1610027352.6713603, 1610030812.1331203]
fps.e0:[10059.273288842596, 10093.707266170039, 10108.596539797105, 10098.73692773898, 10098.780752234523, 10079.785631962868, 10056.393559511942, 10133.438580566784, 10098.731788843184, 10055.68525908147, 10067.819541963121, 10084.016523657707, 10069.725712286137, 10071.827010209647, 10099.213269334687, 10070.21218191101, 10106.66360452117, 10068.665624935973, 10122.994013070405, 10053.643842291269, 10051.01629467638, 10135.481988286272, 10110.916872563841, 10034.61754813989, 10113.760166011725]
fps.e0u:[22.158506451597262, 22.189215138773648, 22.238731529868442, 22.129031379967092, 22.242834510609697, 22.08074933936627, 22.052128856546855, 22.184005992215294, 22.486477260713247, 22.097524252736534, 22.492754749085545, 21.9644808350609, 22.1880762683504, 22.34983853015196, 22.14365070317457, 22.390719535208003, 22.02913385497787, 21.851845469723838, 22.48810822265943, 22.474506417577608, 22.251758254866264, 22.263758164373527, 22.048901991578735, 22.029084129808787, 22.165344835290643]
fps.lt:[19849.691742597784, 16649.14228424962, 15494.391748558135, 17013.569940785776, 17506.12098054941, 18231.260405015353, 20840.48156331803, 13729.288281987634, 14732.669265140268, 21079.461163489188, 17312.811230551284, 16693.84596928203, 18816.918141377406, 17395.60829395866, 16418.233213653642, 18267.078429345205, 15795.224693073438, 18598.446723277917, 15006.714135616405, 20804.470865727115, 19655.51688084388, 13185.89690317022, 15778.30194887764, 21484.240007519573, 15082.34782807845]
fps.ltu:[2599.5051617218774, 1831.9270509523503, 1597.9214670446559, 1910.3683970247082, 2007.6153719272174, 2183.365005227269, 2851.261894686719, 1237.3682398379533, 1452.3574472859905, 2925.746997355599, 1986.1326604486549, 1825.8879573145923, 2342.5988885225993, 2019.5560242171846, 1769.953486368869, 2228.4492148058102, 1645.5868487445766, 2250.709177969547, 1506.5235847938407, 2856.6366242663084, 2558.8848233299864, 1159.9963155843768, 1628.6493449569427, 3036.5523281668457, 1486.9995657856643]
fps.c2:[0.546580736735038, 0.6117352409921647, 1.2135579647472678, 1.8165640929292104, 1.4086711338810818, 0.8526429605250507, 0.985376120135599, 0.7490756345391716, 1.1883027379451372, 1.7100253930493028, 1.397329508424633, 1.783220725228105, 2.8627571976457777, 2.0441092966047054, 0.8891124425566647, 0.8544472065720448, 1.4167503458908566, 0.9683256051982663, 0.8561131061858588, 1.0399414660071589, 1.4944499873777264, 1.7594502450587517, 2.232171580380764, 1.270653848498372, 2.207331961381735]
