Ri:[50, 100, 150, 200]
Zi:[100, 200, 300, 400, 510]
FC:[[4.0501653175990935, 4.018150153640211, 4.008565564762036, 4.007522836113729, 4.02925182359988], [4.021973656897747, 4.016236615957797, 4.0391049231039755, 4.049658142475997, 4.072077193385635], [4.144044766550167, 4.154957660422986, 4.178150612770923, 4.200695186399998, 4.22746976875255], [4.780686758023202, 4.812765976064417, 4.840785930716803, 4.865813751466599, 4.884768387671938]]
FCE:[[0.03707588647223084, 0.02470669570514952, 0.019639221426556646, 0.016994191557742767, 0.015054927262625641], [0.018147148367752566, 0.012287706360092906, 0.009921687338779546, 0.008555523399405789, 0.007565374004705849], [0.012674857570793644, 0.008609235918493597, 0.006952906501911613, 0.00601559195775127, 0.0053345214939823265], [0.011576715737953937, 0.007867975783584561, 0.0063502123776019905, 0.0054911314938381785, 0.00485643660328796]]
fps.ts:[1614522098.15922, 1614525474.42366, 1614528850.6880999, 1614532226.95254, 1614535603.21698, 1614538979.48142, 1614542355.74586, 1614545732.0103002, 1614549108.27474, 1614552484.53918, 1614555860.80362, 1614559237.0680602, 1614562613.3325, 1614565989.59694, 1614569365.86138, 1614572742.1258202, 1614576118.3902602, 1614579494.6547003, 1614582870.91914, 1614586247.1835802, 1614589623.4480202, 1614592999.7124603, 1614596375.9769, 1614599752.2413402, 1614603128.5057802]
fps.e0:[10725.801859678058, 10687.037701767144, 10710.52190805444, 10728.378926345113, 10686.981839955944, 10719.48624966534, 10673.627126077292, 10693.695983972646, 10700.893653938172, 10729.741607553507, 10685.189145511877, 10697.953077574586, 10674.598019044884, 10700.061060745376, 10703.081560542618, 10686.794998801379, 10703.666540072834, 10721.252547050222, 10698.228759378779, 10703.182190224106, 10728.237175152111, 10687.390018215729, 10683.401288654513, 10723.879242824729, 10709.110301286984]
fps.e0u:[16.70949570219321, 16.790504196719517, 16.909340283398034, 16.91095094746616, 17.03027653846674, 16.924212077570516, 17.103300541174992, 16.960156618873295, 16.788392612768614, 16.896151813087755, 16.74997550438422, 16.839150939115175, 17.008519637826346, 16.915988001188335, 17.059568067771913, 16.741245030674776, 16.88651021996132, 16.95493898591811, 16.842064849221476, 16.79618737871786, 16.844113064054365, 16.826958275912368, 16.922723001918026, 16.760459793965058, 16.95936274089652]
fps.lt:[17379.232100873924, 22705.373244940005, 18525.63777113946, 16027.51821726065, 21892.19539717622, 17385.34236727933, 22596.744501415113, 20047.200810881714, 17916.166112139006, 16418.855134670597, 21982.884183861246, 19249.96506302286, 21341.230259686137, 18924.134497266783, 18955.48989073126, 20728.00046703233, 17797.874506000564, 16937.538756626916, 20053.14568329596, 19524.757725304436, 16819.34041668435, 19953.407155806188, 20493.636488426764, 18046.76314223921, 17835.20787623179]
fps.ltu:[1433.3709464351264, 2436.840658851844, 1636.1859880992222, 1225.7392701706224, 2285.220733134689, 1436.6575225088009, 2457.0679615053823, 1907.8187352384382, 1523.4920367117788, 1279.378799819886, 2278.9684460314156, 1765.396557885616, 2177.9071586443424, 1696.9528878760425, 1727.0342615709776, 2028.1841079997573, 1509.5061230022898, 1365.9054025961693, 1918.026788653712, 1813.2586952139045, 1346.6187675617225, 1897.922367599557, 2006.6420568449078, 1539.5683001905022, 1517.7921283603193]
fps.c2:[1.7890125126049297, 1.8349542676844224, 1.3150609803705828, 1.0824877294045263, 0.4582363314639198, 1.7711347898300418, 1.0693773655596277, 2.067532232107222, 1.3095431121314245, 1.3196444067986315, 2.1148160255914856, 0.96960959192952, 0.8287490546929239, 1.3214806205795637, 1.7797441537080385, 0.972819121488545, 1.4569103644953383, 2.70465163998604, 3.3030498162767072, 1.0573933635889488, 1.4697485083235788, 0.6937430612471249, 2.3563121920135814, 1.1861816492135744, 0.9224473202390773]
