Ri:[100, 130, 160]
Zi:[50, 100, 200, 300, 400, 500]
fps.ts:[1701.8434600019455, 5105.530380005836, 8509.217300009728, 11912.904220013617, 15316.59114001751, 18720.278060021403, 22123.96498002529, 25527.65190002918, 28931.338820033074, 32335.025740036966, 35738.71266004085, 39142.399580044745, 42546.08650004864, 45949.77342005253, 49353.460340056416, 52757.14726006031, 56160.8341800642, 59564.521100068094, 62968.20802007198, 66371.89494007587, 69775.58186007976, 73179.26878008366, 76582.95570008754, 79986.64262009144, 83390.32954009532]
fps.e0:[10890.111913471128, 10921.595891896286, 10925.012930038874, 10910.988553757588, 10895.193454129241, 10926.404107241558, 10920.150661324458, 10906.834257538785, 10907.091186016101, 10925.370708593216, 10919.69796381025, 10937.979664937104, 10922.413244941408, 10912.944758886635, 10887.1030330524, 10923.530817289462, 10920.16378719793, 10947.72397413778, 10916.841648427473, 10943.587868540968, 10909.839338736352, 10917.413443962783, 10876.494059139846, 10905.147988742745, 10886.892817934855]
fps.e0u:[15.665459888259676, 16.462834963755743, 15.43628681139237, 16.291930721122505, 16.262794693191324, 15.948417658177712, 15.810120705936399, 16.405586446369018, 15.861949859990764, 16.272979276986092, 16.486369786623772, 16.336850875939945, 15.245358949441995, 16.17420207250743, 16.393490545395213, 16.329413441566267, 16.826161970553503, 16.13602912477156, 16.61117232548322, 16.50643225248673, 16.597189495750804, 16.496005644218428, 16.639250097877092, 16.491744403890753, 16.92390018606279]
fps.lt:[6709.98471542324, 6431.308803239222, 6298.374093366645, 6511.711090187774, 6726.297137067623, 6425.631727028247, 6538.48538334261, 6572.779565365329, 6612.373125560722, 6270.179862568185, 6512.752154685854, 6033.335543039763, 6431.046334602094, 6507.809097812754, 6840.207678848322, 6283.988596357549, 6332.645845387499, 6259.374736984427, 6364.970026534372, 6251.668724737167, 6522.3598620985285, 6549.825935387894, 6813.944730586693, 6477.606549782225, 6852.173269968291]
fps.ltu:[193.61330698185992, 185.29239439292093, 167.41972648478455, 188.87063631448774, 201.24987197965004, 179.98590344323395, 184.45107490844387, 192.5284795902141, 189.69738878505427, 176.18385675725492, 189.62518165794162, 162.77092221669372, 172.14579271727675, 187.58400250666483, 210.9292340537986, 177.24828338338142, 183.89956345802776, 173.53193060181255, 184.13325242927826, 176.14442765621556, 193.4859862885057, 193.05730888176015, 210.83051309179598, 189.6375280423161, 217.3228306981176]
fps.c2:[1.460315759034002, 1.4511305560411158, 2.512079767597512, 1.2961411486914431, 0.7895478478920526, 1.2631792297606852, 2.2845923548857288, 1.2698655924409994, 1.353450916698379, 1.5899092987282921, 0.849304599252847, 1.0806934911941644, 0.9297983977944468, 1.5191105352288936, 0.8778496493194295, 1.6210462528866785, 1.8203670554939844, 2.0174893835120598, 1.3653709165852856, 1.65372575287358, 1.9678136775695863, 1.51766439666624, 1.3613907262471254, 1.7164942739731874, 2.393610542532819]
FC:[[3.957750398252839, 3.924806009321234, 3.9636844129436724, 4.027376808988101, 4.0973982880747, 4.1910304260629445], [3.9970589187532344, 3.9577086200188747, 4.001590662783224, 4.06934400316173, 4.148822868123577, 4.233277376709881], [4.115544867405946, 4.096428926189065, 4.130289651019781, 4.194849733443697, 4.26366010875196, 4.354526862693389]]
FCE:[[0.043159334304369495, 0.02412798448391313, 0.015069918513466294, 0.011613046239103593, 0.00993346719536956, 0.008735528863823984], [0.03382128759716089, 0.01814203849233366, 0.011341755818226391, 0.008933880602870417, 0.0075147902565927335, 0.00674104134430432], [0.028809009760220577, 0.01525635208874207, 0.009381370748327539, 0.007376358155071228, 0.0063173272863074025, 0.005581022668277115]]
