Ri:[50, 100, 150, 200]
Zi:[100, 200, 300, 400, 510]
FC:[[4.033488490638423, 4.021463984835617, 4.040053368394543, 4.05123711214275, 4.057700814816089], [3.9950778269944234, 4.01015136829651, 4.029139724860205, 4.0503251608693525, 4.083518610199864], [4.1364941748574, 4.148898638167233, 4.173903040787204, 4.199018681238656, 4.227624889436453], [4.7392945838038, 4.774550438567692, 4.808323316107275, 4.842763335136014, 4.861007607467359]]
FCE:[[0.04909248268728989, 0.033823903341789724, 0.027762139916108635, 0.023855782012166274, 0.020938996767889174], [0.02508088575367412, 0.016969615684646302, 0.013793336362362258, 0.011909225435864722, 0.010273913438295366], [0.017189944145176238, 0.011548793834736892, 0.009329252283572042, 0.008045364306645809, 0.007139306436543048], [0.015633603847692187, 0.010582684096713734, 0.008546097102524566, 0.007390571088671641, 0.006576868641531049]]
fps.ts:[1620037461.5364, 1620040913.9912, 1620044366.446, 1620047818.9008002, 1620051271.3556, 1620054723.8104, 1620058176.2652001, 1620061628.7200003, 1620065081.1748002, 1620068533.6296, 1620071986.0844002, 1620075438.5392003, 1620078890.9940002, 1620082343.4488, 1620085795.9036002, 1620089248.3584003, 1620092700.8132002, 1620096153.2680001, 1620099605.7228003, 1620103058.1776004, 1620106510.6324003, 1620109963.0872002, 1620113415.5420003, 1620116867.9968004, 1620120320.4516003]
fps.e0:[10757.188716956683, 10730.517219451407, 10732.404907399246, 10778.041091477664, 10742.523959260634, 10736.67278163957, 10722.984145827306, 10784.317544799671, 10750.70575256278, 10721.488568129284, 10713.529465926234, 10757.66052134324, 10745.08496175496, 10711.757887874803, 10712.425433747276, 10744.67314767416, 10673.16967254196, 10727.769453683526, 10751.510309120744, 10743.704234905295, 10729.290388599877, 10742.050277164399, 10776.378920861891, 10728.061550429793, 10745.296424165628]
fps.e0u:[23.502248057731336, 23.394398662621985, 23.45460198569252, 23.359720196301243, 23.450182974642583, 23.23236047036415, 23.185564361018592, 23.2267633032176, 23.031659024132395, 23.716322900846365, 23.671495090307268, 23.293039769990465, 23.71141221812294, 24.052614380204847, 23.416132091649427, 23.35375697645467, 23.387216101485805, 23.350663959645765, 23.33789897254847, 23.15131194309954, 23.07734474140977, 23.361461646350524, 23.30319907960618, 23.393823885798284, 23.94300849319786]
fps.lt:[19300.027314411647, 19132.655797276944, 21382.538994699287, 15648.06199051494, 17834.071395089646, 18416.60757591105, 21386.67977764618, 17167.425676059163, 20841.040586707026, 18820.33901918055, 23146.512009045575, 16924.51227402243, 17895.742431728024, 21290.114636788185, 21191.040327181727, 18714.6520178418, 29552.35892497288, 18093.585107594146, 18983.065167178444, 20687.090045362085, 19327.98320003401, 18552.084962583915, 16347.653097834786, 19924.12765686198, 18450.951085548557]
fps.ltu:[2434.5305393256463, 2428.593527384661, 2995.248243005652, 1608.276717442485, 2067.4630110727144, 2199.46228488112, 2994.1588715823914, 1915.3641486787103, 2790.2647026694763, 2357.6289881781936, 3543.5136990070114, 1882.0756240290357, 2116.909867207395, 3050.1286051201164, 2976.9493136833685, 2310.8047809393274, 5753.1669841587345, 2155.378282022967, 2345.08299324047, 2751.109031132136, 2428.811046758953, 2260.3334946639857, 1733.9999318056616, 2606.5087182977713, 2267.1666544446584]
fps.c2:[1.1830071085742804, 0.698860273630525, 0.4181716503688422, 0.5481267027346124, 1.1410484608126663, 1.138218964706992, 1.3420182136203727, 1.4873495662342178, 1.898826601841502, 1.488490646867098, 1.5727099787863195, 0.36160409295069473, 0.5049280080053997, 0.8887444560791481, 1.704655435713793, 1.3975182247307674, 2.5167447314639584, 1.055436835788736, 0.7239057927610475, 0.8798184619695402, 1.5482326388278884, 1.556378604790323, 1.8379132836813301, 0.910749284349458, 2.5607019727837113]
