Ri:[50, 100, 150, 200]
Zi:[100, 200, 300, 400, 510]
FC:[[3.963697640523107, 3.978858902791979, 3.998973460853672, 4.015753568856332, 4.023101889796909], [3.936212932832982, 3.956871640044971, 3.9871580751012714, 4.016381038630479, 4.03672836298475], [4.04306098258916, 4.063337654834555, 4.100449684210575, 4.126763286315304, 4.148801071014678], [4.36004507480321, 4.400120390783577, 4.445739746534573, 4.478775109634301, 4.506621560421666]]
FCE:[[0.028057553477229175, 0.019110033073991048, 0.01556764977910942, 0.013465924162799176, 0.011875913051642607], [0.01350504252433279, 0.009162949549707124, 0.007439748519138877, 0.006449468167777969, 0.005689343181113009], [0.009336643814994683, 0.006327194432343227, 0.0051256339587238695, 0.004421809332932111, 0.0039033056772815092], [0.007920846016748544, 0.0053750592475998015, 0.004348006118695243, 0.003747758021224289, 0.0033134370678487603]]
fps.ts:[1621506624.06808, 1621510099.28224, 1621513574.4963999, 1621517049.71056, 1621520524.92472, 1621524000.13888, 1621527475.35304, 1621530950.5672002, 1621534425.7813601, 1621537900.99552, 1621541376.20968, 1621544851.42384, 1621548326.638, 1621551801.8521602, 1621555277.0663202, 1621558752.2804801, 1621562227.49464, 1621565702.7088003, 1621569177.9229603, 1621572653.1371202, 1621576128.3512802, 1621579603.5654402, 1621583078.7796001, 1621586553.9937603, 1621590029.2079203]
fps.e0:[10735.476263653904, 10735.46648916354, 10732.14020393547, 10740.4399888657, 10745.119695832342, 10723.40492838257, 10729.95936582184, 10746.60379267176, 10724.130106768036, 10737.90638071913, 10755.689740470914, 10743.115100026675, 10731.070676808185, 10763.14659934126, 10734.711515695339, 10756.00835026684, 10733.559429455956, 10754.548063990982, 10741.181406331829, 10725.170389337507, 10750.194393471793, 10748.057315225313, 10744.006886672714, 10750.953132251117, 10748.001216622764]
fps.e0u:[13.129863728876312, 13.217954092282156, 13.251360843478862, 13.214431881207666, 13.200700005761068, 13.201736874509978, 13.271869978884437, 13.063889280415292, 13.16527837408808, 13.30577388468369, 13.225866691096762, 13.222066214715715, 13.280236136328789, 13.169615530815484, 13.433527925359297, 13.267132931297922, 13.2874318998162, 13.180689676104507, 13.292112070032822, 13.141424890078772, 13.185915226596865, 13.10171599164093, 13.159367147201671, 13.26588809379198, 13.524483622799753]
fps.lt:[20003.683839983267, 20614.94560866235, 20115.244720415143, 19302.355219428777, 17822.444240358484, 20617.096173759106, 19865.929903507058, 18707.565642999612, 20484.482063175747, 19953.09594845162, 18007.682563387647, 18990.03002555792, 19503.510513252637, 17009.637402469834, 19262.827898832897, 17666.082646542243, 20093.21389693997, 17606.048872529245, 19981.45944569318, 20661.604480389786, 17461.618840573392, 19428.919669851985, 18953.425428256, 18535.603989747604, 17427.002907937294]
fps.ltu:[1476.9168811833788, 1568.7332895958098, 1503.6878435305819, 1384.37524242782, 1180.0997042768602, 1566.1687340452222, 1471.5846694909646, 1285.4270452170356, 1552.8637983042604, 1483.7735937859136, 1201.1079797559432, 1337.1235795111224, 1412.8858643776807, 1067.6960342390164, 1395.787315999718, 1161.7424006337335, 1506.0623524068244, 1145.407723284744, 1486.3774508403808, 1574.4792428031813, 1128.8505818177568, 1390.7432403053738, 1328.77967750293, 1276.0778633181653, 1151.7611382982593]
fps.c2:[1.161759740728154, 1.2888443302231343, 1.8482647073919065, 1.0651995498044682, 2.4646704822689998, 1.2851735531087558, 1.5673981590876949, 2.4081976679518764, 1.025670065662643, 0.741110953897183, 1.5640011143682742, 2.6092990007297536, 2.4192995984381755, 2.1015578271309887, 1.0854755708711403, 1.09877591439381, 1.5837849499148033, 0.9524876309717842, 1.8458095772666228, 1.7130112975786334, 2.7383030040638627, 1.407197532391784, 1.5555590956600145, 1.602280614694492, 1.804494151421281]
