Ri:[50, 100, 150, 200]
Zi:[100, 200, 300, 400, 510]
FC:[[5.571117294306551, 5.369567950863723, 5.159698296946677, 5.038431559946976, 5.171334826099137], [16.15800021494366, 15.505673702622902, 15.92489671375884, 16.029327934887082, 15.977514990460103], [5.7415870373303886, 5.882910925958558, 5.984772478520907, 5.984616979401977, 5.945153050660501], [16.90236345015395, 16.027643449571126, 15.8506976306777, 15.636804706392416, 15.435729174697084]]
FCE:[[0.2833135591897594, 0.1852270078602065, 0.1366174162794, 0.11561864208165881, 0.10987085552081426], [0.41306293707617386, 0.2454449161783045, 0.2016322668588658, 0.1718861039022348, 0.15089725324511613], [0.04851539296210763, 0.033474125294682744, 0.027132358517675915, 0.023068910555613782, 0.01998950007161694], [0.17061134700322914, 0.10414811456011809, 0.0811342286546726, 0.06783596246008135, 0.05862435151816483]]
fps.ts:[1595415748.2079, 1595418949.2577, 1595422150.3075001, 1595425351.3573, 1595428552.4071002, 1595431753.4569001, 1595434954.5067, 1595438155.5565002, 1595441356.6063, 1595444557.6561003, 1595447758.7059002, 1595450959.7557, 1595454160.8055, 1595457361.8553002, 1595460562.9051, 1595463763.9549003, 1595466965.0047002, 1595470166.0545, 1595473367.1043, 1595476568.1541002, 1595479769.2039003, 1595482970.2537003, 1595486171.3035002, 1595489372.3533, 1595492573.4031003]
fps.e0:[10592.092076141264, 10608.423940755294, 10653.020038322724, 10599.281663779993, 10551.857927793826, 10634.867585499198, 10608.248393000777, 10647.669440003923, 10581.110588808273, 10613.198605484635, 10632.938303547107, 10542.387165462242, 10581.538044139546, 10596.517082577846, 10608.95418691669, 10574.680161875365, 10629.791875460069, 10587.20976930012, 10598.987143290506, 10570.011632165197, 10584.041557444863, 10572.86941824498, 10596.675439463757, 10607.139173385112, 10622.44773550002]
fps.e0u:[31.973617883229434, 32.337828958705664, 31.752787727584412, 32.46058716918335, 32.7117892880465, 31.77171864752437, 32.13824450932428, 32.89494980602301, 32.61161326920285, 31.944307968094773, 32.19977542166075, 32.11462758635543, 32.45415962146754, 31.72942321438589, 32.001439888961634, 31.97307157275421, 32.308579174697044, 31.858548143893632, 32.33054472963354, 32.467494263756706, 32.40226547882205, 33.19817428879427, 31.479683970595026, 32.60373171696509, 32.769668969447835]
fps.lt:[24631.8598468808, 22111.458268217637, 18516.044500788837, 24227.942969000036, 30526.41460478699, 21080.997937318687, 20158.694706179347, 19688.115804309666, 35623.831180445886, 24623.99467347465, 20225.758463209713, 25490.86339572543, 22778.970864053244, 29413.100485308223, 22318.865620011245, 31333.07008944967, 18371.611388546702, 26334.614877297136, 24239.46533326803, 28157.586695619062, 24191.59776129567, 26688.602806766565, 22920.053698575157, 25051.107463003304, 20652.770532755367]
fps.ltu:[5583.863777494001, 4545.883252266591, 3127.4202156546394, 5450.170703898071, 8732.921574942378, 4026.558144055769, 3753.5379912066983, 3598.075620283932, 11677.183860595997, 5470.677239158293, 3701.821950929021, 5944.417369612221, 4810.370658477237, 7842.898963020713, 4616.187974450606, 8890.053371051928, 3124.6874052173666, 6325.368228364468, 5417.290201475622, 7355.003859800903, 5408.259577552263, 6754.944778111588, 4788.770900908673, 5824.920753354647, 4004.3672726877426]
fps.c2:[1.0167966380937346, 0.8655403458794528, 0.3407129319903245, 0.4744902311567009, 0.488636921647009, 1.2911624698858897, 1.9157286439339742, 1.406843072032789, 1.353476930534923, 0.698676993797155, 2.1358101556353786, 1.4145430100432557, 1.4971573510941867, 1.6930312734241266, 1.9425886782671578, 2.084011155199746, 1.1193512220148842, 0.37966175423858417, 1.0093083351377088, 1.2767642863022877, 1.0346652772234002, 1.6314728431748178, 1.2756113722506923, 0.42046708510843495, 1.071737855992213]
