Ri:[100, 130, 160]
Zi:[50, 100, 200, 300, 400, 500]
fps.ts:[1714.9784000015259, 5144.935200004577, 8574.892000007629, 12004.84880001068, 15434.805600013733, 18864.762400016785, 22294.719200019834, 25724.67600002289, 29154.63280002594, 32584.58960002899, 36014.54640003204, 39444.50320003509, 42874.46000003815, 46304.4168000412, 49734.37360004425, 53164.3304000473, 56594.287200050356, 60024.244000053404, 63454.20080005645, 66884.15760005951, 70314.11440006256, 73744.0712000656, 77174.02800006868, 80603.98480007172, 84033.94160007476]
fps.e0:[10823.776671131642, 10831.715575209057, 10827.78155680889, 10806.499273633128, 10819.202083185683, 10815.787854889095, 10814.402483475758, 10816.32608058114, 10793.451655369743, 10831.342460472893, 10800.219675929216, 10828.25031331832, 10822.767578396837, 10812.186673967763, 10800.423778685872, 10818.119732638883, 10811.840206316036, 10820.754389513337, 10820.049099308351, 10830.844409428077, 10803.266410041615, 10823.3739628669, 10813.963658895045, 10821.03155836704, 10819.562431015212]
fps.e0u:[11.881997028017896, 11.868749632186612, 11.848620433520523, 11.84018907117084, 11.879804924279416, 11.976403187455826, 11.849615220067449, 11.90356950056938, 11.904594903978522, 11.859681532528805, 11.905773487605517, 11.892374390008898, 11.82453660931539, 11.84906212357627, 11.901741808509454, 11.847768007836658, 11.888748948692799, 11.856382403276834, 11.907632365638117, 11.851507874808751, 11.857215762320415, 11.923649878083829, 11.83127131461291, 11.813492634562555, 11.827138667843686]
fps.lt:[3086.3497104683147, 3058.985442326091, 3091.8527201732863, 3151.2047171166705, 3101.383767141506, 3106.850754166718, 3127.2421185510866, 3110.874891246073, 3173.6213659713367, 3100.2827358492827, 3151.460118497803, 3077.181021978615, 3105.946060798121, 3109.748096716335, 3162.75002176913, 3115.9833129954404, 3128.8249070929887, 3097.4652695251025, 3099.934302601096, 3073.1806908409953, 3142.7958024446757, 3079.9149820482985, 3138.3576372683965, 3099.9897911703606, 3104.307247024937]
fps.ltu:[33.13619094669621, 32.375023353528086, 33.07190066748711, 34.28158672876421, 33.36147880275388, 33.71072747918297, 33.95229037037843, 33.609865000077484, 35.091130002403084, 33.082265778118284, 34.55149548466123, 33.048708657257414, 33.31687751171437, 33.80558417413532, 34.6811166795496, 33.66351508975466, 33.81736328256784, 33.12704514047856, 33.529634079479976, 32.61984250959074, 34.21522199958128, 33.16390178550763, 34.229352060728495, 33.321298578878604, 33.3218080525598]
fps.c2:[1.6135114389781389, 1.7259197374010138, 1.4754006408240345, 1.0539904194144343, 1.5606395296695932, 1.749345992005007, 0.8343459058450683, 2.6971142270494424, 1.1244816755376645, 1.218081545375338, 2.7259956823343026, 1.303972459705619, 1.5436907110834999, 1.9588508887556961, 1.1006336372314587, 1.0634762095429726, 0.623339423700679, 0.837467834901048, 1.4453403883821538, 2.3087567602641896, 2.9657871455383265, 1.3660585328097694, 1.4000447234974662, 1.3753004358397716, 1.7344751679552322]
FC:[[3.8316553536852567, 3.8281897437212495, 3.893270445072647, 3.974171125812973, 4.059373279404113, 4.131248151721744], [3.8411338433621447, 3.8733368541671775, 3.9432920901463784, 4.021393841246899, 4.1043012046154645, 4.179564395885917], [3.9824027186371023, 4.010640392543416, 4.086479280128578, 4.164874000952289, 4.245564195117796, 4.3292031032533815]]
FCE:[[0.03364550359488047, 0.015702690010969873, 0.009682444856994711, 0.00766425038610692, 0.00676611473358408, 0.006209775578973694], [0.025720536872790026, 0.012307115007534198, 0.007367617389623764, 0.005981820452202194, 0.005282135739375577, 0.004859033805007927], [0.021991082657036195, 0.010339395943733811, 0.006339450486397047, 0.005140285790285956, 0.004539689966536429, 0.004002509399538225]]
