Ri:[100, 130, 160]
Zi:[50, 100, 200, 300, 400, 500]
fps.ts:[1705.4969999980926, 5116.490999994277, 8527.484999990462, 11938.478999986648, 15349.472999982834, 18760.46699997902, 22171.460999975203, 25582.45499997139, 28993.448999967575, 32404.44299996376, 35815.436999959944, 39226.43099995613, 42637.424999952316, 46048.418999948495, 49459.41299994469, 52870.40699994087, 56281.40099993706, 59692.39499993324, 63103.38899992943, 66514.38299992561, 69925.3769999218, 73336.37099991798, 76747.36499991416, 80158.35899991036, 83569.35299990654]
fps.e0:[10144.483407968552, 10199.007332668563, 10206.371926660437, 10226.36137049628, 10241.593022876596, 10270.381418383111, 10304.396979902618, 10311.568584962406, 10341.962560640442, 10367.35693697686, 10377.278940191118, 10372.732535108822, 10428.835035825086, 10438.920394311777, 10398.025321295238, 10428.348206479675, 10454.274457951733, 10434.48286893703, 10495.039994176812, 10464.850848022012, 10475.56150270959, 10495.289381425951, 10539.87951780755, 10508.33539224509, 10525.576314839847]
fps.e0u:[14.20421362025144, 14.090734034430314, 14.286716408841801, 14.252645274369577, 14.246142144807518, 14.399364731880524, 14.162498159522352, 14.050422989080827, 14.239396722505688, 14.015541911429533, 14.274007612948594, 14.219482959291874, 14.214206641712947, 13.874476154157366, 14.22886052455516, 14.038091740241455, 14.287059229629877, 14.339170850335234, 14.385848267346335, 14.350735292474004, 14.172579702364736, 14.270628420265332, 14.181848802655585, 14.471592772331567, 14.477085232137817]
fps.lt:[9526.615853494386, 8932.149035146245, 9609.399710853664, 9658.592809086382, 10049.590072937131, 9772.593181718308, 9406.090894239685, 9674.781484660436, 9310.930565399705, 9502.453572354116, 9582.879141366546, 10024.551421409547, 8907.406896006592, 8649.01905091369, 9545.305086786766, 9666.4727261205, 9145.975529580463, 9858.2607435241, 8586.664024008518, 9519.068072717433, 9681.699688015206, 9106.572754432942, 8585.736386784933, 9510.115341800138, 9194.451393547855]
fps.ltu:[377.6338510573862, 328.3881195866579, 381.86364825843344, 386.2955611508395, 417.22385510616016, 398.6591555174376, 359.3582782132598, 379.56804630484277, 355.88384920308016, 364.42659103849184, 375.45081392935674, 410.86935510958835, 322.70578373425343, 298.86968363672344, 372.48534886831686, 375.39213162778856, 341.9298306371423, 396.9040347635945, 302.736773860493, 371.95205664883946, 379.86278748199766, 339.1555157805965, 298.94408450050645, 375.6898634448931, 350.053558367278]
fps.c2:[1.532446002746703, 0.7144005311397952, 1.5085746538309022, 1.095612208527267, 2.3934930385181943, 0.5407938035622796, 0.8301867666657851, 1.8038543943175591, 1.4916924433305583, 2.0461170055223303, 1.7597068830909064, 1.444812154403913, 1.7732890415851406, 1.331883175411434, 0.8036163413164551, 1.6077093060740486, 2.271587447241717, 0.9583723861813312, 1.9848955975442353, 1.8512292902796423, 1.7162018522870475, 2.587695373488048, 1.3379003933172888, 2.0539271165421735, 1.1545184702102365]
FC:[[4.618810093097342, 4.645914562457321, 4.665070878179642, 4.698241816200401, 4.733504345730715, 4.75960291157116], [4.649760535117412, 4.677925487632715, 4.694885414683839, 4.723754416628729, 4.75544233924267, 4.782809273193859], [4.706683946007793, 4.757946534236301, 4.790147563075867, 4.819269879897554, 4.855917641650476, 4.88379921381759]]
FCE:[[0.04150562946684322, 0.024697640497969575, 0.015904109356134663, 0.012426002673905142, 0.010491252057378487, 0.009203152043234653], [0.03236832715347923, 0.019010084664855577, 0.012196186693791352, 0.009523677232669583, 0.008049177066918099, 0.0070773772546773046], [0.026828702431718563, 0.015759886022033393, 0.01014468993720327, 0.007924310076986801, 0.0065788332339978385, 0.005798588912739905]]
