Ri:[100, 130, 160]
Zi:[50, 100, 200, 300, 400, 500]
fps.ts:[1680.5463999986648, 5041.639199995994, 8402.731999993324, 11763.824799990653, 15124.917599987984, 18486.010399985313, 21847.103199982645, 25208.195999979973, 28569.2887999773, 31930.38159997463, 35291.474399971965, 38652.567199969286, 42013.65999996662, 45374.75279996395, 48735.84559996128, 52096.93839995861, 55458.031199955934, 58819.12399995327, 62180.2167999506, 65541.30959994793, 68902.40239994525, 72263.49519994258, 75624.58799993992, 78985.68079993725, 82346.77359993458]
fps.e0:[10804.08385059944, 10809.27832866809, 10822.09940282629, 10820.94526354199, 10830.10715794944, 10845.4876587565, 10833.277249127223, 10844.90188106821, 10830.299241048564, 10831.684790140147, 10829.66028793936, 10852.369106481394, 10834.895917077421, 10841.78944674856, 10840.290073535263, 10825.097846150931, 10851.744322881279, 10825.174345607233, 10861.671888030449, 10851.253317347873, 10820.758757385674, 10834.152256887319, 10845.59237333554, 10837.473178270106, 10841.170910485316]
fps.e0u:[15.245461386972556, 14.996268908856916, 14.884683061923813, 14.790111851604694, 15.136056091115199, 14.982926136409798, 14.906326395138361, 14.971110663476864, 14.820423349351486, 14.960885899722001, 15.048029559726897, 14.962895066784188, 15.220408687380347, 14.799769631543594, 14.82210293130229, 14.940413859787782, 14.860861859504976, 14.984825364643973, 15.132863250276037, 15.004792838210454, 14.918225074494124, 15.168013768770725, 15.052862154756983, 15.042614496305225, 15.181718272733795]
fps.lt:[5876.799829524747, 5839.412889384708, 5778.261946241062, 5792.627795979658, 5586.513929849245, 5588.4754430531375, 5620.71129037028, 5482.384243752618, 5724.035208260574, 5733.585039684113, 5594.542858859955, 5526.238059437357, 5578.731735100177, 5587.431169040839, 5571.736776786112, 5664.099501181119, 5538.106515812024, 5758.259368311363, 5462.868637540158, 5383.962131026732, 5774.703294491223, 5474.967143883502, 5528.577021199187, 5560.030017375672, 5575.498971522158]
fps.ltu:[145.97775109591203, 142.57466490399366, 138.1906733664301, 137.1096283475833, 130.33534326922862, 128.90470131701406, 129.8536424969497, 124.60779870910865, 134.15511920090134, 136.34611238863317, 129.68961394900813, 125.95943688940781, 130.6602360552343, 128.08424444482424, 128.60905032638655, 132.47903344516303, 125.44818816201615, 137.1310667408398, 124.89630617947208, 120.54535988886047, 137.53076729347765, 125.3685490661591, 126.8222992215398, 128.0698416135574, 130.1302694032408]
fps.c2:[0.7588190477169904, 1.0349567190171987, 0.9610973068158646, 1.5345433491680907, 0.9292049015116427, 0.7385927796707547, 1.488874799621809, 1.5572777182736393, 1.9986432937818868, 1.408560652325001, 2.455062471502364, 1.425805655759678, 1.925377879671458, 2.3083007623213256, 1.1472114198849097, 2.5742177992434523, 2.094524805848113, 0.9156157003665453, 1.7371020734349345, 1.9928371746145959, 2.210079158253337, 0.6845398725305821, 1.026548183656869, 1.0795256237434034, 2.984611812553772]
FC:[[3.792883206997491, 3.811647468758828, 3.865312951655594, 3.90410285728987, 3.9472761017344444, 3.990829692912495], [3.797032824391602, 3.8327405264736165, 3.8921832198604, 3.938062196535466, 3.989141020248365, 4.036325293668635], [3.9632384778067262, 3.967209513995597, 4.017663519075474, 4.0663761517817445, 4.122166439137689, 4.170779247640225]]
FCE:[[0.04217816503159294, 0.021343556003203267, 0.013033375863789467, 0.01014982890425566, 0.008614041724543673, 0.007650391579638148], [0.03243040666569817, 0.01646950887021525, 0.010085839209480557, 0.007899922170149298, 0.0067209885247732385, 0.005987244831814933], [0.027028180744110272, 0.01412753090712633, 0.008613095459794362, 0.00658341798778873, 0.0054734960728132324, 0.004879869442617298]]
