Ri:[50, 100, 150, 200]
Zi:[100, 200, 300, 400, 510]
FC:[[4.114669688206241, 4.126845636765178, 4.1034396260916735, 4.113207425298676, 4.142795335264567], [4.024445273710276, 4.052797987590264, 4.081351278561824, 4.110851128674972, 4.142921031855008], [4.15691808943883, 4.189661638307078, 4.22452330837461, 4.25083840649005, 4.286516371669665], [4.744161238551925, 4.805739122233512, 4.837455409350547, 4.864383316446472, 4.898013713524992]]
FCE:[[0.04634836766486722, 0.03127881645747431, 0.0254457466888688, 0.021856128306168978, 0.018820995201473855], [0.023148777404585853, 0.015704874010631465, 0.012716319646924372, 0.01100003852331127, 0.009503993302521127], [0.01583347969043401, 0.010769215497359578, 0.008724096079157069, 0.007546932800528837, 0.006710268995913673], [0.014976939294042918, 0.01008985939032067, 0.008140989441294013, 0.00703656599036287, 0.006251664008027088]]
fps.ts:[1608029359.2673001, 1608032818.2679, 1608036277.2684999, 1608039736.2691002, 1608043195.2697, 1608046654.2703, 1608050113.2709, 1608053572.2715, 1608057031.2721, 1608060490.2727, 1608063949.2733002, 1608067408.2739, 1608070867.2745001, 1608074326.2751002, 1608077785.2757, 1608081244.2763002, 1608084703.2769003, 1608088162.2775002, 1608091621.2781003, 1608095080.2787004, 1608098539.2793002, 1608101998.2799, 1608105457.2805004, 1608108916.2811003, 1608112375.2817001]
fps.e0:[10124.213500149299, 10141.970129074041, 10158.999164952134, 10134.895910669908, 10091.706730650343, 10131.496645026422, 10164.470180957984, 10089.924232800806, 10134.286221455155, 10100.78786644456, 10142.468562478374, 10118.434586733207, 10169.027588267876, 10158.383366344333, 10091.207357736368, 10171.313469556351, 10105.449427148962, 10151.979259265856, 10164.268647130473, 10166.01960451953, 10158.034190344293, 10152.090073972797, 10120.441504463317, 10125.386360214385, 10150.8949968955]
fps.e0u:[20.5320554385859, 20.694016229534622, 20.25894858354085, 20.47930889224151, 20.681502696493492, 20.79706826467677, 20.48306424276683, 20.599105508205806, 20.35118910478379, 21.10673533258104, 20.42826757857067, 20.65460970446319, 20.692654990075432, 20.87653467133352, 20.86741750505472, 20.771124591244803, 20.85996427873237, 20.61146043408705, 20.607657809379372, 21.082416123701154, 21.100351308985882, 20.966068040368746, 21.04081203898556, 21.29043913585651, 21.42636223401175]
fps.lt:[12490.023795126666, 11009.511235755579, 10869.20677192267, 11782.44206402932, 13069.926852019671, 11254.728390448414, 10809.443846014035, 13786.642305072768, 11990.085095096545, 12419.843870866305, 11702.081228883999, 12402.23843524775, 10137.485584900529, 11118.274189626032, 12991.440957572118, 10508.844744893371, 13535.52769199957, 10971.599294192038, 10527.902753559947, 10382.808897727276, 11268.469188610099, 11532.760558828277, 12360.799531600394, 12303.0936846505, 11103.173818664682]
fps.ltu:[954.0667074834547, 749.7223153468069, 710.0088040851086, 861.8862598684327, 1054.9724623443892, 786.9531785317829, 708.9638230043882, 1171.249559871201, 874.8397172216085, 967.4342471445916, 834.3604326323081, 943.3423771204916, 632.5238157278038, 763.7559886704232, 1052.8661034970366, 681.3898378547324, 1137.4048863951975, 742.9769387796537, 683.7090349529253, 678.7005203394926, 798.2379052452178, 824.8938625345318, 963.2402941056451, 958.0637165424665, 782.3792949914216]
fps.c2:[1.1301142390692507, 1.3604130011260713, 1.1840960886879457, 0.46562014816501474, 0.7839059235519591, 0.419882542455401, 0.8570557805018838, 1.158580040343441, 1.2968036118382318, 0.8919969413139041, 1.6193389639558344, 1.4153882534325037, 0.950418710776822, 1.589371309298301, 0.6949908431666797, 1.0172371106824325, 1.7625821257966026, 1.1679399103287684, 1.0125971039007675, 1.1654408687073887, 0.8466601152825445, 1.9000974865723754, 0.797608653009309, 1.154958037560235, 0.6492960508602513]
