Ri:[100, 130, 160]
Zi:[50, 100, 200, 300, 400, 500]
fps.ts:[1761.6996799993515, 5285.099039998055, 8808.498399996757, 12331.89775999546, 15855.297119994164, 19378.69647999287, 22902.09583999157, 26425.49519999027, 29948.894559988978, 33472.29391998768, 36995.69327998638, 40519.09263998509, 44042.49199998379, 47565.89135998249, 51089.29071998119, 54612.6900799799, 58136.0894399786, 61659.488799977305, 65182.888159976006, 68706.2875199747, 72229.68687997341, 75753.08623997211, 79276.48559997082, 82799.88495996952, 86323.28431996822]
fps.e0:[10879.69608731743, 10867.608054618222, 10878.073031314381, 10858.158636899509, 10843.397999709554, 10871.436709800317, 10866.98888301029, 10865.13986919478, 10871.148167767344, 10856.524105076129, 10844.738734836295, 10843.127058331822, 10854.343294812841, 10861.12963177928, 10877.409093746595, 10851.192044771895, 10862.618693144723, 10880.679283562591, 10862.14450101871, 10870.325863141834, 10849.852621067637, 10848.889853166014, 10863.635017670706, 10865.057926122687, 10862.975495105344]
fps.e0u:[11.446979032328642, 11.552309302768132, 11.48656349861054, 11.54446587512673, 11.525982569453573, 11.643177297672544, 11.586003075267948, 11.516275493706877, 11.581033123334326, 11.513312687561728, 11.492652684374711, 11.541196972550773, 11.609037330173232, 11.737836250961228, 11.548507649989121, 11.636856810108473, 11.594145946521927, 11.587964576691178, 11.577640809410026, 11.551066850340042, 11.606751149719122, 11.579832128209679, 11.548264086646748, 11.579580154963915, 11.67554300399913]
fps.lt:[8388.668626343315, 8628.181761251413, 8340.800419732754, 8823.572564046606, 8901.89603197379, 8583.79010718169, 8620.252518933215, 8575.79249267154, 8635.089171666319, 8696.079235605348, 9083.97575105194, 8841.460274685069, 8842.878565248753, 8825.480435602343, 8481.35401747241, 8991.389909262514, 8623.842489453033, 8422.349602616763, 8684.775314787636, 8461.262132688771, 9013.728701534172, 9202.965042822476, 8932.61530126772, 8781.839317746308, 8675.106607248337]
fps.ltu:[221.12069284493435, 235.1832870150169, 219.5980625995955, 246.3929186950751, 250.1692686780897, 234.2326400012278, 235.9438015106629, 231.03105114751517, 236.74904666300478, 240.39711859675748, 260.4641859678019, 247.11669133675593, 247.63963811626584, 250.05461730800914, 227.23387523800784, 257.248161749131, 236.38174093331247, 225.22850499068457, 239.29218932352137, 227.22587300637787, 259.41483346440157, 268.7787075278723, 252.48414271730067, 244.13131877468942, 240.93023272732387]
fps.c2:[1.321987918194735, 2.2605095760882725, 1.2863761597914225, 1.567032452492567, 2.683133161643843, 1.1627510924317204, 1.5840209093934212, 2.969598433966622, 2.396560947111786, 1.1578347282176071, 1.9660860500137498, 2.7541766582661307, 1.2720996994997589, 2.7061455869042437, 1.5832691349906467, 4.768181510196682, 1.6385634123641, 1.1137782162512955, 1.758697215453033, 1.978935934262706, 1.2846830706627914, 2.1679428420718376, 1.5382740474960397, 1.4957352113585753, 2.050021128637565]
FC:[[3.76889389922812, 3.796228574816961, 3.8516139248796106, 3.880558043811306, 3.90615528993628, 3.943479801177334], [3.7996587149924586, 3.8384856934805485, 3.8919620241435404, 3.9232276042739644, 3.95609823037845, 3.9934319865509647], [3.9235155607255563, 3.97077254537815, 4.037462106482222, 4.070198289785464, 4.110052861154691, 4.147877826140376]]
FCE:[[0.028546079735527582, 0.01617559634890889, 0.0104254267105494, 0.008101644848730293, 0.006816593717243326, 0.006015072410798881], [0.02224035012203782, 0.01257461982508449, 0.008051507062247684, 0.006280171131721153, 0.005313285499613353, 0.004700113317417418], [0.01900983862654644, 0.010689726535628392, 0.006712984920875045, 0.0052497776936626765, 0.004354307359558808, 0.003856530231244094]]
