Ri:[50, 100, 150, 200]
Zi:[100, 200, 300, 400, 510]
FC:[[3.9989259928101384, 3.9926725794739077, 3.998635465004944, 4.021580322437811, 4.049376841893635], [4.008886159775684, 4.016359538479378, 4.031061242752847, 4.055245321765188, 4.0730447058408465], [4.124348579942117, 4.151688129005631, 4.172576842350373, 4.199717423877065, 4.222287971940553], [4.726490491589358, 4.769246801869665, 4.803092571739761, 4.835563554600918, 4.860475045566242]]
FCE:[[0.04838060038336486, 0.0328388507404045, 0.02660630707259887, 0.02290691864551139, 0.020265447051609254], [0.024025865914794175, 0.016372883475713328, 0.013265599967073018, 0.011464310609526285, 0.010132611987589963], [0.016322979295362278, 0.011177478133045137, 0.009032562558856818, 0.007797410288727941, 0.006890735006941098], [0.015111597624011684, 0.010323211311883388, 0.008347866127820321, 0.007219595248466737, 0.00638421798271842]]
fps.ts:[1619588833.50742, 1619592272.1922598, 1619595710.8771, 1619599149.5619402, 1619602588.24678, 1619606026.9316201, 1619609465.6164598, 1619612904.3013, 1619616342.9861403, 1619619781.67098, 1619623220.3558202, 1619626659.04066, 1619630097.7255, 1619633536.4103403, 1619636975.09518, 1619640413.7800202, 1619643852.46486, 1619647291.1497002, 1619650729.8345404, 1619654168.51938, 1619657607.2042203, 1619661045.88906, 1619664484.5739002, 1619667923.2587404, 1619671361.9435802]
fps.e0:[10721.52123674106, 10757.69269679445, 10740.924837956823, 10736.853288265742, 10752.788709226443, 10714.113470287419, 10732.964114621574, 10730.60683338768, 10733.005288036562, 10708.756536439672, 10700.569215655705, 10750.477234500433, 10698.082412894762, 10726.467236544813, 10709.38891170285, 10714.906618381334, 10736.82653298794, 10731.921928051988, 10695.552740198093, 10735.179371864137, 10746.722963310245, 10728.277349610491, 10727.013798194943, 10724.771721956757, 10700.417741861655]
fps.e0u:[22.605469776479737, 22.50920750465694, 22.721162324187084, 22.747552545061854, 22.457155051671652, 22.595662127076103, 22.722235287780162, 22.638474435367353, 22.81134248711582, 22.940763139151038, 22.952576546215518, 22.85965830140856, 22.562002808669117, 22.901089076627915, 23.03175149344977, 22.702425090351475, 22.891829934769845, 22.548621379817998, 23.008605300471483, 22.931763718176704, 22.340862358888966, 22.849776890462472, 22.228559092975974, 23.038547864354697, 22.981224792975972]
fps.lt:[21388.29501572965, 16909.971306593023, 17996.94216203864, 19597.644589121668, 17778.50569074687, 21170.64690770077, 18019.055132193607, 18624.719287588025, 21165.654020537968, 24172.44075704449, 24641.617621430745, 17930.859495611916, 23515.092439306023, 20005.662694863324, 24530.057788860096, 22151.987063696302, 18739.450218598522, 21103.7500526456, 25466.269172070934, 19655.951892456582, 18567.729072017966, 19905.073368879424, 21951.500258484113, 19933.36406340006, 23193.228821021203]
fps.ltu:[2898.1686690056263, 1790.7942482502465, 2037.8906815950497, 2423.8663362904254, 1986.5206572480147, 2844.8181099399803, 2059.7213439785814, 2220.5214808027654, 2848.4901831021093, 3773.860166522559, 3916.0630894546584, 2059.777408509531, 3495.1527713659643, 2578.8497105181877, 3864.689131086891, 3123.0388741057377, 2263.067253527794, 2814.963836610787, 4128.254463754694, 2480.0900000764077, 2166.4750902690857, 2518.025242862577, 2992.4267240111008, 2562.4060778040352, 3460.354942734921]
fps.c2:[0.7132469614614367, 0.8469592073286578, 1.5028843577271216, 2.372666982971779, 1.192636653218249, 1.9586008652688085, 0.630277791298507, 1.4805548140025828, 0.8404378469053927, 2.1746529846640152, 1.2940454866553628, 1.5357077434087252, 1.1041524126544422, 1.1642261149108761, 1.4702232849334274, 0.7044632005801803, 2.0175216771755595, 1.0716883072961918, 0.9782230478733527, 1.423947388320904, 0.8816912499698651, 1.8622013466425669, 0.7697804727557288, 2.3915734469062033, 1.5134358271627566]
