Ri:[100, 130, 160]
Zi:[50, 100, 200, 300, 400, 500]
fps.ts:[1221.4663800001144, 3664.3991400003433, 6107.331900000572, 8550.264660000801, 10993.19742000103, 13436.130180001259, 15879.062940001488, 18321.995700001717, 20764.928460001945, 23207.861220002174, 25650.793980002403, 28093.726740002632, 30536.65950000286, 32979.59226000309, 35422.52502000332, 37865.45778000355, 40308.39054000378, 42751.323300004005, 45194.256060004234, 47637.18882000446, 50080.12158000469, 52523.05434000492, 54965.98710000515, 57408.91986000538, 59851.85262000561]
fps.e0:[10638.67295753971, 10608.549928919336, 10618.748936954778, 10655.864330143708, 10669.992953527311, 10637.327158029026, 10660.297767772225, 10677.605683159027, 10656.207460089363, 10671.137365764913, 10712.553058309803, 10668.375294861215, 10657.685711856, 10652.247172065881, 10664.655888102454, 10708.899084088864, 10664.373272103363, 10672.229540512542, 10686.595966363462, 10680.301156204983, 10715.014039191832, 10675.619538342406, 10695.154054286826, 10733.832862012245, 10672.055708994509]
fps.e0u:[8.993095590547078, 9.077924068032189, 9.178250487775712, 9.068133207349499, 8.999926126307619, 8.930979846943355, 8.917249227080745, 8.776653185468547, 8.843217362375464, 8.992927580981434, 8.726854012172412, 8.762780535194022, 8.86598237618905, 8.96783841691037, 8.748728162776088, 8.850245191877457, 8.729452895010112, 8.808736865549134, 8.973953440049588, 8.634419462738787, 8.810638553453094, 8.848267261692756, 8.881632664754582, 8.870973586531978, 9.224906451889554]
fps.lt:[5786.904669423964, 6146.910567500362, 5984.7064693579005, 5750.602327745799, 5711.44902030103, 5920.046662786657, 5802.063209791827, 5705.034075944064, 5848.366419304942, 5668.73424559012, 5566.681299920498, 5837.718667106961, 5936.1483999554, 6031.283551031485, 6107.751979975675, 5594.607816471141, 6147.415024975317, 5959.4776193392945, 5775.757300437523, 5982.583101269845, 5659.136499744157, 6144.176219825488, 5937.505509883401, 5626.502593319198, 6030.342507299393]
fps.ltu:[85.11121451453522, 96.27678014488016, 92.64328592210903, 84.73713090107923, 82.9578803724554, 88.73794519178435, 85.65186088608142, 81.53922744751925, 86.42462283836325, 81.17702114593168, 77.05817471888042, 85.18817701328783, 88.31382401007706, 92.21668551950452, 92.05229520879897, 78.74166007318676, 93.14430006511398, 88.80106949297205, 84.90195551833204, 88.1791016815289, 79.74410358017921, 94.9462074899447, 88.69042795902116, 79.82671376209431, 95.00889531385987]
fps.c2:[10.725541926391095, 11.094744151363203, 7.938072642147355, 10.934163004783604, 11.755528660831088, 10.9911693665213, 8.689654000801564, 13.515156106373533, 9.809087888959496, 14.14404644577052, 16.865186380975327, 12.450074069663502, 13.119223483768552, 8.092396693716939, 15.580116898015518, 13.727652102200027, 9.966724065309608, 7.590880022447451, 9.62129137548758, 17.674535331381158, 11.524274840235835, 6.895654422930038, 12.161963535889837, 7.925197442907878, 7.693063595749079]
FC:[[3.916710097249229, 4.009665012954193, 4.118091073273007, 4.180148445653178, 4.261358780718253, 4.341268149051112], [3.954572200570828, 4.075656599565735, 4.168793002724232, 4.238588398367075, 4.318016336228649, 4.398598548241338], [4.1155787311517, 4.185297177340483, 4.278945162329059, 4.360781772550027, 4.438210217385893, 4.515222335223739]]
FCE:[[0.024016601851875232, 0.013374288496985399, 0.00858546509784582, 0.006892078193395088, 0.0059478986837727815, 0.0052254018524493925], [0.019230893621061357, 0.010244190607613576, 0.006657901576666564, 0.0053369314767315115, 0.004610091167901648, 0.003960840690874094], [0.016380181796273666, 0.008704124891456388, 0.005583697777240649, 0.00439073639156718, 0.0037038047283213765, 0.003331250758576434]]
