Ri:[100, 130, 160]
Zi:[50, 100, 200, 300, 400, 500]
fps.ts:[1730.450640001297, 5191.351920003891, 8652.253200006486, 12113.154480009078, 15574.055760011674, 19034.95704001427, 22495.858320016858, 25956.759600019454, 29417.66088002205, 32878.562160024645, 36339.46344002723, 39800.36472002983, 43261.266000032425, 46722.16728003502, 50183.06856003761, 53643.969840040205, 57104.8711200428, 60565.772400045396, 64026.67368004799, 67487.57496005058, 70948.47624005318, 74409.37752005577, 77870.27880005835, 81331.18008006096, 84792.08136006354]
fps.e0:[10819.206401694757, 10831.180700878134, 10797.919436586068, 10841.160154476474, 10843.587676773486, 10827.210036517508, 10830.236989252506, 10833.621786471198, 10832.393139031441, 10815.570989448537, 10837.577944443476, 10850.553328151766, 10829.501035497842, 10815.635283217487, 10830.746218729137, 10820.552580871932, 10829.840962971262, 10836.062024595938, 10857.06724011668, 10840.395143529146, 10829.970698623987, 10855.14825422315, 10851.134236803584, 10827.949328991268, 10846.666980621278]
fps.e0u:[12.265015063452696, 12.28434880540109, 12.293921905586279, 12.343189174460456, 12.202705809403326, 12.512109483890612, 12.49271764894201, 12.388077382302532, 12.3885397622677, 12.505645960830883, 12.225203294731152, 12.435851484183184, 12.311739549704095, 12.366519940779435, 12.36280346184171, 12.444626025592838, 12.325744558337734, 12.40487301133094, 12.370186129619054, 12.36889532082117, 12.481282613389487, 12.376689933220222, 12.189019329938363, 12.306117213744738, 12.460267982736731]
fps.lt:[11310.546044045434, 10938.325012071778, 11978.721782513818, 10478.96593852692, 10559.77337882888, 10598.20802987501, 10727.56725599822, 10656.541306712123, 10650.358706318142, 11445.566302696352, 10858.559734930963, 10113.799626865017, 11064.26182729048, 12148.662243446373, 11230.169621893056, 11510.8983923506, 11121.24651370865, 10779.229174743725, 10430.96120064156, 10811.624421665092, 11610.918870859596, 10556.925111791807, 10869.668462240688, 11589.073342385682, 10449.810288257786]
fps.ltu:[434.90228738134095, 408.43285932872885, 490.69107497287024, 372.3150642796971, 377.51717998884567, 388.2058056400648, 397.9744513794631, 389.95724920730106, 390.1810855704689, 453.5494645036476, 398.5879729879984, 352.96088264031636, 417.44410985775164, 501.7553716375985, 430.4997243503638, 455.6908563786597, 422.16637586224624, 398.2050237734164, 371.0317481928115, 399.22187332326723, 464.78001515012636, 380.80691351187386, 397.53538598572385, 456.4358038300701, 379.23530929511907]
fps.c2:[1.7850506761796734, 2.456819370066678, 2.3592980873540585, 1.690285024930159, 2.324490601872622, 1.405476628985738, 1.223426160057286, 1.4112743771487313, 1.8679913734103883, 1.8497920308133613, 1.0227728988182312, 1.5550904533590812, 2.474351122737263, 0.7028438077596016, 1.4869425257461553, 1.2576074815768692, 2.2506157417646313, 1.6422386695346451, 2.034134966215833, 1.27037200605853, 1.714716629681883, 1.7156917525657778, 1.3160836611167335, 0.7834173176558715, 0.8313980047471935]
FC:[[3.817370305701932, 3.826512790110241, 3.848535672744891, 3.8813383635487715, 3.9100082719666616, 3.9389116151475907], [3.8471155726532484, 3.8633910626457215, 3.8905637596938574, 3.927278410856149, 3.956921857804517, 3.986137260664112], [3.978720363219701, 4.000257823851622, 4.025090898424779, 4.057784755018266, 4.08514578438707, 4.1164840303769505]]
FCE:[[0.028804841175411457, 0.017068356070641427, 0.01124854387967932, 0.008866723358246922, 0.007497743108898193, 0.006591426399543534], [0.02183653967358001, 0.013251781657556118, 0.00871558697142146, 0.006885126491498089, 0.005840177816272247, 0.0050119170051937875], [0.018324745666258746, 0.011017131145323057, 0.007212519286344543, 0.005688026138451723, 0.004832885491667529, 0.004275036089528728]]
