Ri:[50, 100, 150, 200]
Zi:[100, 200, 300, 400, 510]
FC:[[4.054141090333786, 4.087176683621659, 4.112541275777195, 4.110908507697085, 4.1484448050429075], [4.087287730113476, 4.112729481412538, 4.139563352933983, 4.165000195276083, 4.199897067860425], [4.2329767721998435, 4.273779209546899, 4.307736550349865, 4.327449581066327, 4.349913335411631], [4.827616014829112, 4.905563460732501, 4.9629636482485076, 4.98482809841778, 4.998427177892403]]
FCE:[[0.05679418108292178, 0.038336152667965695, 0.030791243818575596, 0.02648800841063676, 0.023490636565232807], [0.028437595445379056, 0.019291573877008535, 0.015441999404015496, 0.01330255308702144, 0.011752642662923704], [0.01952445271166869, 0.013364014417316076, 0.010759872886696545, 0.009219278086310635, 0.008125250194436414], [0.018264363452679035, 0.012536736892988778, 0.01015843228345373, 0.008739103666449723, 0.0077037007216457665]]
fps.ts:[1602519929.5023, 1602523197.1469002, 1602526464.7915, 1602529732.4361, 1602533000.0807002, 1602536267.7253, 1602539535.3699002, 1602542803.0145001, 1602546070.6591, 1602549338.3037002, 1602552605.9483001, 1602555873.5929003, 1602559141.2375002, 1602562408.8821, 1602565676.5267003, 1602568944.1713002, 1602572211.8159003, 1602575479.4605002, 1602578747.1051002, 1602582014.7497003, 1602585282.3943002, 1602588550.0389004, 1602591817.6835003, 1602595085.3281002, 1602598352.9727004]
fps.e0:[10015.046482144526, 9971.819454428967, 9963.681537652596, 9949.263253740983, 9925.62147482163, 9971.073269834133, 9949.56938864516, 9936.682203794151, 9926.031822233765, 9972.730871825857, 9971.753312145285, 9950.88092582003, 9985.763451042903, 9962.579082860146, 9960.848300605106, 9977.38541104668, 9944.362483905577, 9927.074062544947, 9946.228177820823, 9987.784333177719, 9995.701450126831, 9974.266913586356, 9965.724254564564, 10007.23044419103, 9982.399381151823]
fps.e0u:[24.96676633221956, 24.530535041188696, 24.655661148209738, 24.78155645348857, 25.069385030373603, 24.650718582272415, 25.131332025715373, 24.82256990169732, 24.83970110892502, 24.722690011970474, 24.800253305860423, 24.760843922048032, 24.731754194174613, 25.110530677524245, 24.758465626099095, 24.545194037032154, 24.31221178212682, 24.779087489422192, 24.800009092726764, 23.955866934606416, 24.28927809508525, 25.049253932653656, 25.159584241774404, 24.920725299107556, 24.85112762399298]
fps.lt:[11907.961334028594, 13862.99936888826, 16577.11495721717, 15882.123679567578, 17634.197712860143, 13801.206054608947, 14972.392952338214, 16009.802937281924, 18745.48758435921, 13741.276788995325, 14432.28239060674, 14772.36235116659, 14433.22382899706, 14245.278761623076, 14673.100459544023, 13407.681613214607, 15201.340440515172, 19046.521091804134, 15055.964429238016, 14031.045302476725, 11932.292254655915, 14536.432384261092, 14316.81546170402, 13063.809445382143, 12959.97878210059]
fps.ltu:[1068.9458106577033, 1445.1710931578878, 2044.4162526707169, 1905.082181435349, 2356.119289785341, 1417.4992367343118, 1706.6315825217164, 1909.6197649456537, 2634.10467626462, 1411.1460587915092, 1572.3599378552308, 1639.7570957589862, 1559.7857712611508, 1557.879740254369, 1624.5706346006834, 1342.8866661976167, 1717.8838713817108, 2709.4253668099755, 1717.8817215297195, 1443.8698641936435, 1068.5151805176308, 1594.5269791046485, 1555.47927157172, 1279.3956720185165, 1279.2001479301953]
fps.c2:[0.7744926046404635, 0.8541573984329183, 1.5371812222457826, 1.473288551577088, 1.534928117910415, 1.7176654603764032, 1.4637179987386126, 0.7867163725605187, 0.6354821827362156, 1.5861170288772635, 1.7659948647005945, 1.0576987452012214, 1.188691636155317, 1.0497517938769312, 1.6764080213648334, 1.8334515048865732, 1.3258932955987737, 0.33934159916602513, 1.7465106476906627, 1.5497987358296816, 1.6299939910667869, 1.8581440656696036, 1.2304495587821522, 1.2568036535035298, 0.5419039581958418]
