Ri:[50, 100, 150, 200]
Zi:[100, 200, 300, 400, 510]
FC:[[4.0133138495278535, 3.981222794640003, 3.995389895406446, 4.007626707163378, 3.998057890774912], [4.04394899057318, 4.040462218492222, 4.056102029939238, 4.068215134852754, 4.092057069854116], [4.182028494405448, 4.183129087388942, 4.200956580677095, 4.228779387991979, 4.259454828304622], [4.795635160965195, 4.830829808407879, 4.8651426636729616, 4.891509420067499, 4.91517570512136]]
FCE:[[0.046245736219318774, 0.031609806309001724, 0.025840289124568268, 0.022540077851173214, 0.019711028553203818], [0.023460420060317882, 0.016376275660125342, 0.012832402393254491, 0.011076479392140924, 0.009521586423489048], [0.016159096971520008, 0.010858237581977789, 0.008752849967771668, 0.007570706624407653, 0.006703623673928443], [0.014823413044783181, 0.010057105158110447, 0.008119702364713008, 0.007007142557902804, 0.006192850113020641]]
fps.ts:[1618731550.4630399, 1618735002.46912, 1618738454.4752002, 1618741906.48128, 1618745358.48736, 1618748810.4934402, 1618752262.49952, 1618755714.5056, 1618759166.5116801, 1618762618.5177603, 1618766070.52384, 1618769522.52992, 1618772974.5360003, 1618776426.5420802, 1618779878.54816, 1618783330.5542402, 1618786782.5603201, 1618790234.5664, 1618793686.5724802, 1618797138.5785604, 1618800590.58464, 1618804042.5907202, 1618807494.5968003, 1618810946.6028802, 1618814398.6089602]
fps.e0:[10674.438955736716, 10709.404789717883, 10650.838337782277, 10741.538354663524, 10705.022678131072, 10680.463254021603, 10690.427740261719, 10701.288706807765, 10670.596053271483, 10698.63405954272, 10746.089935614938, 10678.257229822419, 10752.679582709843, 10699.780625697702, 10705.786656897257, 10698.334701637146, 10703.902474999015, 10708.437445607175, 10736.465677460365, 10720.475850562269, 10687.877112648212, 10670.088998221023, 10698.42040643447, 10707.013762513972, 10691.881147381775]
fps.e0u:[21.17690691872748, 21.624871088282084, 21.933933105009803, 21.399092759753742, 21.66262856095254, 21.756944587965187, 21.90183877644168, 21.780076513235993, 22.060436232829037, 21.54718264151218, 21.514279833532388, 21.820446282603083, 21.469841993540808, 21.95766737799662, 21.706986717884657, 21.50766031898725, 22.046310982097467, 21.508655133677838, 21.663949614981995, 21.4398375944783, 21.800996469773033, 21.767394800447313, 21.517261562539357, 21.506600490650015, 22.186774411627542]
fps.lt:[20464.100062736085, 19586.39062676612, 24875.318808817538, 16208.043548822137, 18393.22645868544, 20249.87465978009, 20203.69923885038, 19295.21379518224, 20010.559337662584, 16939.82045559666, 14721.456072949333, 21422.4883055842, 14956.802726099682, 17309.676026769976, 18652.60379213579, 19858.493857514328, 18593.765960502787, 18102.74925999453, 16241.586271603817, 17739.019883728433, 21468.85051572752, 21569.73272066194, 18293.71085848094, 20414.633063175905, 18971.73160738222]
fps.ltu:[2508.674951553869, 2328.637378718033, 3805.2356969488146, 1575.20725221653, 2066.136760909974, 2492.6253030203943, 2509.928580256014, 2262.546257153155, 2480.2535595949385, 1754.8222697517929, 1307.081997093039, 2815.8442965068416, 1357.1176326408531, 1861.7306156731067, 2117.722923349757, 2378.709723334175, 2129.7030510165173, 1986.5053781055751, 1609.7711583328503, 1915.2529300418953, 2804.8955032366202, 2836.5628328819107, 2033.8526282285927, 2512.2002824477436, 2244.3634802848987]
fps.c2:[0.9365206557058948, 0.14718464915488644, 0.34531854748883817, 1.7963815352372319, 1.2780205745922073, 1.2787293558347959, 0.8252825726067038, 1.0696396917419915, 0.7937722940247418, 1.4907354301865143, 1.2033043204811102, 0.90920114174437, 0.9297966299292472, 0.6960289672119377, 1.5079868475764777, 1.8872561098423453, 1.4993259715691658, 1.6873158742653538, 1.5334043694673585, 1.5276120802141335, 1.7015758215109986, 1.3571298331671722, 2.0520360415897008, 1.2892400723424422, 1.9211874670623437]
