Ri:[50, 100, 150, 200]
Zi:[100, 200, 300, 400, 510]
FC:[[4.019804089140804, 4.0171633341679325, 4.047895344641132, 4.0744412278403335, 4.08696719905802], [4.070444423427932, 4.072005786605721, 4.088119332737859, 4.122942542651741, 4.139841379912823], [4.189140270840382, 4.201249815862625, 4.214043909237808, 4.243652280004095, 4.271550673529421], [4.771953931411893, 4.805112824700251, 4.841677680741255, 4.868867164899858, 4.898033318409141]]
FCE:[[0.04758624509088083, 0.032064816178422065, 0.02658792659269989, 0.023299683647516195, 0.020740795697459943], [0.02492874497334564, 0.016785749921050242, 0.01362763683012992, 0.011884756104132279, 0.010552078681321866], [0.017141091626994, 0.011573816002100683, 0.009329245367061603, 0.008116059746073448, 0.007215582688059047], [0.015607466782879286, 0.0106455576186522, 0.00863186740119949, 0.0074871815407646985, 0.006650936750051423]]
fps.ts:[1612353726.27384, 1612354978.99752, 1612356231.7212, 1612357484.44488, 1612358737.16856, 1612359989.89224, 1612361242.61592, 1612362495.3396, 1612363748.06328, 1612365000.7869601, 1612366253.5106401, 1612367506.2343202, 1612368758.9580002, 1612370011.68168, 1612371264.40536, 1612372517.12904, 1612373769.85272, 1612375022.5764, 1612376275.30008, 1612377528.02376, 1612378780.74744, 1612380033.47112, 1612381286.1948001, 1612382538.9184802, 1612383791.6421602]
fps.e0:[10530.567478021272, 10549.890203548934, 10564.245191560074, 10585.96802578008, 10597.404775186118, 10588.045924802387, 10595.351730786899, 10636.48729590601, 10608.238517464615, 10605.086933249955, 10595.421226127564, 10611.60512648797, 10553.254149892276, 10641.084229540478, 10617.383161236316, 10660.570368976805, 10625.53760443971, 10660.907494966666, 10621.816952217572, 10633.311262154517, 10637.547489834153, 10664.102736228211, 10634.684067394726, 10679.384012686796, 10693.168470087568]
fps.e0u:[22.65942297865902, 22.810959946744905, 22.66659954157985, 23.203305850906194, 22.888441450569804, 22.954935426542775, 22.948581695904117, 22.83576930039743, 23.015141544550715, 23.29344658178957, 23.458713797286954, 22.99187816816916, 23.12612232054574, 22.917435980457107, 23.484568561578534, 23.203818809845675, 22.980514738529962, 23.181648686811698, 23.51453151140388, 23.3441227733238, 23.193403918299257, 23.15698635398637, 23.43913995418114, 22.815253225366135, 23.365394955486167]
fps.lt:[19699.310204198762, 18073.5985239195, 19859.448590483895, 16824.15490535776, 14739.313589785941, 17499.177870689502, 18126.117151472736, 16009.686948127566, 16234.934662476644, 17234.634849270707, 18883.87481339652, 16456.732668336852, 23983.11514724975, 16373.506418037501, 18849.01188962399, 13773.919238188133, 19160.95073654186, 14252.945140268394, 17989.062881632635, 16934.71041117566, 17062.529560483734, 16553.515235011262, 16653.27338882149, 14705.252581840075, 14853.988385015746]
fps.ltu:[2533.639650773603, 2145.5099821434246, 2553.1554507944916, 1877.8519417468685, 1432.4727946693326, 2004.0904380692218, 2148.358124492002, 1668.9221235956209, 1756.3896839488957, 1971.1244099554453, 2382.8176105617536, 1782.809699488587, 3826.5048450627387, 1756.2450887344783, 2382.157169967043, 1265.5478394684253, 2405.249717471025, 1342.9723180921753, 2171.2071722915334, 1908.4146561560278, 1946.1336435761045, 1808.6854092671176, 1868.656737438049, 1414.4780681865518, 1467.211783887175]
fps.c2:[1.4483327562754553, 1.8283503555012541, 1.1910853571216138, 0.9563875460222128, 0.8101119182182163, 1.0218430630987505, 2.5667405195839286, 1.116557205557125, 0.5287206712982283, 0.9795274471173794, 1.4606576935008613, 0.7595234943821475, 2.045229047724492, 0.8743309040331824, 0.7102258655725764, 0.702364168765998, 1.4974304085848844, 0.9754396175941604, 1.034275466954735, 1.312641430588413, 1.171436532691079, 1.089376503293276, 1.6498652336750843, 0.9930411135507076, 1.0812902453554512]
