Ri:[100, 130, 160]
Zi:[50, 100, 200, 300, 400, 500]
fps.ts:[1742.3935000038148, 5227.180500011445, 8711.967500019075, 12196.754500026704, 15681.541500034335, 19166.328500041964, 22651.115500049593, 26135.902500057222, 29620.68950006485, 33105.47650007248, 36590.26350008011, 40075.050500087746, 43559.83750009537, 47044.624500103004, 50529.411500110626, 54014.19850011826, 57498.985500125884, 60983.77250013352, 64468.55950014114, 67953.34650014878, 71438.1335001564, 74922.92050016404, 78407.70750017167, 81892.4945001793, 85377.28150018692]
fps.e0:[11029.891274618321, 11004.427491047303, 11029.204508538178, 10983.142545526744, 10997.691653005377, 11012.012053179598, 11031.523336332428, 10979.871658566699, 10998.431266298978, 11006.78317502097, 10989.184138738148, 10981.511972734288, 11015.782965555894, 11006.054159433506, 11011.399591169093, 11005.171526881482, 11004.79448506659, 11008.647997138984, 10992.060836202321, 10985.332298142024, 10999.391926258133, 11026.166540013053, 10993.229245992461, 11010.736573706394, 10970.156595934179]
fps.e0u:[17.95568520517909, 17.837871683184996, 17.734935182198786, 17.779972441640897, 17.714054445809033, 17.926020792756862, 17.92455079864603, 17.615726999006537, 17.68043763438549, 17.790828153765695, 18.171470652590536, 17.904015381706337, 17.743612588669325, 17.93214248055828, 17.693270642578362, 17.677117141539348, 18.054382202218076, 17.856186547825786, 17.951880910386254, 17.887620680875674, 17.832279487710046, 17.897404413122334, 17.69195340170668, 17.856722080159237, 17.913790750820965]
fps.lt:[12975.763245202917, 14063.216109662688, 12004.841425099221, 14263.998347733368, 14768.599945837608, 13007.351387396335, 12681.172694230512, 14976.689559828246, 14154.537515068512, 13367.612332854333, 14627.965349875889, 15071.169843102727, 13114.921254844383, 14571.592626722473, 13653.617133916814, 13657.421438722797, 14210.715700490277, 13354.917209447358, 15377.899147423941, 15466.772292590555, 15096.46249314259, 12553.203175504059, 14419.134924976655, 12883.905589018224, 15323.908797665234]
fps.ltu:[823.7479246076234, 969.1208859600159, 705.810113870008, 1001.8131239902506, 1057.9095013710153, 831.9305006537569, 788.8336594578963, 1090.9070959111557, 976.8575344304505, 873.8073042536355, 1062.5058475557998, 1110.2599912127268, 840.5591014531129, 1032.2208788937444, 913.5231067223356, 919.6485855833891, 993.3862382072078, 877.9039840533472, 1159.1152752434182, 1168.2396148189564, 1123.2494192115041, 766.6095617353093, 1008.6581183777851, 817.4191537570224, 1162.667213572424]
fps.c2:[1.1011091301937403, 1.2552244917534083, 0.7729494255529945, 1.043718707539821, 0.6040924035406755, 1.8718342274051605, 0.5236992606570164, 1.0978298658105958, 1.144700056091883, 1.6011016910433205, 1.6243283178227634, 1.2983103232660156, 0.8720908391452276, 1.05461702809432, 0.7061177524912007, 1.532672825349306, 0.6820208866186755, 1.079631159965396, 1.324421846391406, 0.8202917409799073, 1.036740050629467, 0.799677228616016, 0.9143351609332016, 2.11475941523806, 1.2343466522472684]
FC:[[3.892539397059837, 3.88210202398495, 3.9017639275552995, 3.9330769902260196, 3.9543574820038576, 3.9800098925303025], [3.9360790542288235, 3.922681007226033, 3.9542035796038197, 3.9765521647017326, 4.00605352546486, 4.032699094175727], [4.045804051243307, 4.0488372077039605, 4.08655782034542, 4.106503072515535, 4.1353436561089945, 4.160180789250105]]
FCE:[[0.03895258716527161, 0.02374096317852818, 0.01582936925707025, 0.012633387161533236, 0.010731468005762438, 0.009450702773202759], [0.02981138543909552, 0.01852870452295072, 0.012293964644495085, 0.009782909676459431, 0.008358214153587383, 0.007387237303032301], [0.02532863287785573, 0.01579535958773172, 0.010464274047152264, 0.008325684808239213, 0.0071288996195723806, 0.006314261370434989]]
