Ri:[100, 130, 160]
Zi:[50, 100, 200, 300, 400, 500]
fps.ts:[1725.389739999771, 5176.169219999313, 8626.948699998855, 12077.728179998398, 15528.50765999794, 18979.287139997483, 22430.066619997022, 25880.84609999657, 29331.625579996107, 32782.40505999565, 36233.18453999519, 39683.96401999473, 43134.74349999428, 46585.522979993824, 50036.30245999336, 53487.0819399929, 56937.86141999245, 60388.64089999199, 63839.420379991534, 67290.19985999107, 70740.97933999062, 74191.75881999015, 77642.53829998971, 81093.31777998924, 84544.09725998878]
fps.e0:[10892.27559459526, 10856.279929652712, 10867.486618196152, 10861.264521623874, 10844.634023433144, 10834.987842425813, 10857.059416538943, 10872.923857171036, 10862.19109836486, 10871.4393193388, 10866.081872954943, 10860.676520886658, 10874.342838419625, 10856.438683227158, 10878.568458200447, 10856.05387736474, 10864.805602113622, 10845.591441492765, 10861.612989437934, 10851.935577852157, 10878.782451061978, 10864.19148552986, 10857.321569328167, 10850.902209390773, 10868.363740531906]
fps.e0u:[15.040367928951706, 14.883694893906277, 15.216244519328388, 15.145145886143892, 15.265043119857095, 15.181468414640877, 15.288934565671092, 15.325883781387185, 15.142292411828095, 15.189937715965478, 15.200247212725184, 15.292016973626117, 15.117254324552656, 15.156201404843126, 15.284750328246522, 15.086078038308552, 15.149365745508506, 15.148719978574624, 15.052658377725201, 15.151298002912943, 15.14169166696716, 15.188679886648618, 15.15323497384143, 15.200099669375355, 15.293152578962722]
fps.lt:[11083.764322177563, 11743.139388378671, 11607.431918261465, 12222.984547972263, 12443.278010956567, 12315.711171658348, 11965.428571743878, 11935.062502212857, 11702.28267282437, 11893.480945625106, 11613.546453170035, 12326.11951356729, 11720.286744431485, 11886.135777313692, 11599.314140329947, 12255.045454810455, 11612.937377389708, 12050.749492225257, 11535.217411152316, 12438.74389338045, 11416.503127568281, 11405.012232875311, 12183.223448046534, 11805.219296547564, 11550.122089916556]
fps.ltu:[513.9042056081332, 570.3945041614822, 575.0799079783657, 624.7604535177493, 654.2727462214398, 640.1962085244614, 604.7594749565425, 603.0111227699788, 577.5830654575808, 592.9447938326507, 564.5242519690909, 641.2906928116762, 573.7561965729492, 595.2278279162056, 567.0777618070975, 624.3193996742044, 558.9795777586471, 608.9397411553242, 556.6931591697263, 645.5227502519881, 553.6507344061026, 552.6400463538808, 621.4868202520684, 583.658256877661, 565.6102172314066]
fps.c2:[1.3273188418006578, 0.9826594039329728, 2.042765690340915, 1.3521072490084478, 1.7774909474818337, 0.8012617142862608, 1.9036084766371626, 1.2621617092764839, 1.9530984437386683, 1.192810717840668, 1.5864784694695555, 1.6176323229954674, 2.0998268610489292, 0.7311616359143224, 1.0605859663202284, 1.0287558794048788, 2.2184732363627826, 1.0698383977212984, 1.5162342193471259, 0.793025319552148, 0.8863619899806453, 1.4500769689258477, 0.8319328116643627, 1.3136869400103228, 1.0146487866734655]
FC:[[3.8596025051481417, 3.83177743574638, 3.87631776168509, 3.890920407107873, 3.9170332107615264, 3.9468553967133], [3.87267439353034, 3.877056254924481, 3.915032747668771, 3.9317332384588664, 3.96547385630593, 3.9941794573968905], [4.005152360499981, 4.017411354107996, 4.050221658748196, 4.0728683522850275, 4.105723162124494, 4.132405130686294]]
FCE:[[0.034205997508331365, 0.021227764172718926, 0.013868705956893667, 0.010927465549913584, 0.009045669818075476, 0.007960615566897667], [0.026535216920610047, 0.015784511810151735, 0.010441448924407641, 0.008236400216425223, 0.007023016281347654, 0.006203890380691201], [0.022245648399140585, 0.013534512300845047, 0.008898650003530136, 0.007028405080000268, 0.0060029109697014756, 0.005315881394362515]]
