Ri:[100, 130, 160]
Zi:[50, 100, 200, 300, 400, 500]
fps.ts:[1792.064619998932, 5376.193859996796, 8960.32309999466, 12544.452339992524, 16128.581579990387, 19712.71081998825, 23296.840059986116, 26880.96929998398, 30465.098539981842, 34049.2277799797, 37633.35701997757, 41217.486259975434, 44801.6154999733, 48385.74473997117, 51969.87397996902, 55554.00321996689, 59138.13245996475, 62722.26169996262, 66306.39093996049, 69890.52017995834, 73474.6494199562, 77058.77865995407, 80642.90789995194, 84227.0371399498, 87811.16637994767]
fps.e0:[10656.150310306577, 10654.05177524968, 10676.543991313558, 10652.402723257926, 10666.701228292386, 10679.622765518345, 10646.34860045316, 10676.330798122499, 10697.583748457344, 10673.282946755684, 10676.803237464219, 10703.93354508663, 10688.713339526488, 10702.805965531956, 10723.012261582628, 10687.166463769201, 10687.71950697833, 10716.142055667331, 10701.142762167132, 10697.652504166253, 10711.757434125988, 10706.956264253951, 10725.861544058116, 10713.69814241805, 10717.954961397589]
fps.e0u:[12.15614795667207, 12.126950734355576, 12.159341284545214, 12.135559184969509, 12.107824970215596, 12.0702349820035, 12.148174128945545, 12.10354869390676, 11.914734613965077, 12.125146520741376, 12.110719632110516, 12.09782546632275, 12.17966263709253, 12.143923912901823, 12.237815509841662, 12.051074099258596, 12.062861585067925, 12.082971032862742, 12.065004082810708, 12.215660596670988, 12.130127253492729, 12.113056189142702, 12.251045937942564, 12.14709256059703, 12.248453573425017]
fps.lt:[5877.79614456795, 5941.73409031705, 5820.3495108880325, 5993.880290309494, 5954.89265943947, 5947.2457172076465, 6283.931506330991, 6008.246484789062, 5821.539237568839, 6181.241222597776, 6005.026904954119, 5859.3812626978, 6056.050885167141, 5850.312663433651, 5682.755971708528, 6125.854099970117, 5973.430613331159, 5799.448883286754, 5922.570194529906, 6066.735859917409, 5980.568401609664, 5961.540093190482, 5810.051917254922, 5899.440539076528, 5954.147123482686]
fps.ltu:[116.51555890189091, 118.47240883080347, 113.7251713870446, 120.36556278498561, 118.9367137775201, 117.70131449580563, 132.563523362331, 121.3965190177916, 112.006804147762, 127.87849922188467, 120.87356239224192, 115.03429620592114, 123.43925914937947, 115.00019167307968, 109.40629450889502, 124.32753551457063, 119.2901013322685, 112.13029139467642, 117.07022694459413, 123.74276790812145, 119.11086702094903, 119.02013098838434, 113.9627937918537, 116.62884078335912, 119.13508143213667]
fps.c2:[1.300882647426706, 1.832130171352989, 2.9743717397308, 2.51264695066123, 2.3976005074219766, 2.337693853642863, 1.9944827791333424, 2.8941761984060697, 2.5896115019482977, 1.1428385682890343, 2.1334316030546967, 2.9589191558490793, 2.299515809010423, 3.2180741872604792, 1.8461492539309665, 2.4090590987582816, 3.1584327142821005, 2.3258218192526954, 2.891041569267188, 3.8227657629397296, 3.0778848807868684, 1.736049087829761, 1.8669059711387228, 2.0005637804452343, 1.90008361275025]
FC:[[3.821662898264171, 3.8329439873148328, 3.8728608031208522, 3.933080797071446, 3.9809779173077473, 4.030071952573705], [3.821084041963215, 3.869117408890548, 3.9187906508059207, 3.9863519749976826, 4.0354832226489314, 4.092674363902859], [3.9318051678848898, 3.9936095168516514, 4.056496028569836, 4.119975514791986, 4.171648014629348, 4.234080730059495]]
FCE:[[0.035412129029377674, 0.018141614086087644, 0.011145856358173186, 0.008657512372210774, 0.007246839842774579, 0.006359461025179552], [0.02728989101810694, 0.013991905592209537, 0.00853781659509487, 0.006668094546784509, 0.005610124439331634, 0.004831568250978107], [0.023489308580345022, 0.011900762396567342, 0.00703846439831165, 0.005486734652281454, 0.004634571141703269, 0.004011769312412274]]
