Ri:[100, 130, 160]
Zi:[50, 100, 200, 300, 400, 500]
fps.ts:[2884.6651600027085, 8653.995480008125, 14423.325800013543, 20192.65612001896, 25961.986440024375, 31731.316760029793, 37500.64708003521, 43269.97740004063, 49039.30772004604, 54808.63804005146, 60577.96836005688, 66347.29868006229, 72116.62900006771, 77885.95932007313, 83655.28964007855, 89424.61996008396, 95193.95028008938, 100963.28060009479, 106732.61092010021, 112501.94124010563, 118271.27156011105, 124040.60188011646, 129809.93220012187, 135579.2625201273, 141348.5928401327]
fps.e0:[10876.975150045342, 10881.934139797855, 10862.28252677681, 10871.886630784122, 10858.544946192547, 10873.423132270105, 10884.20877007797, 10876.733460063344, 10877.228395650778, 10885.712358253822, 10865.334643888576, 10879.382944683593, 10865.844473623427, 10860.156020687615, 10865.937033204193, 10873.664232598887, 10867.05717852859, 10872.232959434115, 10877.482521684322, 10864.207001663297, 10858.121124572614, 10877.487481481188, 10864.204639690231, 10855.165843334074, 10871.867723323208]
fps.e0u:[8.450234541380414, 8.495234861912897, 8.512082298270457, 8.585582441717191, 8.532350601135292, 8.527561188137582, 8.537658897460293, 8.516730099352902, 8.508480058081615, 8.509194371462893, 8.532311134289474, 8.494308669275915, 8.520662072694522, 8.552236054099337, 8.532745503068147, 8.587823166967206, 8.556215219550797, 8.5825333089232, 8.600368797218971, 8.66891234038412, 8.574935250987663, 8.492496292388914, 8.539593823336105, 8.605658685329425, 8.57940889942688]
fps.lt:[6441.271589249185, 6341.097665154555, 6499.882934886463, 6429.776458916134, 6497.739093411775, 6392.59772825953, 6339.944090248975, 6465.93813289993, 6423.928588235145, 6289.339955121245, 6582.480998701758, 6390.76665056101, 6552.955929586234, 6583.593355593456, 6462.054577183363, 6425.583733084648, 6425.507297583412, 6526.007031873315, 6413.422087445575, 6561.164727846779, 6491.893759869765, 6463.504314615761, 6556.557129984118, 6647.230637960619, 6484.858241019154]
fps.ltu:[95.96242105566331, 93.30809322448376, 98.15183003874537, 96.98014338194844, 98.3197252320387, 95.17811499012424, 93.80741782874576, 97.26870106549337, 95.54324129464162, 92.03893664693058, 100.79525814922157, 94.53690845120207, 100.19825212808131, 101.50279769316654, 96.96613928771077, 96.78563179852367, 96.45902661771808, 99.01455541698749, 96.43463317455397, 101.55195449509671, 99.06590374381942, 96.69929173095035, 99.77754598115376, 103.58227841857428, 98.55648133991916]
fps.c2:[2.8581052829719105, 7.061005360827121, 3.2993419467208818, 4.8447330887767155, 2.9523983166577357, 3.2540215587993826, 3.0348125264914145, 5.559891690328507, 6.15029651421584, 3.51571226493635, 5.701913921653622, 5.4942448934723025, 3.6401201944894845, 8.23098651055795, 2.9064801192821195, 4.892842922549346, 4.168282853411097, 6.0882816750287, 2.3331082062105253, 2.7835969114715033, 4.588977446166352, 4.468198808134037, 4.818039936264068, 7.168334202795522, 3.1417130071502086]
FC:[[3.8229699796844367, 3.846142774283938, 3.8785725403437943, 3.9131809917910263, 3.954706984485313, 4.009698263410302], [3.8713711017085446, 3.877428681744885, 3.920430246358701, 3.958927144661008, 4.007097054065883, 4.060016936623546], [3.9752074078614, 3.997106399384242, 4.042726330529392, 4.086646865973226, 4.136949172337177, 4.192396724221558]]
FCE:[[0.02221109622818668, 0.012403727118299549, 0.007741682347601579, 0.006021807178951045, 0.0049481847352900905, 0.004363279369938274], [0.017494898755258878, 0.00960822000797872, 0.005978996453982683, 0.004534327887194739, 0.003836076960862586, 0.003394319714537459], [0.014898804335090166, 0.007936969242699416, 0.004906733378194101, 0.003826991174633123, 0.003249565311890187, 0.002824231859363979]]
