Ri:[50, 100, 150, 200]
Zi:[100, 200, 300, 400, 510]
FC:[[4.018260789944976, 4.009493502724406, 4.01386071368895, 4.015514936523662, 4.029331437685247], [4.0147760107631925, 4.035163950358863, 4.048307580534023, 4.071379624673668, 4.089898359256809], [4.142865659099895, 4.17646410525196, 4.202221991903015, 4.224694090981951, 4.2537007484544915], [4.782786072776212, 4.837077658750794, 4.873153916568339, 4.89531438773401, 4.916385746113973]]
FCE:[[0.04237211139826154, 0.028729033067636377, 0.023256830764757833, 0.02007752731569958, 0.01768196072704555], [0.02109632692480875, 0.01445239282834736, 0.011685602630343085, 0.010132403449239684, 0.008944708839242392], [0.014950678795438647, 0.00991740625419272, 0.008005496596021568, 0.006908753011688795, 0.0061265579168210335], [0.01349913113374804, 0.009217332511860056, 0.007455869652931532, 0.006428579687471296, 0.005688706136820345]]
fps.ts:[1617102408.5868602, 1617105813.65658, 1617109218.7263002, 1617112623.79602, 1617116028.8657403, 1617119433.93546, 1617122839.0051801, 1617126244.0749002, 1617129649.14462, 1617133054.2143402, 1617136459.28406, 1617139864.3537803, 1617143269.4235, 1617146674.4932203, 1617150079.5629401, 1617153484.6326604, 1617156889.7023802, 1617160294.7721004, 1617163699.8418202, 1617167104.91154, 1617170509.9812603, 1617173915.05098, 1617177320.1207004, 1617180725.1904202, 1617184130.2601404]
fps.e0:[10708.364967867714, 10710.051307659007, 10667.25755300505, 10689.916329651192, 10659.26600719843, 10709.09041336308, 10661.162950279766, 10665.7716005317, 10654.3312596932, 10689.95100750619, 10668.40248587083, 10745.606243133745, 10685.969265435742, 10677.826554644402, 10677.823818154076, 10724.949356710486, 10673.546257966811, 10673.996118825613, 10677.595310620514, 10668.968712060476, 10680.743981154952, 10664.936973952592, 10679.74102757791, 10690.00222106255, 10682.623028308024]
fps.e0u:[19.569211118998986, 19.697555435021265, 19.672759666815924, 19.80325310873177, 19.632481650671366, 20.054618408698865, 19.8921963546507, 19.879679680932405, 19.855033070550192, 19.68758415329898, 19.587211261247646, 19.70235649098522, 19.946304326709317, 20.069465534627685, 19.684447532872234, 19.557264233986462, 19.808668771176542, 19.547538507985422, 19.816384786040874, 19.84110884481999, 19.86828630021321, 19.92836728883176, 19.715459540120637, 19.8287642261263, 19.784263087633743]
fps.lt:[16744.92527439599, 15859.139039109426, 19909.477913730047, 18410.446633233405, 23383.41915938692, 17652.136306464174, 20238.310898542473, 20961.653196907188, 21209.302673625676, 18181.695184690485, 19755.22717100395, 13774.50783362936, 17159.58099399796, 18221.990106845693, 19274.20144399671, 15946.988194460533, 18121.456738222772, 21209.811624077553, 17836.183203626973, 18999.882458917364, 18168.285626216537, 21094.60347418529, 19325.943133356886, 18315.908924442272, 19094.468598067706]
fps.ltu:[1546.889659550803, 1404.952043919327, 2209.0046993895494, 1895.896778208479, 3008.437800006093, 1762.62369633957, 2301.9966754122916, 2468.1355670573917, 2527.588569180754, 1834.076992227593, 2147.9858486678477, 1053.307870808164, 1676.2907368032502, 1863.3433365850149, 2067.8868363048705, 1396.0576077229384, 1849.2085527713782, 2472.603670224934, 1778.8778261838925, 2020.172615920435, 1858.6961015604934, 2492.696213681705, 2087.626872193325, 1886.3230530369042, 2038.710016115057]
fps.c2:[1.9882252143276964, 1.0153325636339925, 0.869328485434526, 1.5584101082184083, 2.312471362822243, 1.1592605599356296, 1.6382634194579662, 1.0000842729105426, 0.9333586758037367, 1.5682629614660248, 1.831561720328447, 2.864359231599659, 2.043980826597461, 1.379790039997491, 2.270694869202556, 0.9721090709954812, 2.7313546973748446, 1.4967456780739001, 0.662080730654218, 1.5118139106132533, 2.447212076579677, 1.001326750168949, 3.111195396008826, 1.1588168708189701, 1.9370721091153191]
