Ri:[50, 100, 150, 200]
Zi:[100, 200, 300, 400, 510]
FC:[[3.9560151187532404, 3.977008398319355, 4.005061472676786, 4.009582159799629, 4.025195027527852], [3.9744227052584615, 4.026549604029802, 4.056886401817165, 4.071273835255322, 4.09739535427969], [4.127945998280126, 4.1621976280615565, 4.1879418643215445, 4.215038500873784, 4.245070386293929], [4.750502676142396, 4.795170931298062, 4.839133916144762, 4.866129106828664, 4.891062869752231]]
FCE:[[0.046059464204733905, 0.03316669775410623, 0.026486514504556465, 0.022887808880350902, 0.02014167185631764], [0.02464641520021862, 0.016670843967196407, 0.013571132576041365, 0.011733117820555476, 0.010367917821904592], [0.016662680204045897, 0.011380609954041589, 0.00920292812682246, 0.007959810784742127, 0.007048724151296444], [0.015403686967350406, 0.010528577012499358, 0.008537645952495478, 0.007358035630104577, 0.006511244850601239]]
fps.ts:[1619847686.4193, 1619851137.3539002, 1619854588.2885003, 1619858039.2231002, 1619861490.1577, 1619864941.0923002, 1619868392.0269003, 1619871842.9615002, 1619875293.8961, 1619878744.8307004, 1619882195.7653003, 1619885646.6999002, 1619889097.6345003, 1619892548.5691004, 1619895999.5037003, 1619899450.4383001, 1619902901.3729005, 1619906352.3075004, 1619909803.2421002, 1619913254.1767004, 1619916705.1113005, 1619920156.0459003, 1619923606.9805002, 1619927057.9151003, 1619930508.8497005]
fps.e0:[10784.40957351854, 10726.470847676836, 10716.341754156836, 10730.509132073019, 10767.234695279101, 10784.287713833677, 10730.499872252884, 10745.653501695755, 10700.450662316298, 10726.764759932623, 10765.668807983193, 10736.22976697932, 10702.477600730983, 10749.732086652268, 10739.110318263442, 10750.057787484651, 10740.853945692717, 10749.080231337608, 10757.676659319526, 10748.63466626502, 10731.496971056527, 10702.329221164773, 10747.804624583854, 10763.340995031203, 10719.88081166848]
fps.e0u:[22.66940167299976, 23.078359731488977, 23.139039922691282, 22.91698162550813, 22.357387089280255, 22.517669016945437, 23.024164591469994, 22.99061231809221, 22.793611006261216, 22.898222686673353, 23.243962759866623, 22.9848256319284, 23.158157034249246, 23.242808514536826, 23.07537012823069, 22.837328179170875, 22.878994196211107, 22.87570606932915, 22.963676009899604, 22.93296351184425, 22.825756491361847, 23.249834984581213, 23.28377151241127, 23.330947143741525, 23.108407760442226]
fps.lt:[15761.406963504072, 21827.503257843604, 21968.09115616097, 18780.507621392135, 18682.09210848768, 16858.71333364619, 20888.215345669527, 17837.616325005183, 23722.547484777468, 21711.347276952056, 19285.40078814898, 20952.814585496744, 21836.93639672408, 19212.49945457312, 18585.724026013213, 20070.168157231652, 18468.369952442306, 18331.786520247977, 17426.655083084446, 20069.95106808138, 19193.402876246597, 24138.102509846605, 18662.383643271834, 17061.155480208665, 20616.87056115939]
fps.ltu:[1581.901073597662, 3064.065629768925, 3142.0642243030507, 2271.3566170751537, 2196.1774363714662, 1786.800842113418, 2820.297930814686, 2036.7432711877645, 3629.73669349586, 3024.927896276644, 2392.5892784512707, 2830.2668784672446, 3091.273544156862, 2402.406817155347, 2236.6979331087346, 2568.835388439984, 2189.4409141082247, 2168.526524487957, 1964.8646534232876, 2579.077263528582, 2373.803184831719, 3748.8283092314127, 2279.3416927315147, 1904.8917431166185, 2759.396129241495]
fps.c2:[0.9884379744571419, 1.6645798381755375, 1.2884908436973401, 0.9533467511553909, 2.6764925995207056, 1.4396928058682368, 0.8618582023357526, 0.9893411048516297, 1.175344384949398, 1.1423075567671184, 0.7623089535363797, 1.893311015531674, 1.0062849148556898, 1.219113552684429, 0.66687507778767, 1.8168673530449733, 0.29150614730871177, 1.3290509012229608, 2.5632083671952635, 1.980330636268429, 0.9691935501280606, 2.5150062074171697, 1.1685919642056917, 1.1129391626994107, 1.4557991956990617]
