Ri:[50, 100, 150, 200]
Zi:[100, 200, 300, 400, 510]
FC:[[4.093889086603975, 4.122933805376797, 4.12931714186509, 4.130701036140723, 4.144643784329507], [4.102508154949557, 4.145090642677731, 4.167513971461544, 4.185930329525038, 4.2031997509548], [4.218000841127813, 4.264434983546671, 4.296625891767097, 4.316998576542666, 4.336512855746457], [4.82006784778835, 4.924370041119429, 4.9822423179910675, 5.008122990728749, 5.023367495568629]]
FCE:[[0.05353004918070103, 0.035916643710835035, 0.029011183493089388, 0.025249265230939805, 0.022243205604677675], [0.02634642289607446, 0.01808010410089388, 0.014632419389357568, 0.012658104084907069, 0.011153980102544052], [0.018179317943963724, 0.012471440620606178, 0.010107117456892578, 0.008714388516762329, 0.007676434789780983], [0.01684240161577534, 0.01158933278406618, 0.00942818021895716, 0.008136071049488174, 0.007180542594411036]]
fps.ts:[1602426142.63204, 1602429902.8621202, 1602433663.0922, 1602437423.32228, 1602441183.55236, 1602444943.7824402, 1602448704.01252, 1602452464.2426, 1602456224.47268, 1602459984.7027602, 1602463744.93284, 1602467505.16292, 1602471265.3930001, 1602475025.6230803, 1602478785.8531601, 1602482546.08324, 1602486306.3133202, 1602490066.5434003, 1602493826.7734802, 1602497587.00356, 1602501347.2336402, 1602505107.4637203, 1602508867.6938002, 1602512627.92388, 1602516388.1539602]
fps.e0:[9962.848044925331, 9992.134956895441, 9962.05654535225, 9962.708148385216, 9965.999159948697, 9979.44905878919, 9976.079248085827, 9954.598396349213, 10000.402439035985, 9996.23981642551, 9985.704454848816, 9999.41201901418, 9965.614502461589, 9967.315162885026, 9968.218285795678, 9956.13479194668, 9983.734459662975, 9971.298473162644, 9936.882719365976, 9921.239793323972, 9974.197675768899, 9966.618206439654, 9982.248120891478, 9977.081416081945, 9939.144185896796]
fps.e0u:[22.923869019703275, 22.84242493248578, 22.765171419438687, 22.551962031068733, 22.984693117330426, 22.412117040042837, 23.21341254254773, 23.010449403953178, 22.67554990127227, 22.389329075441655, 23.177509325833768, 22.855832718462274, 22.798646283959627, 22.911022735749878, 22.712457890988446, 23.39883845854343, 22.634434666864582, 23.142890811088638, 23.238848798089965, 23.01742350428527, 23.017319944163773, 23.16196772755162, 23.425823603060202, 23.091213256516806, 23.102630095654344]
fps.lt:[13790.57370985901, 13205.421530579457, 14350.446219026391, 14184.408688976911, 13812.103193101751, 14026.209080661905, 13297.415829399779, 14251.37050521862, 11829.015450504048, 12864.084483076835, 13547.804243011353, 13247.179402407333, 14624.26556771653, 14098.310429528305, 14647.081939430314, 14565.064329872454, 13179.755827302071, 13106.322342872394, 14657.480297808466, 17698.893904107943, 13032.208604039888, 14731.288037507213, 13228.94156861553, 13007.897702370885, 14773.671916915573]
fps.ltu:[1314.2490134350799, 1205.0120984707949, 1435.749216638085, 1380.7718185240747, 1329.3221674378344, 1344.3482030285338, 1250.5277508696315, 1414.859740010376, 967.8342924554236, 1121.2041814480676, 1291.6233241082957, 1212.552378850123, 1481.298509078344, 1386.9718378833757, 1499.145275256167, 1503.889288056419, 1200.8106103633356, 1213.9922223318115, 1530.1084494267548, 2202.64972064482, 1187.3798417835806, 1521.0586289968423, 1239.065416030946, 1184.2822142977773, 1538.623780398075]
fps.c2:[1.6114078039076298, 2.0052293890018764, 1.4353199530532204, 0.8046790431585146, 0.9828050098780973, 1.5012979337772736, 1.5484427176933449, 1.301582620721347, 1.2903433751405968, 1.5183264302084705, 1.0793234858208378, 1.16347999472496, 0.5904554897537959, 2.4189638414374945, 1.957930894305624, 1.9376559449122799, 1.092271233905926, 0.6681004210937519, 1.054875033140381, 0.9870563583253815, 1.6464983762399528, 1.1381216349942902, 1.3667149810347585, 1.9557192167980804, 1.453963492303099]
