Ri:[100, 130, 160]
Zi:[50, 100, 200, 300, 400, 500]
fps.ts:[1644.1011000013352, 4932.303300004006, 8220.505500006677, 11508.707700009347, 14796.909900012019, 18085.11210001469, 21373.31430001736, 24661.51650002003, 27949.7187000227, 31237.92090002537, 34526.12310002804, 37814.325300030716, 41102.52750003338, 44390.729700036056, 47678.93190003872, 50967.134100041396, 54255.33630004406, 57543.538500046736, 60831.7407000494, 64119.942900052076, 67408.14510005474, 70696.34730005742, 73984.5495000601, 77272.75170006276, 80560.95390006542]
fps.e0:[10880.982947323775, 10871.227406002388, 10848.31455303507, 10850.519205194361, 10876.877606288252, 10850.948734607338, 10853.893306625203, 10869.906110239259, 10854.985212976302, 10830.559009765047, 10864.786325422707, 10870.397568836805, 10863.067555891344, 10869.281212753622, 10856.53921635376, 10834.213586752436, 10843.061500799548, 10845.96529055737, 10855.588739697852, 10856.08195050777, 10880.776900589839, 10855.184544202335, 10879.328190749764, 10851.606900038882, 10856.810796180429]
fps.e0u:[15.346767086068008, 15.488933714634262, 15.760067978556057, 15.16318282128632, 15.139041793491227, 15.210760652733725, 15.357721674277416, 15.47560726164543, 15.479316405424656, 15.321608690562726, 15.192313535554769, 15.336762652843346, 15.206684982320642, 15.360878390426782, 15.510796668937395, 15.454413303560306, 15.54540511191818, 15.31356536884728, 15.737651808000502, 15.218167609573719, 15.264237096870438, 15.402109921756212, 15.352908052652898, 15.413424489701562, 15.492067540054258]
fps.lt:[11252.268093916426, 11640.300538296486, 12292.33006843254, 12234.111694672862, 11183.911773649324, 11794.977290714058, 11839.803405770632, 11128.960339890074, 11585.969391624969, 11961.526992213418, 11697.144282203635, 11701.922474418234, 11431.80269611765, 11689.589945533146, 11629.364302411434, 13005.777053750313, 12304.179043047448, 12800.495456312487, 11385.960541786855, 12288.072682167602, 10835.43490377391, 11283.08110170812, 11704.647418567496, 11989.444190355622, 11638.23342536673]
fps.ltu:[535.8418428760311, 579.5814597756283, 657.9491322733513, 630.346768101299, 527.8767683377131, 590.9391254357593, 597.2735246640812, 529.2796695335419, 572.1338944547844, 608.6987217810049, 572.0784329057959, 578.0128778624593, 555.4361926160684, 579.6980455953674, 585.7566712653532, 722.5538258341044, 647.9264644977039, 695.0926112063571, 561.2825135186782, 637.3378919500868, 497.0920666725403, 542.064261990984, 584.5439736213505, 611.9098023011104, 581.0899408111236]
fps.c2:[1.958088144374401, 1.1635748621545023, 1.8710821564925983, 1.0210422316674466, 0.6746857838892484, 1.402598879903093, 0.9320259009551808, 1.447615683004765, 0.9421817605725301, 0.8762804781068674, 0.7920008003487606, 0.9388266609382446, 1.65581051234161, 1.2765591628935187, 1.001620196930476, 0.8474697791138042, 1.6691669815429058, 0.84075680588178, 1.6731281275291785, 1.0523018553822299, 1.4381743240839753, 2.0551220538611377, 0.944978600249304, 0.7956244221190245, 0.9283281474665583]
FC:[[3.8396812356789707, 3.8619731582577677, 3.8480655562645554, 3.8822453183729633, 3.9153312818005332, 3.9367790728347756], [3.8788252185934575, 3.9016637282315303, 3.8978562917829227, 3.9303528818240987, 3.962068110632832, 3.988495806614387], [3.9857638644029785, 4.011869287363826, 4.023402523166791, 4.0572418834817485, 4.091300925548802, 4.120858635346247]]
FCE:[[0.035901659432884356, 0.021377795295507054, 0.013929779254443142, 0.011077770266670433, 0.00943436032934833, 0.00806960199635812], [0.026881960666538474, 0.016498456807135055, 0.010802574450183077, 0.008578625396471225, 0.00711262257596148, 0.006283411545554151], [0.022171173772098908, 0.013538833765756495, 0.008918457540471969, 0.007091733088626604, 0.006044644885661637, 0.005359340030676442]]
