Ri:[50, 100, 150, 200]
Zi:[100, 200, 300, 400, 510]
FC:[[4.097686254669983, 4.095193792277194, 4.076779398887219, 4.076461052384882, 4.072447474167797], [4.041126260638784, 4.059783684695014, 4.074076679888136, 4.086160217246036, 4.105569563438305], [4.17342247799471, 4.194139235547999, 4.211417984605368, 4.230910749000374, 4.254987396396681], [4.836442286422887, 4.887257322212579, 4.916834774012051, 4.934478367056505, 4.947890011797139]]
FCE:[[0.03426490129510778, 0.023389190762498645, 0.018654724805977317, 0.01594644895114022, 0.013867441367935137], [0.016708890041564266, 0.0114403653437763, 0.009226168364562973, 0.007931295335403645, 0.006977945431705317], [0.01133849369172388, 0.0077068828468431685, 0.006208209608123358, 0.005347205365489836, 0.004717451437940683], [0.010514750428406947, 0.007106482481555437, 0.005741298220067935, 0.00494941170972476, 0.004368739694898162]]
fps.ts:[1623149085.74964, 1623152225.99892, 1623155366.2482, 1623158506.49748, 1623161646.7467601, 1623164786.99604, 1623167927.24532, 1623171067.4946, 1623174207.74388, 1623177347.9931602, 1623180488.2424402, 1623183628.4917202, 1623186768.7410002, 1623189908.9902802, 1623193049.2395601, 1623196189.48884, 1623199329.7381203, 1623202469.9874003, 1623205610.2366803, 1623208750.4859602, 1623211890.7352402, 1623215030.9845204, 1623218171.2338004, 1623221311.4830804, 1623224451.7323604]
fps.e0:[10723.735365785551, 10718.099366740451, 10715.265030880091, 10719.33494405167, 10703.201204341774, 10699.610366961411, 10695.246999614357, 10693.478667486075, 10740.418922470682, 10711.217944537624, 10702.664751751809, 10716.003052684293, 10712.625446134685, 10699.300217804444, 10714.62067218859, 10730.421856610375, 10694.85917945758, 10726.532774901518, 10727.301835086699, 10727.226229685002, 10728.825917694536, 10725.27700479788, 10721.132122633477, 10719.75295452372, 10747.378959153559]
fps.e0u:[15.226245951515917, 15.423465351302525, 15.249028341782088, 15.092142099723521, 15.182956099632566, 15.302533145743569, 15.365881212560868, 15.219055585362971, 15.295472233678275, 15.128302651339311, 15.258790546319267, 15.188226585734, 15.383902996005473, 15.287182276933837, 15.353487043581161, 15.264525013729932, 15.207149366396802, 15.307961912109777, 15.191616837099684, 15.190614169462362, 15.24973972247281, 15.4871693954181, 15.342715932355258, 15.236109391876628, 15.333846687092846]
fps.lt:[21892.39118415693, 20544.230122213652, 25443.741675000172, 22280.71061739929, 24923.50925885827, 29060.8919533085, 26450.31291281172, 27031.654088177962, 20320.55586529394, 25154.71880681099, 24747.51605009609, 23043.981758222337, 22701.543097399965, 25279.400448326287, 21463.98813043733, 21465.19327371436, 27486.62516152318, 20875.534981151257, 21363.27074577467, 21614.650123552106, 21104.894987366257, 20525.80413854204, 21343.75930875848, 21883.743238618223, 19309.985280958077]
fps.ltu:[2059.2159548357504, 1830.39520743538, 2768.1685330576292, 2116.084365070459, 2660.9534307232643, 3619.062217896902, 3020.9896400727753, 3120.601567855388, 1775.8599494685056, 2709.3998895449586, 2633.3426230788386, 2269.5618661368967, 2232.81113314194, 2767.5284328456414, 1988.2062001118236, 1985.530917179317, 3242.10921051033, 1872.6564891829748, 1954.35264882539, 1993.3030927400791, 1903.5010727413223, 1839.4215134505366, 1963.572989155268, 2066.8439728255785, 1615.7601898774337]
fps.c2:[1.5285436162272876, 1.4376286720800118, 2.37325070405097, 1.4990584266673825, 1.5574254341710985, 4.029044887313858, 1.834940432035662, 1.285268631789477, 2.2617101885952944, 2.5651754558092517, 0.9021754382524955, 1.527593193537221, 2.2102623637672916, 1.2604809447156886, 1.7516805342703563, 2.271316525835765, 0.6778340394365218, 1.1220491923715876, 2.3786967509763906, 4.406513238750148, 1.3412937119709123, 1.5752459434530244, 2.834828779342281, 1.4648280685201747, 1.9681708065864738]
