Ri:[100, 130, 160]
Zi:[50, 100, 200, 300, 400, 500]
fps.ts:[1630.6434800004959, 4891.930440001488, 8153.21740000248, 11414.504360003471, 14675.791320004462, 17937.078280005455, 21198.365240006446, 24459.65220000744, 27720.939160008427, 30982.22612000942, 34243.51308001041, 37504.80004001141, 40766.0870000124, 44027.373960013385, 47288.66092001438, 50549.947880015374, 53811.23484001636, 57072.521800017355, 60333.80876001835, 63595.09572001934, 66856.38268002032, 70117.66964002133, 73378.95660002231, 76640.24356002331, 79901.5305200243]
fps.e0:[10730.816148348427, 10742.758658896806, 10748.874178178981, 10737.21876059341, 10725.525688300946, 10749.918435460855, 10729.534689213657, 10738.941133421045, 10747.651525719415, 10716.59979043877, 10736.136563905879, 10705.564293433967, 10734.067427997192, 10737.70131007014, 10745.654775025363, 10747.085931625199, 10754.030502997482, 10750.945576826078, 10766.363536428535, 10752.056672771512, 10756.624421211729, 10752.490718262423, 10771.4897207574, 10735.123352353856, 10762.564680658646]
fps.e0u:[12.147730146308879, 12.128941322696662, 11.971672185885746, 12.005078890840059, 12.050080036398944, 12.058579278159135, 12.094546369755916, 12.117280379211973, 12.205488372912484, 12.023829351339586, 11.94767098903323, 12.21255683915827, 12.052849948906792, 12.114107169776746, 12.024326428607829, 11.990469790297041, 11.960043276659489, 12.109466595529598, 12.050784081302835, 12.119447845238962, 12.10614664125348, 12.09894744527107, 12.122922492153224, 12.041569701415662, 12.033105845114525]
fps.lt:[5379.3675042628865, 5286.767530021514, 5321.7279778969705, 5357.295713715438, 5418.632128752264, 5257.238242841026, 5471.607108989054, 5297.517040429314, 5408.310124890249, 5490.678211334358, 5373.628934179798, 5671.291642290384, 5380.2417698703, 5393.809018782979, 5304.449945734546, 5326.646523840855, 5311.162781159323, 5290.64912413999, 5228.221235047313, 5285.953241595896, 5297.206501104797, 5253.689719700897, 5114.261403110628, 5400.197996049444, 5201.455098834671]
fps.ltu:[96.36043353552388, 93.72204863071141, 93.66519584139692, 94.81652823379517, 97.4750424524816, 92.3358677081935, 99.57687911630026, 93.91188854805186, 97.73904136274577, 100.07786836398128, 94.99326428663923, 108.08006577921205, 96.47994529306565, 97.00850521767572, 93.46903954978977, 94.13355410924052, 92.81766496872815, 93.37592816364048, 91.22497459677473, 93.6064561767239, 93.58434949853249, 91.80530437881927, 87.45861656839107, 97.04044533881927, 89.61121983515642]
fps.c2:[1.7060872754058423, 3.2173429117465338, 2.3066878108284445, 1.9011460457932037, 1.983136472912939, 2.6378507086010643, 1.8462687217780167, 2.035723538006697, 2.3643922978277043, 2.2378433116438603, 2.3082446536628605, 1.6765741709051833, 1.2452355265027006, 3.3043315210252304, 1.2897669647390004, 1.747837215671605, 1.7376853060299937, 1.4880992151881676, 2.215512675118482, 1.8055246597132817, 2.3069204235105065, 1.8839144363663782, 1.5487910332647603, 2.690391797475876, 1.7526911406608006]
FC:[[3.799402379354378, 3.806280393032702, 3.849575499710869, 3.9058374005925294, 3.9610371814247793, 4.012343854492074], [3.798782338715435, 3.8369175433946783, 3.8901908198023123, 3.9479518874111226, 4.006589330849525, 4.058194560881305], [3.910668685448053, 3.953275075740478, 4.014545706590741, 4.075685883265485, 4.132496797606333, 4.185374600367578]]
FCE:[[0.03554322881594389, 0.017610931526320924, 0.010749241720701106, 0.008370523868612206, 0.0070834222529207735, 0.006091959560759483], [0.02749108145268229, 0.01363519017567911, 0.008286325635391927, 0.006462203211529096, 0.005343758965561839, 0.004721885519931244], [0.022598345196731612, 0.011546892987492903, 0.006832392806581283, 0.0053358858259605095, 0.004524782316323805, 0.004011497422831329]]
