Ri:[100, 130, 160]
Zi:[50, 100, 200, 300, 400, 500]
fps.ts:[432.30361999988554, 1296.9108599996566, 2161.5180999994277, 3026.125339999199, 3890.73257999897, 4755.3398199987405, 5619.9470599985125, 6484.554299998283, 7349.161539998055, 8213.768779997825, 9078.376019997595, 9942.983259997367, 10807.590499997139, 11672.197739996911, 12536.80497999668, 13401.412219996451, 14266.019459996223, 15130.626699995995, 15995.233939995764, 16859.841179995536, 17724.448419995308, 18589.05565999508, 19453.662899994848, 20318.27013999462, 21182.877379994392]
fps.e0:[10530.704835816252, 10573.021147662746, 10583.0171363858, 10572.780909150459, 10558.839861929051, 10583.233715560618, 10622.541224905084, 10608.625650314338, 10592.30986513453, 10644.263965982851, 10632.07788668203, 10640.209080249793, 10704.430866278437, 10674.15878126258, 10645.800168452979, 10675.350682655002, 10642.78626680581, 10629.328088883492, 10610.552903799524, 10669.728615581012, 10630.928804009312, 10693.772168894297, 10624.788352532878, 10631.505644243296, 10582.215631142608]
fps.e0u:[19.872107964237486, 17.635843898856336, 17.1919350613199, 18.27647641723811, 18.182605159706238, 18.405167720681387, 18.360575010606123, 18.470971015171923, 18.676126555984304, 20.49829596007817, 19.599728230987854, 20.02328627880446, 18.880950275580574, 19.622501054621054, 19.14302781536488, 17.99905381907089, 18.23913304362549, 18.190078923560968, 18.139539554987564, 18.045022634858327, 19.031476873698832, 18.85001828972347, 18.8672603366023, 20.101837778302965, 20.344565996658485]
fps.lt:[5979.828299323487, 5919.314699641478, 5872.60260862713, 6092.765683793995, 6101.004708459957, 6125.540742275546, 6002.081791299148, 6210.44886500171, 6248.7654574459875, 5897.3086986942235, 5890.0043449302875, 5932.631202159303, 5402.358159144836, 5703.582380731447, 6102.317286439966, 5772.17822833052, 6023.304908834824, 6324.908607589705, 6213.7906755857175, 5745.586869210645, 6184.431928803951, 5754.473774120327, 6327.4513865639055, 6088.078022127427, 6781.858024739516]
fps.ltu:[201.46997023067112, 174.1937413525926, 171.68359353987324, 190.66015079048046, 191.24100575647287, 196.37351309683726, 187.12340146870218, 200.574147961124, 206.03422085147048, 198.05374522293533, 192.90405760387716, 200.88859490474437, 155.888949877469, 179.74343962209213, 201.03483869780982, 166.51070045188754, 184.51980805603037, 204.2671841638233, 197.2222717242004, 167.385561912417, 205.40386312995946, 174.80658502504744, 212.7715436243106, 210.13997140150923, 263.110222643866]
fps.c2:[4.265504151782176, 2.119401749141159, 4.136155546907082, 4.595991853868723, 3.1895143251532856, 5.597568197019812, 8.081051204999554, 5.923834543634933, 2.7261945123173295, 2.377207762619455, 4.584573118690656, 3.7353844106795546, 2.486681872254395, 5.794411662971675, 4.61166524999818, 7.796750105990804, 6.172546122959497, 2.8251830608462005, 7.392438051893549, 1.300606373683208, 4.195393564861162, 5.649790839942968, 5.048624250835814, 8.589332890563824, 4.210345800177278]
FC:[[3.9255560037468666, 4.106395197986639, 4.1473373485854514, 4.24062041617984, 4.3077625662871695, 4.370525228283424], [4.039256248274901, 4.124728173792546, 4.20931094851998, 4.290478536751311, 4.36411926401074, 4.435061941716255], [4.131397124554344, 4.2492625617936435, 4.3598100472962455, 4.436336413768358, 4.512550485231655, 4.581723842703867]]
FCE:[[0.05208033207348195, 0.02954274473507986, 0.018712112545946603, 0.014387920947412952, 0.012334181429629327, 0.010890783154968097], [0.040814086706043896, 0.02279884054466277, 0.01429031187835977, 0.011110211081002585, 0.009555206531883523, 0.00850620762118803], [0.03561319094726111, 0.019002264925300726, 0.011888036317067245, 0.009379603920525652, 0.00807835129316591, 0.007222986920215606]]
