Ri:[100, 130, 160]
Zi:[50, 100, 200, 300, 400, 500]
fps.ts:[497.0996000003815, 1491.2988000011444, 2485.4980000019073, 3479.6972000026703, 4473.896400003433, 5468.095600004196, 6462.294800004959, 7456.494000005722, 8450.693200006484, 9444.892400007247, 10439.09160000801, 11433.290800008774, 12427.490000009537, 13421.6892000103, 14415.888400011063, 15410.087600011826, 16404.28680001259, 17398.48600001335, 18392.685200014115, 19386.884400014875, 20381.08360001564, 21375.2828000164, 22369.482000017168, 23363.681200017927, 24357.880400018694]
fps.e0:[10799.765897130179, 10774.950897979124, 10750.547150109316, 10772.687172442707, 10752.3354986915, 10759.596742747395, 10808.977171475952, 10746.370463627734, 10767.020708319516, 10798.60332043778, 10785.573384480611, 10798.65893631364, 10750.532197473434, 10787.477291106274, 10771.910881286776, 10773.151209374251, 10799.764285377474, 10786.037780639848, 10766.22645439499, 10789.23239809323, 10793.946708208443, 10839.32049279093, 10776.90803211208, 10802.727509100758, 10802.052966984422]
fps.e0u:[22.179460905433245, 22.13110392350908, 22.117591285631228, 21.426452505088363, 21.994240160516313, 21.921470249049673, 21.897051802455863, 21.871534895072426, 21.458311394121214, 22.06659669566443, 22.07901302387571, 22.05202576310613, 21.919746706442446, 21.77443694827824, 21.814189338606106, 22.314377763785274, 21.898800306866153, 21.95851321684023, 21.951820979265545, 22.43556018853604, 22.093838268227778, 22.22887073506453, 22.30382916708961, 22.334344282884274, 23.270888120819954]
fps.lt:[5613.974500826172, 5666.168060896173, 5896.155868290779, 5901.554061007968, 6176.333046213743, 5971.415998688571, 5519.5405724041975, 5814.922317332259, 5910.0643138574005, 5545.686983361808, 5732.574444353349, 5715.455141498362, 6012.223877438109, 5650.5120360440815, 5809.469779274173, 5764.521608319229, 5611.539154289817, 5743.476967384364, 6019.446714456971, 6083.426120442933, 5912.065562926219, 5592.6283966279025, 5902.636457121806, 5627.2035888884075, 5897.251878551924]
fps.ltu:[190.21243426792054, 194.09432434276894, 209.25899524704, 204.78933096275046, 229.24596184591292, 214.4915417608341, 183.2629572497888, 203.54410078694312, 206.15059544586316, 185.96880999917252, 198.95051077486116, 196.53137753041324, 217.83913582271921, 191.08063635701387, 203.583755892184, 203.26741457731512, 190.0941451801462, 199.51391910764673, 217.8088578105747, 226.61421433351845, 212.3139457106083, 191.19990184885313, 215.49065388054586, 196.54656995207583, 220.31898608636462]
fps.c2:[1.1997892542042716, 0.9554467883919765, 2.1083367336960466, 0.4269147213924873, 1.671347706742901, 1.1117718981239624, 0.6450709078275982, 1.326088625604529, 0.7545125537746634, 2.0747186535916646, 0.9800347690786025, 1.7241622684739386, 1.046491525573838, 0.6032543271998339, 1.6089978804945209, 1.4655103876884845, 2.146064222127055, 1.55680451888445, 1.1664906218160505, 1.0416421538212441, 1.650058261776283, 1.1458067423132898, 1.082896201338251, 1.8138949275200558, 1.6457035626110756]
FC:[[3.7213208779332407, 3.7939240831053067, 3.8455321278837262, 3.8777708448858554, 3.928138447492541, 3.9864618462732455], [3.7626625080370943, 3.858292568779211, 3.9082826776622084, 3.928913741113453, 3.9753343032036286, 4.02913241304363], [3.8581386104140374, 3.9593682181147605, 4.021591312630774, 4.063511693714836, 4.111411722664677, 4.170140723855083]]
FCE:[[0.06397672212508938, 0.03400103342132396, 0.02031597721206046, 0.015196302982881807, 0.012472796095741798, 0.0110366814210767], [0.050104529203762106, 0.026380337064975237, 0.01545052500438087, 0.011463343621451244, 0.00966209603113676, 0.008539525710101215], [0.04150432026056581, 0.020932975945184944, 0.012569612274080388, 0.0097381681407043, 0.008228303525060016, 0.00730681276879813]]
