Ri:[100, 130, 160]
Zi:[50, 100, 200, 300, 400, 500]
fps.ts:[714.1655800008774, 2142.496740002632, 3570.8279000043867, 4999.159060006142, 6427.490220007897, 7855.821380009651, 9284.152540011406, 10712.483700013161, 12140.814860014916, 13569.146020016671, 14997.477180018426, 16425.80834002018, 17854.139500021935, 19282.47066002369, 20710.801820025445, 22139.1329800272, 23567.464140028955, 24995.79530003071, 26424.126460032465, 27852.45762003422, 29280.788780035975, 30709.11994003773, 32137.451100039485, 33565.78226004123, 34994.113420042995]
fps.e0:[10817.200529686708, 10821.35356697559, 10814.190126897991, 10829.902143918893, 10839.893848040283, 10833.169396974516, 10848.09825039895, 10771.268975201843, 10855.961966271154, 10823.329364284664, 10818.316053425484, 10830.014614812526, 10825.30032975684, 10832.73909287263, 10861.227911307129, 10864.633992457002, 10849.936935820182, 10857.914732166524, 10865.784336995204, 10861.931485358438, 10870.274264321113, 10857.255282056796, 10862.454435065112, 10872.073361537146, 10856.974969399807]
fps.e0u:[23.40685743916749, 23.578449323116732, 23.395122960923516, 23.4520712632277, 22.712596550619935, 23.197632022623633, 23.274922526388163, 22.873280375421412, 22.82410636296353, 22.038491417309288, 22.8773542302043, 22.871623341888622, 22.86260668228549, 22.92421795346367, 22.679016432806943, 23.02068875035877, 22.211448776662966, 22.512859221875445, 22.365648536900014, 23.051976336253855, 23.097240251530327, 22.22267817685093, 22.846535211975148, 22.330208921964022, 22.406031278710966]
fps.lt:[11227.486068078737, 10832.505491919052, 10430.85545052076, 10072.768000620328, 10091.14983437251, 9884.425984202924, 9933.796271000243, 11811.677932010043, 9974.579008459124, 11140.610194724646, 11107.882324804328, 10773.582374116275, 10138.578576516085, 10272.808334283221, 9842.508134662507, 9405.746150963449, 10585.572004564345, 9753.944431827209, 9333.405396026246, 9773.566138439197, 9788.430917504898, 9489.18706190834, 9623.506984604657, 9642.846615061007, 10011.193524042945]
fps.ltu:[812.8976756000299, 771.3991091990076, 711.8865293351492, 663.6661103688131, 642.061678126392, 633.3292636866595, 633.6388541828063, 894.4588664174692, 619.853921508106, 762.112826495544, 769.6488443136334, 729.8892866519092, 649.135036974934, 669.3643968866569, 605.0245044094088, 563.8919672519074, 686.46047286746, 592.0456115517836, 543.2499942771741, 603.3491557458276, 608.052945720247, 556.9822047755972, 583.5094769491394, 582.8288372190523, 619.1191995217908]
fps.c2:[1.063902310248308, 0.815639031055594, 0.8266749421851795, 0.9617175703151051, 1.0882576038981484, 1.555838283975489, 0.5700879044301448, 0.7407752509373802, 0.6726904804984077, 0.407533789924543, 1.5855228530316967, 1.4394907319325512, 0.7838052579869961, 0.9740429377802952, 0.9685393585774281, 1.5813780727932814, 1.0751688474626506, 0.7105653710178795, 1.3406452211914597, 1.2336404072552716, 1.0357227736816372, 0.8300339918864925, 0.4991679048590702, 1.4538943940365312, 1.0503018331033904]
FC:[[3.8276480020567516, 3.8321674156883696, 3.825789041819977, 3.86240006681484, 3.8920129536911467, 3.919761134983892], [3.873552269305622, 3.8787601900159854, 3.895388070286252, 3.9232056888208304, 3.9554369964033764, 3.9797930685052307], [3.966290574157748, 3.968184891384004, 4.006677703252512, 4.045341388157407, 4.082521739491569, 4.111489035209358]]
FCE:[[0.052026340017607565, 0.0311652418166297, 0.020278257241750662, 0.016073270651496604, 0.013661613721536563, 0.012054469305791593], [0.04089828430846992, 0.024531548932332215, 0.015911936412822545, 0.012534389108550544, 0.01068003743824455, 0.009444226424687441], [0.03393401468621684, 0.020715220441096666, 0.01348836066903086, 0.010433630395993806, 0.008719670282530673, 0.007734209032755515]]
