Ri:[100, 130, 160]
Zi:[50, 100, 200, 300, 400, 500]
fps.ts:[1637.130759997368, 4911.392279992104, 8185.65379998684, 11459.915319981576, 14734.176839976311, 18008.43835997105, 21282.69987996578, 24556.96139996052, 27831.222919955253, 31105.484439949993, 34379.74595994473, 37654.007479939464, 40928.2689999342, 44202.53051992893, 47476.792039923675, 50751.05355991841, 54025.31507991314, 57299.57659990787, 60573.83811990262, 63848.09963989735, 67122.36115989208, 70396.62267988682, 73670.88419988156, 76945.1457198763, 80219.40723987103]
fps.e0:[10721.663062657648, 10734.093781619198, 10747.922891780929, 10734.696564933321, 10747.222761208684, 10775.043774401658, 10752.345426089225, 10743.778846320802, 10758.168338319827, 10750.304118154489, 10764.291006965272, 10768.227901911256, 10776.800767255676, 10774.808747683202, 10757.624871777483, 10756.416522819294, 10745.169020829857, 10775.002708423237, 10767.01413513905, 10768.979389860493, 10746.025186087252, 10760.00150422584, 10807.199770888368, 10794.416176059085, 10779.575383381865]
fps.e0u:[13.838256568899979, 13.594924151784662, 13.693524540526122, 13.786064636235347, 13.604048174564728, 13.550632901507425, 13.545275156090458, 13.62437393350714, 13.791052220383795, 13.560967784143475, 13.716167752894867, 13.72738863910007, 13.945038890272473, 13.977826453231769, 13.620654574964426, 13.73977768599719, 13.625976235932141, 13.531709661869431, 13.806700557953718, 13.711610478331073, 13.787600136112529, 13.702034916475144, 13.735543828098704, 13.766677242984906, 13.545553046141016]
fps.lt:[12063.284374230438, 11625.353638082603, 11805.742649483163, 11564.816172360594, 11479.60144065591, 10599.384590028963, 11848.92617600131, 11784.047561100775, 11101.375862939658, 11546.15164639974, 11258.164201676924, 11109.37836568308, 10505.672324338915, 10757.640155080315, 11919.928473375898, 11784.188371876204, 12510.884938680629, 11087.787096190508, 11036.878757449398, 11378.683711547093, 11872.133720043661, 11381.628429127713, 10310.436475524459, 10808.91077059591, 11030.650490882479]
fps.ltu:[562.2667832047716, 516.0763456117884, 530.8535718307805, 517.9346308008405, 500.9374282512728, 426.34727593640963, 530.4910916651746, 527.0642525838277, 471.4443240180381, 504.1940999503318, 488.7396892712671, 470.9177811835734, 426.1909186757606, 450.859118276369, 543.6086431668335, 531.8686354077408, 590.060563907063, 465.01393228369557, 469.95235033298997, 494.9272383854953, 540.7227828418768, 496.3841081992648, 405.7597511033938, 446.9409295933627, 461.67199740182497]
fps.c2:[1.2524243814538814, 0.9890311965929831, 1.1124028519756957, 2.1171096120196697, 1.9463153565152067, 2.425282758317702, 1.1577313183117435, 1.9700013806430177, 0.480262025014118, 1.2403888672360526, 2.305190804643721, 2.5871965023839496, 2.2607044859236285, 0.9437220971643346, 1.93939674663828, 1.1504609083737587, 1.51022166416134, 1.7657030127486455, 1.1177766832503502, 1.1397376629852687, 1.2776204264879925, 1.5657668491159087, 1.832173072137371, 0.6967603495708244, 2.7468851948523243]
FC:[[3.791064960518035, 3.826826769891675, 3.8635204169870563, 3.8867676554884207, 3.933112721265272, 3.9576985783358056], [3.8432643731867957, 3.887752118296258, 3.9218705714531805, 3.946318930334769, 3.9830183954249407, 4.011127324807084], [3.993897956103093, 4.014839773127776, 4.045883739524754, 4.075662531042693, 4.109801420542678, 4.138712761545697]]
FCE:[[0.030335823910681355, 0.0194744927016954, 0.01283623972476217, 0.010151396719946882, 0.008266719850892851, 0.007266087882551254], [0.023865961593116613, 0.015193374877008921, 0.00978354187914731, 0.007511441281401307, 0.006406562941575976, 0.005656055905089712], [0.020121473009486354, 0.012273306436932802, 0.008054529680477159, 0.00638520411983522, 0.005448172318624516, 0.004822627847575409]]
