Ri:[100, 130, 160]
Zi:[50, 100, 200, 300, 400, 500]
fps.ts:[1221.3309200000763, 3663.992760000229, 6106.654600000382, 8549.316440000533, 10991.978280000687, 13434.64012000084, 15877.30196000099, 18319.963800001144, 20762.625640001297, 23205.28748000145, 25647.9493200016, 28090.611160001754, 30533.273000001907, 32975.93484000206, 35418.596680002214, 37861.25852000236, 40303.92036000252, 42746.58220000267, 45189.24404000283, 47631.905880002974, 50074.56772000313, 52517.22956000328, 54959.89140000343, 57402.55324000359, 59845.215080003734]
fps.e0:[10533.94276294294, 10571.609667528899, 10596.9308514205, 10647.862745704417, 10627.961357983826, 10619.240908083935, 10621.525172862785, 10632.786789752288, 10661.263124893152, 10640.122211624714, 10666.732671514741, 10658.11054552097, 10645.952943507955, 10697.889882477659, 10697.635734672447, 10690.507161021817, 10691.935942519902, 10688.369235303438, 10700.253275539846, 10695.93484957026, 10683.895626511045, 10695.326243078716, 10712.16065496799, 10688.361768078732, 10710.732579169799]
fps.e0u:[14.474977525328597, 14.59885046496678, 14.674196789750507, 14.613591725630615, 14.588675242073624, 14.762308133050267, 14.83687660417156, 14.73153014922979, 14.92900577571426, 14.98390534661102, 14.759002693772603, 14.882763030243318, 14.892944261485463, 14.889500058792276, 14.960922315573688, 14.97217997636072, 15.029039170853624, 15.043131704011536, 15.038794850212064, 15.110640263852323, 14.772597048876552, 15.028646348471579, 14.808308740838713, 15.018948412347, 14.927108597000991]
fps.lt:[2877.621160453821, 2918.463938996544, 2921.3409404912636, 2788.8838577332735, 2917.7867820456, 2886.2684351659545, 2877.8950587481927, 2848.8457907343723, 2794.774160358457, 2814.931233513158, 2771.1319199521763, 2777.179396402636, 2754.803395619339, 2652.9836961710494, 2688.8408660084174, 2664.143310588289, 2670.0355722682643, 2720.419184768192, 2674.438725224309, 2716.0944733619262, 2790.875946889274, 2705.164449555031, 2712.211489785701, 2782.6311554074923, 2719.7836274840092]
fps.ltu:[35.627186741447375, 36.91515470381247, 37.34374703037602, 33.951723288025924, 36.83218788918609, 36.390247935685636, 36.72291831586064, 35.60152408949888, 34.29535612193477, 35.09195727221681, 33.57678491418165, 34.03438023772565, 33.286878482442155, 31.25469110756238, 32.172061045373816, 31.445766767258178, 31.908496626374628, 32.859054263754764, 31.755232700524896, 32.81269837147102, 34.1186837292014, 32.369954833849704, 32.166451151460485, 34.29679817669883, 32.52529628901109]
fps.c2:[0.9523884292413702, 1.0338303138848703, 0.6835043265531889, 1.2393635800925449, 1.6471334824346189, 1.269441898178526, 0.5498307409902143, 1.080168664500341, 0.8178800300270868, 1.8832736546683775, 2.385054600568041, 1.8641149325701518, 1.3272032739461308, 1.642057942360083, 0.9765122377588925, 1.360890468744023, 0.8966828919056847, 1.5955660118118675, 1.5998813506353426, 1.6774199542280928, 1.9158922425061569, 1.8251846116131474, 2.010854592548505, 0.7418100786646448, 1.922209539928774]
FC:[[4.071311479519051, 4.084420849454919, 4.141002056627031, 4.20857263027213, 4.278509386636526, 4.347022989767173], [4.150083809190234, 4.111325657603166, 4.187074998714677, 4.270453804864456, 4.339966300400905, 4.430485430633621], [4.28859863850664, 4.251448449520536, 4.334201595860282, 4.437015872266692, 4.513165081637472, 4.588567073830547]]
FCE:[[0.042485217343760096, 0.02072085813985825, 0.012945771736295845, 0.010488432159568638, 0.009203528436087346, 0.008384713901684363], [0.03372573385137878, 0.016034025570390992, 0.010048006784434306, 0.008199433259213757, 0.0072008444492121255, 0.0064126280750617225], [0.029078791255646705, 0.013694083288676238, 0.008538221021389257, 0.00679944746494697, 0.005966074888860592, 0.005449848129800215]]
