Ri:[100, 130, 160]
Zi:[50, 100, 200, 300, 400, 500]
fps.ts:[1738.9301399993897, 5216.790419998169, 8694.65069999695, 12172.510979995728, 15650.371259994507, 19128.231539993285, 22606.091819992067, 26083.952099990845, 29561.812379989624, 33039.6726599884, 36517.532939987184, 39995.39321998596, 43473.25349998474, 46951.11377998353, 50428.9740599823, 53906.834339981084, 57384.694619979855, 60862.55489997864, 64340.41517997742, 67818.2754599762, 71296.13573997497, 74773.99601997375, 78251.85629997254, 81729.71657997131, 85207.5768599701]
fps.e0:[10861.877740113725, 10858.770759329374, 10862.820793052066, 10852.361031103774, 10864.3083307783, 10853.66237783176, 10819.395282211473, 10845.421323628228, 10840.440494371085, 10842.260143688569, 10833.376432294397, 10875.946345016568, 10867.361667909017, 10861.210875681929, 10844.881489635902, 10851.43163350918, 10839.868568802352, 10847.450997359525, 10868.939620971623, 10841.27072442762, 10856.125226756783, 10853.364497412029, 10860.148738984077, 10869.900240618737, 10866.902788280519]
fps.e0u:[12.412797983453425, 12.71306558602906, 12.640537339110544, 12.54965168724, 12.711122896819315, 12.90587283877426, 12.552994449220744, 12.590988611771657, 12.60178895652566, 12.547631674679387, 12.582448224047551, 12.67035901448464, 12.600058379950221, 12.709588747490919, 12.694550953777831, 12.743575447001358, 12.739726462979009, 12.60302524468595, 12.568240471021639, 12.596434760659859, 12.612165065407433, 12.631437588811883, 12.699730241349597, 12.57887670008757, 12.861006335922953]
fps.lt:[10701.296626660998, 10754.278441183866, 10674.58085091657, 10969.36367125273, 10749.141511220087, 10553.678877675266, 12135.654905742236, 11241.085659912198, 11760.914663268479, 11681.74216011013, 11181.608663003371, 10191.403303285259, 10417.126422475296, 10883.885505592074, 11147.376086568389, 11325.8948818715, 11415.159429286608, 11312.564657651146, 10775.454417945008, 11657.355988727624, 10856.45492776625, 11218.812922867806, 10855.244366936271, 10663.451374531322, 10841.137328292212]
fps.ltu:[393.49422435606175, 405.14348868877016, 398.48519543770016, 419.2765245242422, 403.6724508666844, 396.5175517932431, 511.6016685954179, 439.2280206236309, 482.41325570120955, 470.8942522734766, 434.50436030663207, 362.69948966516205, 378.7085721708605, 414.6434876501561, 435.1430514618911, 449.9176206785636, 460.3843421842666, 446.25767645958393, 403.566082365636, 471.12584524235695, 412.03073474369967, 437.8151075387833, 410.881943656003, 395.72610929000115, 414.4546328617423]
fps.c2:[1.2100213854764232, 1.2320889610185721, 2.1719462161545895, 1.6887381730889608, 2.122317394675026, 1.3651929438748065, 1.5634852406659208, 1.0168546345235538, 1.1047286191308467, 1.6198503412590957, 1.615810053645797, 3.037246036873991, 2.1658763642462215, 1.1086122932552984, 1.7395094196259795, 0.9091892391968247, 1.1195169962164648, 0.6946307211779661, 1.3700261029343823, 1.3598879336963137, 1.1934405070841918, 1.2220359665200566, 2.349180755502999, 1.1148232827642495, 1.6873317404811845]
FC:[[3.876897571288295, 3.875463473049826, 3.8820271764543675, 3.8933418383484635, 3.924450389401187, 3.9527490522899], [3.8668076924346786, 3.887604257188567, 3.9139600892374142, 3.9384233941768474, 3.9706759102424116, 3.9993119429343387], [3.9788525206621435, 4.001103597324282, 4.029360423622182, 4.0615538209273065, 4.094442041946536, 4.123762870241607]]
FCE:[[0.029422712742700845, 0.017885527130215313, 0.011659023709940347, 0.008903176136139782, 0.007539086075889601, 0.0066201657449113435], [0.022585791634178738, 0.013377624139727706, 0.008739058508069655, 0.006885318483506933, 0.0058452035030005815, 0.005152499079210409], [0.018733395772903193, 0.011268220282596445, 0.007362103153412454, 0.0058300444493777515, 0.004965973105281869, 0.004391496700645681]]
