Ri:[100, 130, 160]
Zi:[50, 100, 200, 300, 400, 500]
fps.ts:[1717.2094000005723, 5151.628200001716, 8586.047000002862, 12020.465800004005, 15454.88460000515, 18889.303400006294, 22323.72220000744, 25758.14100000858, 29192.55980000973, 32626.978600010872, 36061.39740001202, 39495.816200013156, 42930.235000014305, 46364.653800015454, 49799.072600016596, 53233.49140001774, 56667.91020001889, 60102.32900002003, 63536.74780002117, 66971.16660002232, 70405.58540002347, 73840.0042000246, 77274.42300002575, 80708.84180002689, 84143.26060002804]
fps.e0:[11009.229597411742, 11036.339748414592, 11023.313631304824, 11008.983280234683, 11015.945212625753, 10999.43538745463, 11022.509356711476, 11021.894464965453, 11016.061279202522, 11003.007077825994, 11020.657995949889, 11021.009990463876, 11016.909550625292, 11003.131815107034, 11017.942730000379, 11006.137745337186, 11015.479446907944, 10982.061571499677, 11011.188962018863, 11008.095654233915, 11003.291326421662, 11006.97228358212, 11019.50747997327, 10995.16012021152, 10998.632237857866]
fps.e0u:[12.707363575692636, 12.582593453829302, 12.63183297187983, 12.72598620080165, 12.591404528812253, 12.676599976206774, 12.674902954849493, 12.50856806492038, 12.636253085099657, 12.69542551290204, 12.624837251627072, 12.544501999920213, 12.60655612693713, 12.62421878783496, 12.484731571820689, 12.65500891604598, 12.630119744048363, 12.74439705868876, 12.7243836863051, 12.831073248200864, 12.615611595686383, 12.688277733013969, 12.629842732813607, 12.821807941195205, 12.698343531101196]
fps.lt:[7662.282488726089, 7448.01051179238, 7586.599018584923, 7574.084145200191, 7697.8067628883, 7839.29131325207, 7477.139128571688, 7523.708109625335, 7824.026288930818, 7731.666240895488, 7570.178422683619, 7397.414540444453, 7512.819975539526, 7938.187043963382, 7732.738631357286, 7883.486834046879, 7835.989174128404, 8069.548754665265, 7703.181376777172, 7732.143436861339, 8163.9931894687925, 7925.648762716439, 7756.533835656619, 7945.623472223855, 8022.002668978566]
fps.ltu:[205.2844437588088, 191.08638570363917, 197.7376445402936, 199.46152426586758, 204.84324014286952, 213.73845809881044, 194.32183859628628, 195.79574525983207, 212.35307359833303, 208.01507380294495, 199.4106290698943, 188.2396136595788, 194.80513402823917, 215.9951018301881, 203.7657451447774, 215.07609641542527, 211.93933607045994, 226.11326783863467, 205.9778270626557, 209.51706438348646, 230.52216825469506, 217.3016872088748, 207.24194385712596, 220.66897235114754, 225.3416483955611]
fps.c2:[1.5581031774552587, 1.334442665543418, 1.0427983876886222, 0.9216888077502887, 2.442899329537067, 2.0487115486618794, 0.6508778449278527, 1.473372398372484, 0.9322361001738122, 1.437346555118566, 2.6114114347018216, 1.2459869500798892, 1.3101958257547073, 2.100188664518243, 2.73617633938017, 0.904817905197654, 2.6061176325830897, 3.516634839701734, 1.624406137284811, 1.971727689593086, 1.3295978823837125, 1.7876903116992287, 2.3410141626317413, 2.6507667064354274, 2.4615528676822938]
FC:[[3.806437004889343, 3.831408039518806, 3.8202948358305395, 3.87192581974973, 3.9093675583837175, 3.9500275958294595], [3.839646353026243, 3.8649013779108907, 3.874352121408764, 3.9230418810004837, 3.9632159133693126, 4.004735140494607], [3.977224353469328, 3.99719434820731, 4.025950378771145, 4.074670851577148, 4.113078717411124, 4.160530280690491]]
FCE:[[0.02944067640555367, 0.017188408897816834, 0.010903317701529242, 0.008682478597099516, 0.007218349889707703, 0.006407702206557071], [0.02229171840774749, 0.013342533653314356, 0.008506050053280343, 0.006590679468967645, 0.005624523455651924, 0.005000825648302976], [0.019271106197580566, 0.011096022452397736, 0.007099456208033863, 0.005632198330770713, 0.004811170396925026, 0.004201743845642931]]
