Ri:[100, 130, 160]
Zi:[50, 100, 200, 300, 400, 500]
fps.ts:[1712.3891199970246, 5137.167359991074, 8561.945599985123, 11986.723839979171, 15411.502079973223, 18836.28031996727, 22261.05855996132, 25685.83679995537, 29110.615039949418, 32535.39327994347, 35960.17151993752, 39384.949759931565, 42809.72799992561, 46234.50623991966, 49659.28447991372, 53084.062719907764, 56508.84095990181, 59933.61919989586, 63358.397439889915, 66783.17567988396, 70207.95391987801, 73632.73215987206, 77057.5103998661, 80482.28863986015, 83907.0668798542]
fps.e0:[10957.069758114214, 10935.852856787467, 10931.49380915497, 10954.670324634242, 10938.66194944753, 10918.70023009177, 10933.613330635319, 10944.690343659428, 10922.411035967596, 10947.286699030848, 10920.4395175557, 10927.46427685508, 10958.39069711794, 10929.770634822968, 10924.365355294454, 10962.425530265547, 10923.14762031707, 10924.82663945419, 10934.113063671191, 10922.041882890908, 10923.326625384898, 10901.674498552446, 10949.537929885586, 10922.42480126089, 10936.178997756588]
fps.e0u:[14.79603619824485, 14.702173225014988, 14.795683416316392, 14.914129011026393, 14.953111070366054, 14.59729486708775, 14.873887066292724, 14.724833033244256, 14.68355390836765, 14.794640904560685, 14.87469670573403, 14.985102962097622, 14.582544189410156, 14.691245972100637, 14.632084203848384, 14.653680762928948, 14.61898951657961, 14.857467833359634, 14.736418424731673, 14.920745502413443, 14.759597250953687, 14.811675104366575, 14.777632543658338, 14.92258957467331, 14.83341040339923]
fps.lt:[11317.815744711115, 12443.131027252623, 12541.503524349437, 11615.504344112003, 12100.702552535779, 13021.641510778052, 12098.536973672648, 12518.579117930134, 12614.97500345609, 11619.764648978915, 12606.989604392567, 12429.891818053795, 11536.211521928039, 12616.143604012812, 13272.031298879177, 10763.51600473674, 13778.019254266783, 12678.816048397191, 12737.854057130373, 12640.141997569088, 13243.403813317587, 14303.061177559179, 12029.072384979952, 12749.032583878929, 12537.453916323491]
fps.ltu:[522.0092463992495, 631.3472130446684, 640.322029721559, 555.3445831676694, 603.1584455810951, 681.9133339353875, 600.8818284619804, 632.3810362759579, 649.6636309557912, 552.5716311185782, 651.9842199633933, 639.1873920331548, 536.395596272299, 644.0902035269323, 714.3032873012206, 471.2373990357421, 766.3258853312581, 659.6889001893799, 659.4409640315802, 655.8830346939347, 717.1566069934706, 832.5579398804201, 589.5934877438464, 663.7913225155027, 642.7064413928977]
fps.c2:[1.3771075144460927, 1.265620998523299, 0.6851232458563248, 0.885954220912807, 0.9124509395095058, 1.1016472280546539, 1.2048110242846528, 2.0550533763147247, 1.022305634617245, 0.9391984078130515, 0.8080952201404799, 0.9092462273186551, 1.9971189759759995, 1.1152103022837607, 2.0981983352767966, 1.1880269442913187, 1.018021095928788, 1.368690698379145, 1.3485792005793937, 1.601753978190696, 1.888490505519108, 0.7792398531507762, 1.742040892134998, 1.969484741504441, 0.9844181913228373]
FC:[[3.834890858662236, 3.87672845035763, 3.902808926876893, 3.9038068775411396, 3.931933950687974, 3.9576170827068813], [3.8766213165801693, 3.9058935286336673, 3.9454127090492657, 3.956146134023302, 3.9841938212494155, 4.006474973593288], [3.990007265333216, 4.027135929976863, 4.07601339814996, 4.08692089748901, 4.1156110831575425, 4.139658159530316]]
FCE:[[0.03280313699113261, 0.0206436441800877, 0.01365642493293943, 0.010680204233960268, 0.008859175804243913, 0.007801785458904347], [0.024947741152422636, 0.015453247202311445, 0.010308163722305618, 0.008091952755099262, 0.006885819583333931, 0.0060800606007571515], [0.02117570097691117, 0.013098388321569246, 0.00874455940037468, 0.0068851033562398875, 0.005872176227611953, 0.005195800606288829]]
