Ri:[100, 130, 160]
Zi:[50, 100, 200, 300, 400, 500]
fps.ts:[2579.075180001259, 7737.2255400037775, 12895.375900006296, 18053.526260008814, 23211.67662001133, 28369.82698001385, 33527.97734001637, 38686.127700018886, 43844.2780600214, 49002.42842002392, 54160.57878002644, 59318.729140028954, 64476.87950003148, 69635.029860034, 74793.1802200365, 79951.33058003904, 85109.48094004154, 90267.63130004407, 95425.78166004657, 100583.9320200491, 105742.08238005161, 110900.23274005414, 116058.38310005664, 121216.53346005917, 126374.68382006169]
fps.e0:[10863.828124486201, 10865.625041990694, 10878.441958447162, 10877.885336725722, 10865.048078754413, 10875.791584378241, 10861.136227425715, 10880.879956237786, 10862.134146816825, 10848.460150731631, 10861.250669199208, 10864.329806298656, 10869.210379130935, 10859.227443552178, 10862.447664424797, 10866.221630308975, 10870.678345285556, 10858.134067063163, 10862.041229472647, 10856.318896569559, 10865.222474853215, 10859.58172590653, 10860.421448272671, 10867.78334574297, 10850.678068574312]
fps.e0u:[7.846239319227902, 7.903668314759324, 7.942077248171334, 7.877444198231125, 7.816176784957935, 7.838002614160885, 7.8236427147054695, 7.859398726848853, 7.89147158151913, 7.856847784124201, 7.875252838374018, 7.878345396028579, 7.78759697427392, 7.844952787177872, 7.845426747815697, 7.8613535630661815, 7.877928721743478, 7.85500149172753, 7.816410386473089, 7.844952411844194, 7.808237660491606, 7.835317296312261, 7.7857867200926725, 7.854268124940205, 7.983077043382059]
fps.lt:[5924.953576137128, 5998.614178043806, 5826.967845772509, 5902.0712645892, 5926.849637123496, 5896.737927717681, 5959.825844347712, 5761.608213477039, 5993.015248825181, 6071.475282767004, 5991.98675101455, 5975.552418131794, 5935.910279311958, 6057.736217432406, 6002.101518926299, 5981.1278239951325, 5887.537728039225, 6079.4075688269495, 6022.027554461206, 6021.576239539102, 6031.819134482195, 6053.34423094275, 6013.649809572734, 5967.849404221997, 6079.380093970506]
fps.ltu:[75.4386863262452, 77.4370264671709, 73.25704062716382, 74.82349518675173, 75.1991023726145, 74.51228658433499, 76.29279753225802, 71.23173246680605, 77.45208363216702, 79.51657492831407, 77.18986895720354, 76.88526329800575, 75.25447253395359, 78.63729148493381, 77.34784366246404, 76.67066910688268, 74.6232264185784, 79.61472932647943, 77.35059891350129, 77.8814781235735, 77.74821830550133, 78.58993481804909, 76.97426160048519, 76.26502230537218, 80.82826153300027]
fps.c2:[3.8339291382170297, 5.656755462065734, 2.724393974136433, 6.377704398752925, 4.38705239983644, 3.046257848371523, 2.60041886995217, 6.095932316795776, 3.62324623380254, 3.780123470255321, 4.4583530762128, 4.180103443716903, 3.3804465208964043, 5.607259398902678, 7.387208484177271, 4.901298606778644, 4.065914634358972, 4.401205733745645, 4.1796969536019155, 4.496115771633224, 4.270040825365138, 3.7326444812714943, 3.9632715761487542, 4.291551622260694, 4.388788566184936]
FC:[[3.807315177359422, 3.810949704575439, 3.8419668692204625, 3.893422289558352, 3.9463392174958334, 4.003713149510689], [3.815202835501489, 3.841833423663666, 3.8838034170919284, 3.9421722640056633, 3.999600796315477, 4.057474080623929], [3.955965670734791, 3.967787384581539, 4.013163444149132, 4.069850637708913, 4.127847421569631, 4.186682125725127]]
FCE:[[0.021698539771895002, 0.011237526831510254, 0.006943520043797407, 0.0054170207484368045, 0.004469382028726559, 0.003952806434420106], [0.016217870828166694, 0.008701088138485026, 0.005354157933480859, 0.004078321451508898, 0.003465750380015732, 0.0030760083002030086], [0.013813016816803221, 0.007200664124007316, 0.004406851007014213, 0.003443956571727858, 0.0029344168790268075, 0.0026129922110816523]]
