Ri:[100, 130, 160]
Zi:[50, 100, 200, 300, 400, 500]
fps.ts:[1793.0909999990463, 5379.272999997139, 8965.454999995232, 12551.636999993323, 16137.818999991418, 19724.000999989512, 23310.1829999876, 26896.364999985693, 30482.546999983788, 34068.72899998188, 37654.91099997997, 41241.092999978064, 44827.27499997616, 48413.45699997425, 51999.63899997234, 55585.820999970434, 59172.00299996853, 62758.18499996662, 66344.36699996472, 69930.5489999628, 73516.7309999609, 77102.912999959, 80689.09499995707, 84275.27699995518, 87861.45899995326]
fps.e0:[10899.846068569284, 10889.896995386543, 10871.490670910689, 10896.9718855784, 10882.376878770288, 10896.713229399033, 10906.904463262124, 10899.785621822408, 10920.622665179291, 10884.966700725316, 10902.890926278003, 10898.123892658892, 10884.204381306321, 10884.201871483514, 10882.54599844512, 10911.707966236145, 10889.15152641936, 10900.250226961132, 10904.14860202589, 10875.75786692314, 10902.644914090137, 10880.136388747613, 10906.79610797003, 10927.634526388132, 10884.655723536716]
fps.e0u:[10.436744642920125, 10.463507365338941, 10.533790711941789, 10.341142489237898, 10.502300797293737, 10.529293219746092, 10.40942715847724, 10.378436014361704, 10.40259546219389, 10.455049247560265, 10.34353102946809, 10.251136388805515, 10.352209809494912, 10.438664816747053, 10.4659249080149, 10.466438074470995, 10.434540146070459, 10.333172500918467, 10.374483063026886, 10.396794753081224, 10.380235662927406, 10.46359228875607, 10.438439174976615, 10.366398915085641, 10.452612987313845]
fps.lt:[5693.398544084655, 5783.750221284025, 5950.482841602444, 5777.072690561556, 5878.299393650185, 5723.051878554614, 5641.160343225992, 5678.4544492193545, 5610.782865130701, 5826.388647900086, 5646.818641414138, 5838.979411393692, 5913.539424169536, 5940.895672473283, 5903.661630562303, 5636.921977399786, 5750.891073402762, 5775.391560982562, 5725.256346724718, 5987.324827571195, 5752.855399297995, 5843.246892421236, 5709.622920408824, 5631.775449095187, 5855.727028668576]
fps.ltu:[92.41555995715805, 95.48311505218352, 102.09766558154621, 94.34277472455673, 98.83401735463238, 94.3845262818514, 90.79876214137182, 91.38977002725946, 89.19675760906688, 96.87513372345762, 90.67612628131508, 95.58977178203622, 99.1659454308172, 99.99559595186537, 99.32503627306976, 90.42261397218516, 94.35290457388174, 93.9998099370251, 93.18164286207995, 101.68256640710759, 93.95977683178096, 97.62360463392949, 92.74587235261218, 89.81527190806958, 97.7920675263239]
fps.c2:[1.9401250559425185, 3.342037722771867, 2.476697164476442, 1.3709255850536433, 1.9533320835675039, 2.641822796313515, 3.1091995498004383, 2.2991195433106073, 1.7747114302914813, 2.063715745384066, 2.0239994674346296, 3.432584580928212, 2.8489277223363456, 1.8623308503288167, 2.841956063008628, 1.6925348906751982, 2.1085773281664, 2.119974515702263, 2.409605654623073, 3.1069952105047087, 2.3935829568709157, 1.5721270170257176, 1.908869774470888, 2.0443815841654747, 1.8589620764756098]
FC:[[3.863250708861873, 3.8384614087904994, 3.8727910731427664, 3.91735286856471, 3.963035730421048, 4.016714736255804], [3.865250946548376, 3.869623888287742, 3.911137435532956, 3.9610110051660232, 4.014439845328901, 4.066028076424567], [3.9793704740355205, 3.997981642814473, 4.038134021819067, 4.086052830918558, 4.138645195414671, 4.19618337144457]]
FCE:[[0.028878330520413893, 0.015042054502938627, 0.009053500590279243, 0.007060434605414113, 0.005965334033878666, 0.005286753320739316], [0.022297163544316406, 0.011642585363436733, 0.006995806356292403, 0.005459023464482486, 0.004635468509953085, 0.004113792352889794], [0.0188912454797907, 0.009711233546531653, 0.005920232169811641, 0.004617288642780288, 0.00392262938586677, 0.003418400112111699]]
