Ri:[100, 130, 160]
Zi:[50, 100, 200, 300, 400, 500]
fps.ts:[3071.256560001373, 9213.76968000412, 15356.282800006866, 21498.795920009612, 27641.30904001236, 33783.8221600151, 39926.335280017855, 46068.84840002059, 52211.36152002335, 58353.874640026086, 64496.38776002883, 70638.90088003158, 76781.41400003433, 82923.92712003709, 89066.44024003981, 95208.95336004256, 101351.46648004532, 107493.97960004807, 113636.4927200508, 119779.00584005355, 125921.5189600563, 132064.03208005906, 138206.54520006178, 144349.05832006453, 150491.5714400673]
fps.e0:[10644.40440486719, 10665.599642404022, 10668.147866170973, 10679.199702307244, 10683.733023414079, 10676.166755244956, 10702.483718507561, 10698.559094768727, 10726.032141955797, 10722.799790789557, 10719.604564546857, 10727.452160075776, 10734.530871451205, 10732.406490413525, 10720.273521959483, 10725.82186197244, 10728.104407254834, 10751.656962272287, 10741.277797396624, 10744.507843493097, 10719.643783398273, 10747.075224066768, 10756.720886017014, 10743.807133798606, 10764.787788549109]
fps.e0u:[12.264895272835913, 12.29909158395643, 12.273733279633438, 12.128259124460742, 12.32746639747838, 12.16885357017508, 12.110051377049011, 12.359998860027764, 12.315798177451596, 12.268944815462541, 12.343204442622358, 12.360256756788715, 12.262617086135252, 12.31112070877699, 12.313664990859454, 12.45612818624836, 12.28361679103095, 12.355194326386357, 12.35641430618713, 12.392363434758542, 12.42694628707129, 12.28732276227983, 12.436264015423136, 12.426692638078695, 12.569927877754681]
fps.lt:[10549.42550439399, 10017.924097374249, 10296.459341330667, 10268.72589564813, 9828.179594919418, 10235.265609397287, 9749.964053214417, 10110.244425730265, 9699.159452866834, 10221.143941717639, 10142.273837346174, 10276.862320359005, 10252.888912321088, 10211.773025186058, 10246.730837629248, 10293.777411085535, 10453.165848586377, 10071.544922541781, 10095.287106038755, 9971.519330857747, 11251.061312076536, 10498.854527451822, 10158.629240732467, 10585.460846982985, 10067.307070482811]
fps.ltu:[385.52142290338656, 346.35947825713134, 365.6344495708152, 358.50309637503113, 333.73401152480983, 358.30245273863767, 322.87675633971776, 355.16402042266355, 323.50876194222565, 357.56332761075197, 354.00819473645606, 363.1291558963926, 357.7167596864294, 359.54363909141733, 362.67795665444663, 367.38170775081403, 374.5216210929551, 348.21462080057313, 351.6958653159365, 343.18740184168695, 439.35337422263524, 378.3391147979382, 355.85270445664423, 386.6219051087657, 354.9330567742417]
fps.c2:[2.048802754262279, 1.905454900654396, 1.779371856010935, 1.234769720497384, 2.722193791847661, 1.3532471271602966, 1.040313170679955, 3.188586780731754, 2.1424978436890587, 1.9554246801795012, 1.7478307502193753, 1.0863405636047647, 1.1092871649089766, 1.3383098363036474, 0.6571153938489266, 2.83640941722328, 1.645813750536173, 2.046514528792093, 0.7653317895648184, 1.0099465547274253, 0.7286911285925931, 1.3751643609331032, 2.627975463781083, 2.0148631312918295, 1.3567070223817692]
FC:[[3.84753762860678, 3.9041217148683756, 3.9189632148464884, 3.942477777956538, 3.975176224678354, 4.0077314529863255], [3.913709891177462, 3.9414727122127964, 3.961583062873064, 3.9897358145323936, 4.027158432380875, 4.063885893418659], [4.053748865082644, 4.072912078502896, 4.101566596872674, 4.138871061291747, 4.175810000082832, 4.214981577620985]]
FCE:[[0.029235836407482996, 0.01781139034179558, 0.011546401824361396, 0.00904719044751323, 0.007657280837541635, 0.006763065045300064], [0.022942497084656677, 0.013768388759255895, 0.008945285984794226, 0.00702541853550285, 0.005980628399580747, 0.005166784147467601], [0.01970294006877266, 0.011416774106901792, 0.007421925404784894, 0.005864173586039159, 0.005002998941028049, 0.004336567123164589]]
