Ri:[50, 100, 150, 200]
Zi:[100, 200, 300, 400, 510]
FC:[[3.910543162893067, 3.9466496394839936, 3.9569767290987268, 3.9690656924359544, 3.990998108900704], [3.9284466774584508, 3.9583038224671876, 3.987434056820518, 4.013045816160271, 4.0377949942055835], [4.033990152058698, 4.061890337635948, 4.094267878274464, 4.120978771962275, 4.146841023343924], [4.359709276335338, 4.411558561861729, 4.454525972852858, 4.488009242115592, 4.516370751144895]]
FCE:[[0.027267878519920487, 0.018883344731443215, 0.01579210805464298, 0.013293230825184294, 0.01176177482179632], [0.013928084223843548, 0.009532868910154787, 0.00774589014670861, 0.006693756637677433, 0.005914750552271312], [0.009624283141205659, 0.006563650326080504, 0.005304363596523224, 0.004499855473880397, 0.003976693241641055], [0.00805883428243745, 0.005487636812623309, 0.004425465590202136, 0.0038436746958832578, 0.0033990479799357247]]
fps.ts:[1621774047.23412, 1621777495.7263598, 1621780944.2186, 1621784392.71084, 1621787841.20308, 1621791289.6953201, 1621794738.18756, 1621798186.6798, 1621801635.17204, 1621805083.6642802, 1621808532.1565201, 1621811980.64876, 1621815429.1410003, 1621818877.6332402, 1621822326.1254802, 1621825774.6177201, 1621829223.10996, 1621832671.6022003, 1621836120.0944402, 1621839568.5866804, 1621843017.0789204, 1621846465.5711603, 1621849914.0634003, 1621853362.5556402, 1621856811.0478804]
fps.e0:[10739.790986257995, 10686.405756342454, 10749.226985827561, 10722.325141272806, 10733.246250449698, 10740.948844380086, 10740.723473953536, 10741.27982683702, 10707.640320165992, 10751.94775284014, 10733.435439076353, 10736.766487229583, 10731.173384488975, 10742.033556739954, 10740.522048817376, 10741.557281236554, 10717.48349758014, 10714.255809522938, 10722.81863983002, 10750.832448016363, 10715.460133456056, 10725.477775068755, 10766.68953509025, 10724.93809678958, 10736.0826556029]
fps.e0u:[13.406657512980509, 13.542323024603862, 13.43991342896223, 13.50929110602636, 13.569261667007973, 13.424736421135156, 13.470012080118948, 13.460554908569225, 13.48338210497157, 13.359605205768288, 13.498869350703353, 13.589814521508364, 13.405726304288764, 13.42425724477242, 13.390351326181738, 13.558714267665986, 13.565802784215002, 13.492396748372778, 13.430976491268126, 13.363478137280906, 13.56482953000064, 13.504638165203737, 13.479733781408456, 13.527036778780804, 13.861826890378513]
fps.lt:[18589.27719776765, 24808.306396263393, 17036.353361806272, 20312.608518989495, 20201.490063134177, 18453.33598613861, 18923.80653861505, 18504.882052464705, 23711.134110127132, 19015.757837663245, 20000.04030344696, 21027.546975582907, 21264.453716430948, 19482.782072081245, 19656.6996116488, 17951.181646876135, 20528.70972544729, 22530.261183636234, 21583.64836144853, 19107.98344225742, 22288.766556809518, 21523.461496032534, 18210.395414921266, 21829.234389861227, 19802.286357704914]
fps.ltu:[1299.976066627815, 2332.022076348023, 1096.4283734753565, 1568.5165133874568, 1547.195297454962, 1286.3872097137842, 1352.3331226935861, 1289.4598798410889, 2132.1351107429027, 1355.811748373866, 1514.0100632719782, 1685.672715123985, 1705.9298955033798, 1425.3174003418733, 1455.7938313039178, 1225.7163863368883, 1598.8021952307158, 1913.2798786807496, 1761.6786251293356, 1367.8508526995192, 1883.0960667848478, 1746.3976940592413, 1250.5898474949597, 1795.680585094292, 1522.8668923967516]
fps.c2:[2.5488013240940472, 1.736892194433191, 2.39042733409581, 1.850843140183593, 0.6213904154780556, 0.7634547313322326, 0.8369020452175816, 2.674667411284904, 1.0523185374114605, 1.9704242148190558, 0.9299383048170495, 1.964990674881381, 2.22717159845077, 2.98407967978901, 2.1042120144502663, 1.7495064107536367, 3.112047621391795, 2.6038693133748465, 1.0526450320935477, 1.3146826607809499, 1.8052714354241435, 1.228683093978377, 1.9219195168194791, 2.018632194258011, 1.1623885264248761]
