Ri:[100, 130, 160]
Zi:[50, 100, 200, 300, 400, 500]
fps.ts:[1428.4394999980927, 4285.318499994279, 7142.197499990464, 9999.07649998665, 12855.955499982834, 15712.83449997902, 18569.71349997521, 21426.59249997139, 24283.471499967578, 27140.35049996376, 29997.229499959947, 32854.108499956135, 35710.987499952316, 38567.866499948504, 41424.74549994469, 44281.624499940874, 47138.50349993706, 49995.38249993324, 52852.26149992943, 55709.14049992562, 58566.0194999218, 61422.89849991799, 64279.77749991418, 67136.65649991037, 69993.53549990655]
fps.e0:[10525.5586797083, 10509.99169749222, 10530.287038329043, 10552.72309476935, 10521.133660104942, 10528.406978969135, 10561.056526612472, 10524.592600692064, 10510.872730203504, 10551.707312632372, 10548.083568075352, 10559.682928672073, 10534.141253530968, 10534.361253372175, 10558.383506042326, 10538.826447151598, 10553.702463449648, 10545.972801757185, 10560.353834430023, 10576.665378629348, 10537.604921632254, 10565.206828581047, 10582.658755242946, 10559.300311282812, 10554.23863108328]
fps.e0u:[18.059458956299995, 18.344926484005075, 18.145810389716143, 17.785518294555313, 18.12582835646355, 18.322279118256667, 17.936212318239537, 18.25845405228873, 18.173770141464146, 17.957728858779028, 18.177560935377304, 18.073307841222096, 18.005770448149274, 18.157765634571245, 17.68182751714989, 18.054281163830602, 18.247308154682077, 17.676918373950087, 18.29825379419568, 17.946424872490805, 17.944001527915642, 18.00248118462381, 17.88476044954699, 17.966398649359252, 18.074054111753487]
fps.lt:[4675.035805067826, 4804.293199805822, 4814.008268711073, 4671.025190757772, 4820.451919188714, 4747.280365994934, 4589.366967781153, 4812.7550798783195, 4904.198639874103, 4639.826474936318, 4693.267031062584, 4584.984285278096, 4830.997943644744, 4719.7243009363865, 4559.081107375276, 4602.120996712626, 4582.790017272904, 4758.024790734324, 4527.908562985667, 4466.240049071234, 4680.93961168365, 4575.373994390925, 4502.697642264003, 4690.588863578758, 4633.0912271908755]
fps.ltu:[113.81423590400237, 121.15211551547327, 120.40272223472901, 111.41843105045596, 121.20055776445213, 117.99716776793161, 109.31980951399056, 122.09194996639347, 125.57049219501914, 112.01703893678705, 115.1811118131125, 109.56956787303687, 120.65926345048695, 116.0706983481589, 106.15162964429297, 109.93546213435191, 109.1689939210791, 114.90791733520516, 108.37785289850402, 103.34152773542372, 112.22441621312142, 108.74299187159245, 103.73038831118426, 113.46999205326026, 111.26417214311954]
fps.c2:[2.39665230360999, 1.3502783602068282, 2.3904652765717027, 1.6888000599731419, 2.2813955435315396, 1.2547467078525059, 2.632730507355853, 1.3632833585664001, 2.6567631997483137, 1.1992252477521819, 0.8874043181496595, 2.2879947501596503, 2.163948766258342, 1.3473096849746287, 0.930449206544076, 0.7852882867112704, 0.6704308256557241, 0.9173123786910804, 1.6144638389902055, 1.4185628349372743, 1.4605407255542824, 0.5533373059760547, 2.254019242547327, 1.4494945931752605, 1.2637609355452448]
FC:[[3.880145279509406, 3.859964516613091, 3.933083784674665, 3.983540717927037, 4.036156432261723, 4.09981671465743], [3.8796575639242836, 3.870552572747183, 3.9569715255201174, 4.017951032343912, 4.079193100498209, 4.149890535936751], [4.003631058022057, 4.007543943651534, 4.091651107162781, 4.160247638965395, 4.21046889680448, 4.284886006308025]]
FCE:[[0.056153613777624956, 0.027624522171344812, 0.016207942733067828, 0.012696685791233838, 0.010830146402320863, 0.009676296944524798], [0.04408520765548106, 0.021024354613238854, 0.01250204978597228, 0.009810424286168679, 0.00838772761023463, 0.0075354766524227835], [0.03655479025926535, 0.017447034504093982, 0.010573764232526327, 0.00832486764083597, 0.007109970496917404, 0.0062932369399322586]]
