Ri:[100, 130, 160]
Zi:[50, 100, 200, 300, 400, 500]
fps.ts:[1841.6190399980544, 5524.857119994163, 9208.095199990272, 12891.333279986382, 16574.57135998249, 20257.8094399786, 23941.04751997471, 27624.285599970815, 31307.523679966922, 34990.76175996303, 38673.99983995914, 42357.23791995525, 46040.47599995136, 49723.71407994747, 53406.952159943576, 57090.190239939686, 60773.428319935796, 64456.6663999319, 68139.90447992801, 71823.14255992412, 75506.38063992023, 79189.61871991634, 82872.85679991245, 86556.09487990856, 90239.33295990467]
fps.e0:[10874.75757072986, 10856.551023148379, 10872.556838799363, 10863.416657765027, 10864.46217178957, 10861.307068801225, 10869.317252673056, 10891.061466436102, 10865.731731118998, 10855.945406362336, 10855.66576529579, 10886.399973824298, 10856.613464300226, 10862.147935442226, 10872.009667235321, 10870.95774401103, 10854.686979085014, 10865.443738183756, 10866.753531002685, 10879.252324682144, 10860.588868295577, 10897.055246132677, 10884.592985754201, 10871.345726606169, 10886.781907592831]
fps.e0u:[10.732287456600812, 10.780849283005773, 10.731857008174833, 10.67698568911172, 10.81493430246516, 10.914631229930501, 10.7627106139201, 10.764653317562226, 10.83266423789923, 10.825612083191869, 10.793802161045262, 10.710359964155508, 10.823942063856046, 10.760922736242303, 10.720367125825565, 10.620577759943641, 10.7610871043658, 10.900281894311656, 10.803275974808402, 10.761227142855452, 10.63071153922455, 10.796286454189962, 10.665597295020374, 10.784039966941885, 10.797774764238238]
fps.lt:[6427.7889490159305, 6637.804365931558, 6446.155880790027, 6699.961776296654, 6580.434926772614, 6612.163539855667, 6562.040008935795, 6332.061168526304, 6576.281221899631, 6728.254152064975, 6703.771490601239, 6341.530806711711, 6695.604094452707, 6721.643316598339, 6566.964158508256, 6522.073564535672, 6657.7605002236905, 6548.97275876737, 6509.496850980954, 6416.351712692949, 6613.53597402534, 6342.149666232657, 6448.290844550802, 6547.316670536675, 6446.757852494073]
fps.ltu:[121.02654689746083, 129.90883183428647, 122.04944013631807, 131.23924140608872, 127.67475207873821, 130.33208392340475, 127.06898834842725, 117.74879891423689, 128.08550746942612, 133.77429232286457, 132.96356807165486, 118.17081454338522, 133.19422425304325, 133.3638223012711, 127.10643655184381, 123.76604348286985, 130.55206468855638, 127.99706340554718, 125.14117502777873, 120.84362387734618, 127.0024870830347, 118.31897716293038, 120.61780905398636, 125.79619901277488, 121.97339110889921]
fps.c2:[5.0498015002006, 2.8288859350969515, 3.071677678798743, 3.510792671168399, 2.4265205964342647, 2.353927511940202, 2.454741472556364, 2.991405948785553, 2.822208160625496, 2.9228686746962156, 2.7889035228432286, 1.863418210626332, 3.932495626681536, 2.383880423941456, 2.586001151462697, 3.5222264117036852, 3.1331720725376906, 2.4449414135198064, 3.142175419147639, 2.227862878235997, 3.053659368431928, 3.177885607923635, 2.937290969113675, 2.5614685773754835, 3.0856229099452106]
FC:[[3.9025609848574785, 3.864437383754917, 3.8875327748212958, 3.936399621200859, 4.004415139101826, 4.069964909871357], [3.9227593856432574, 3.8990209851987654, 3.9347842237749675, 3.9899989415759203, 4.053032316487471, 4.118499001977127], [4.016565136123842, 4.013799766225511, 4.054596712701154, 4.107597410415875, 4.1682675432070955, 4.238061909941654]]
FCE:[[0.029501940646471332, 0.015681110919169974, 0.009700234229082083, 0.007549008888661306, 0.006395929939373051, 0.00568201855876184], [0.022922715446206512, 0.01204012110558545, 0.007434753125174147, 0.005814238139937132, 0.004937677402212812, 0.0044005093944867475], [0.019282147799463332, 0.010112476320517995, 0.006234393012114123, 0.004881000254195381, 0.00415543735789844, 0.003639068174325903]]
