Ri:[100, 130, 160]
Zi:[50, 100, 200, 300, 400, 500]
fps.ts:[1764.2922599983215, 5292.876779994965, 8821.461299991608, 12350.04581998825, 15878.630339984895, 19407.214859981537, 22935.79937997818, 26464.383899974822, 29992.968419971465, 33521.55293996811, 37050.13745996475, 40578.721979961396, 44107.30649995804, 47635.89101995468, 51164.47553995132, 54693.060059947966, 58221.64457994461, 61750.22909994125, 65278.81361993789, 68807.39813993455, 72335.98265993118, 75864.56717992784, 79393.15169992446, 82921.73621992112, 86450.32073991775]
fps.e0:[10852.04654228884, 10849.57369334939, 10863.23817316487, 10874.578271406723, 10864.46331237089, 10855.244626151105, 10876.812645922866, 10842.118172438199, 10845.057674421641, 10850.969318078693, 10856.452166352594, 10883.524773204761, 10877.759620563384, 10852.563717202589, 10866.675832793939, 10865.25930453265, 10861.256989861688, 10856.955432955794, 10849.452633745961, 10883.465136526218, 10857.969107697698, 10861.974584046997, 10859.779847744094, 10854.920169426992, 10856.23612663051]
fps.e0u:[12.501271310723281, 12.586473875204646, 12.604096116215485, 12.424805117294406, 12.623801545341696, 12.56512992536877, 12.466651139995777, 12.377243646783198, 12.768673668690745, 12.598018553932194, 12.807113365533322, 12.567775088292747, 12.619695696825193, 12.4603752466096, 12.567810802307246, 12.59851336751961, 12.587071231600552, 12.545537240319465, 12.642287548117398, 12.591874563461722, 12.465413927124281, 12.600968597053624, 12.695230848488967, 12.814413264878858, 12.60490685549973]
fps.lt:[11187.073491947942, 11289.944843241254, 11165.135980693378, 10604.899888761889, 10730.212447538255, 10972.501598993396, 10945.609516894383, 11500.59749313063, 11433.663258287179, 11215.067798971551, 11505.203542198005, 10210.084884458174, 10519.14396104465, 11349.013200051326, 10794.037393178469, 10545.894558621412, 11248.004481989035, 11163.255933675044, 11316.963620582243, 10487.112956279963, 11279.228826328048, 11363.465253956956, 11179.348771687268, 11220.219608881323, 11051.388256416447]
fps.ltu:[437.18608453747817, 442.587543515082, 432.0135148203126, 387.4020965016166, 400.3345979581001, 419.3149487956437, 411.5300111589296, 453.8155544395983, 458.762341167241, 437.18479977664464, 465.85265354470283, 362.9276418366418, 385.61451276462503, 446.0813000136458, 404.00340166350543, 386.47235787862286, 441.24405418900403, 433.9590238555804, 445.65409938971356, 384.21040412281155, 438.45373278984937, 449.95260534602915, 434.0520636610029, 443.8358148873014, 425.77792882643826]
fps.c2:[1.3363183744628615, 2.1242964255912336, 1.9397583518221444, 1.3736705180593314, 1.2953231907603064, 2.764777314024617, 0.8500852731964379, 1.532955389576521, 2.609597174579138, 0.8814934337255875, 1.3245252743193983, 1.4009453851334213, 1.0491357601137479, 1.730177339454646, 2.4867959467708625, 0.5864051295660471, 1.1171068760478138, 0.9905308001054589, 1.5801203333025158, 1.2628683681368145, 1.2988355029955596, 1.408836681464709, 2.239510715471428, 0.8246045258863529, 0.7290308702415468]
FC:[[3.801777114246764, 3.8425598055229226, 3.8570936011028834, 3.8801932290691155, 3.91112931256342, 3.9431305637286442], [3.8674170039462705, 3.8861209797013747, 3.901973579520418, 3.9230520982219823, 3.9563578326054842, 3.9901764433958102], [3.9917399262858555, 4.007237055082429, 4.029707453299568, 4.053576093609572, 4.084360030882804, 4.118210889735427]]
FCE:[[0.02975519591853881, 0.017554091096918314, 0.011515730403386661, 0.009022922007766696, 0.007637214471384966, 0.006747729797941851], [0.022718720952285668, 0.013586593263578734, 0.008875190207145693, 0.006967071859116102, 0.005932005083607278, 0.0052545622549858536], [0.01885292161504886, 0.011227483309668745, 0.007343970865242373, 0.005783943208644839, 0.004927417892187417, 0.00436979445831982]]
