Ri:[100, 130, 160]
Zi:[50, 100, 200, 300, 400, 500]
fps.ts:[1728.6307000017166, 5185.89210000515, 8643.153500008582, 12100.414900012016, 15557.67630001545, 19014.937700018883, 22472.199100022313, 25929.46050002575, 29386.72190002918, 32843.98330003262, 36301.24470003605, 39758.50610003948, 43215.767500042915, 46673.02890004635, 50130.29030004978, 53587.55170005321, 57044.81310005665, 60502.07450006008, 63959.33590006352, 67416.59730006695, 70873.85870007038, 74331.12010007381, 77788.38150007726, 81245.64290008068, 84702.9043000841]
fps.e0:[10847.626008829227, 10846.105440662006, 10850.921702293961, 10875.516196939518, 10849.283589043664, 10867.712597339565, 10856.593274759241, 10848.888619881329, 10856.426719328685, 10883.735001868612, 10863.658389770651, 10864.233558161757, 10879.633843102247, 10885.605187432904, 10878.211566249694, 10878.596313726195, 10882.198899572557, 10868.476043119705, 10902.782537336327, 10870.536329411887, 10862.14684764922, 10889.91305710842, 10877.93667385686, 10888.580690701581, 10892.005063626322]
fps.e0u:[11.32288424228276, 11.132514659455254, 11.31140874673108, 11.263059564182381, 11.239850451170744, 11.33645785110202, 11.434250782629126, 11.343971691100128, 11.409887323392635, 11.370461132404602, 11.331803314065368, 11.32909178609584, 11.403157057994653, 11.45574634993071, 11.344128596778626, 11.39297382852482, 11.439789177382968, 11.418832163620987, 11.267596227738808, 11.370465976612003, 11.516014022841512, 11.382079648191318, 11.482890321205902, 11.454149896926104, 11.557957739400088]
fps.lt:[6573.118995375638, 6484.549275435409, 6477.683834498934, 6189.013508272413, 6349.702829257157, 6138.015263541151, 6335.802447451589, 6387.132409948765, 6285.047550739338, 5960.796649451493, 6266.114220251026, 6255.379677621418, 6190.506650576059, 6050.581515575777, 6154.107319635198, 6168.051246388145, 6149.5795929964615, 6303.4676087645485, 5959.274720688454, 6232.4710489716945, 6402.537668987079, 6072.503391170709, 6221.282799809846, 6213.933463218638, 6026.642538380787]
fps.ltu:[133.562031991161, 128.56984861292966, 129.79076860463258, 118.09659501744282, 124.12139673423002, 117.88189914757628, 126.05034839115116, 126.9536662926592, 123.2588966013378, 110.90330946883363, 121.84704110694045, 121.20870898878493, 119.84764770368139, 115.10099644886046, 118.08492697338701, 118.78398411158402, 118.05347606897932, 124.64033071569155, 109.61310956511554, 121.48463668554062, 129.66219202660525, 115.36689480150189, 121.62435797942007, 121.0810970512254, 114.63397033803871]
fps.c2:[1.7456205789060222, 2.0377325513938205, 1.9295890055056015, 3.889936640416946, 2.061570626157095, 1.8192656950314, 2.0006636820367407, 1.2688665671398724, 0.8736573138070666, 3.9475301211596827, 1.0364963660106468, 1.9766573971271255, 1.7520572074134715, 1.0771318401599048, 1.501836650793898, 2.954010967543622, 3.122499765293472, 0.9915069933340624, 1.636071432946959, 1.288350264035329, 0.8618188624634103, 1.4057530288666593, 1.3342974628415933, 1.6886329487130174, 1.6838177499438656]
FC:[[3.8440496913872213, 3.862322404857958, 3.8883682284311667, 3.953934013335044, 4.018254793867436, 4.083778240155033], [3.897613679613985, 3.898165319863874, 3.946581899595398, 4.006524229964953, 4.076151156686333, 4.153052288978187], [4.009205561308078, 4.018983959597113, 4.06389214228518, 4.127177782974584, 4.205013618772132, 4.28321671409144]]
FCE:[[0.03085849914488834, 0.01664592238374523, 0.010099443419691384, 0.007734605718320946, 0.006595328321538064, 0.005896599852384756], [0.024345590412392964, 0.01291355069129467, 0.007738464912696599, 0.006047818430986218, 0.00517200542824974, 0.004651235454731948], [0.02046523470858737, 0.010728546372315993, 0.006537110368347042, 0.0051324176864556495, 0.004303722011410199, 0.003870240732641554]]
