Ri:[100, 130, 160]
Zi:[50, 100, 200, 300, 400, 500]
fps.ts:[1707.078299999237, 5121.234899997711, 8535.391499996185, 11949.54809999466, 15363.704699993134, 18777.861299991608, 22192.01789999008, 25606.174499988556, 29020.33109998703, 32434.487699985504, 35848.64429998398, 39262.80089998245, 42676.95749998093, 46091.1140999794, 49505.270699977875, 52919.42729997635, 56333.58389997482, 59747.7404999733, 63161.89709997177, 66576.05369997025, 69990.21029996872, 73404.3668999672, 76818.52349996567, 80232.68009996414, 83646.83669996262]
fps.e0:[10819.487421366974, 10829.707089629786, 10819.62153781996, 10829.377323350318, 10846.93916418058, 10827.305911630541, 10826.927685173061, 10829.507841680768, 10854.504767952674, 10846.57183040672, 10853.52601103853, 10826.868019976358, 10813.519853366935, 10817.069285723766, 10818.56292352781, 10812.005599836788, 10834.279371868892, 10842.324373972144, 10819.565146954785, 10827.059022135287, 10817.346663992283, 10821.91157437817, 10835.876830523988, 10835.236503306314, 10815.694047078483]
fps.e0u:[11.981615880602138, 12.06898324517974, 12.085203217861917, 11.9470714418864, 12.081507765447132, 12.01630816782493, 11.993095221159976, 11.819750699876035, 11.993537927169692, 11.94648520347657, 11.993056548833776, 12.04206648121595, 11.992435276895892, 11.992957922167944, 12.110326992558488, 12.104568974814836, 11.931843642629996, 12.027597458164752, 12.044844494138552, 12.104510006169454, 12.033313132669797, 12.023833242385779, 11.948627080016331, 12.03157402374169, 11.925898442717791]
fps.lt:[3053.52759473568, 3080.2588101817437, 3092.8172544128306, 3105.389092416765, 3022.3446776668056, 3067.7816337183563, 3085.5033586054424, 3082.9055781494194, 2980.4839814466977, 3028.5549158839276, 3017.3204939738202, 3084.103591924186, 3098.365069924074, 3132.255800035318, 3097.5002864858325, 3110.8932358622637, 3054.138173071635, 3048.5537251493542, 3094.660300508727, 3058.00086371414, 3098.9896651284735, 3073.3175454581597, 3016.3336949916174, 3041.6605911864963, 3081.8736440521047]
fps.ltu:[32.635747258967534, 33.32782562374161, 33.6113620416803, 33.49138798924057, 32.026705196518236, 32.83261438169737, 33.26173572336901, 32.82650256607259, 31.04828275778062, 31.86238907450411, 31.796525444387992, 33.46237238410232, 33.498193117601936, 34.55606279357462, 33.78515289268356, 33.99367875384094, 32.4333641725578, 32.516803352452314, 33.549548759959485, 32.943996831427654, 33.73366893374832, 33.400019738162094, 31.758679129110202, 32.34016373313506, 33.08487873164778]
fps.c2:[2.601854916400746, 1.8543483961940561, 1.1652782108804034, 1.3973303251473024, 2.4725605276882465, 2.3025662609020583, 1.1439293125203884, 0.9529220494160623, 1.468235222753078, 1.0236993546540334, 1.5496195489729365, 0.7242194524515113, 1.8125608706885914, 1.5299776617673386, 1.9075387173449552, 1.0041223412252211, 1.2820629277586162, 1.751943034801919, 2.240997599069288, 1.5744549947889628, 1.8165564209269927, 2.6531265317389034, 1.5276965739618191, 1.3269922044747882, 2.950170025532329]
FC:[[3.799875114252436, 3.8218694977384704, 3.9207688425376874, 3.998691197703447, 4.074653522238727, 4.151359819505178], [3.859992428642421, 3.879778308809404, 3.9655486195492577, 4.041964038954411, 4.126416440939627, 4.199757679124102], [3.967319551293038, 4.0091134738109915, 4.105234159926758, 4.182680896062029, 4.2650008860021, 4.3396278788855085]]
FCE:[[0.03327239794191342, 0.015808696156533904, 0.009872855445217467, 0.008032802867384064, 0.0069227406789273286, 0.006193516673512876], [0.025956324946514637, 0.01237728312046944, 0.007701464264020062, 0.006264372683645973, 0.005279644406961897, 0.00483845212587165], [0.021789486718433396, 0.01062448899319506, 0.006305118778973925, 0.005116136573464864, 0.004521901692476744, 0.004151704214097089]]
