Ri:[100, 130, 160]
Zi:[50, 100, 200, 300, 400, 500]
fps.ts:[1403.3611800003052, 4210.0835400009155, 7016.8059000015255, 9823.528260002136, 12630.250620002747, 15436.972980003356, 18243.695340003967, 21050.41770000458, 23857.14006000519, 26663.8624200058, 29470.58478000641, 32277.30714000702, 35084.02950000763, 37890.75186000824, 40697.47422000885, 43504.19658000946, 46310.91894001007, 49117.641300010684, 51924.363660011295, 54731.086020011906, 57537.80838001252, 60344.53074001313, 63151.25310001374, 65957.97546001435, 68764.69782001496]
fps.e0:[10802.52787939046, 10791.107539455072, 10789.378879460946, 10770.435682889423, 10799.716567216303, 10786.285248131273, 10792.392367263083, 10799.384018573903, 10800.028482610682, 10799.758997980483, 10821.142399735338, 10821.516175412358, 10804.378033999672, 10775.11043991392, 10801.03940077918, 10802.455240029713, 10778.269521368822, 10806.824823319492, 10803.523405891268, 10779.277918903652, 10810.015897237932, 10800.21083710511, 10813.40155688799, 10799.374541089148, 10807.176834636171]
fps.e0u:[13.825726007092658, 13.62840693077722, 13.688002051310923, 13.697024821350176, 13.852102213609761, 13.713166116576277, 13.71684848271737, 13.675997215711877, 13.688857094385915, 13.664551328881908, 13.671899919653281, 13.541182146402782, 13.679465424547672, 13.444413031134928, 13.515236864948259, 13.50883667837844, 13.679064219123257, 13.584609025641514, 13.52540814800969, 13.325923164948998, 13.596296989441047, 13.521898769600883, 13.292398795851424, 13.517491596308147, 13.602920977838096]
fps.lt:[5835.447851631596, 5923.914423627837, 6103.234457433269, 6081.054735286315, 5775.796115314083, 5977.7338051494935, 5862.773798631783, 5840.261768609496, 5872.191855355825, 5866.315601831543, 5654.0399642921175, 5589.043222835935, 5884.59373607554, 6173.19243413941, 5944.932418676242, 5852.4405932618065, 6022.364127685025, 5810.413230933738, 5851.0698729484375, 6105.406358870474, 5878.705369757923, 5827.043822854276, 5794.714208072178, 5894.426327982867, 5819.550240830134]
fps.ltu:[128.36084216246664, 130.85227157175493, 139.02913549193414, 138.11059681609444, 126.23922005995179, 133.9489969307684, 129.29272199220745, 127.13925661200022, 128.40381824991996, 127.99711900114652, 119.09007171579805, 115.7385558040656, 128.76167928307305, 140.28903369522584, 130.21072364411665, 126.62189239636226, 136.05110903763992, 124.7065973962678, 126.79064573861916, 136.57469749211234, 127.94723439646057, 125.99815500505755, 122.0699922157647, 128.77822472024505, 125.52976645565631]
fps.c2:[2.642987385349241, 2.6709530666751182, 1.919267152980866, 1.4391483045146143, 4.9389896152664825, 1.9590120859383906, 1.6034387433601816, 2.354667768691725, 1.5063834799628448, 2.2620761076851226, 1.8242947624083152, 2.0127496324414786, 2.0251012786924316, 2.172449709775253, 2.0536475617184045, 0.8697467286845867, 2.1492231258234296, 1.4464818463160778, 2.8205995779060293, 1.9384936227988105, 1.8891793909849914, 3.3605972338137344, 1.5435495917035147, 2.621382372776615, 2.356398224961919]
FC:[[3.8587926382616042, 3.8158043449741967, 3.848244074518833, 3.9049595412984157, 3.970115104988147, 4.041501721205713], [3.821697973348164, 3.850758738034955, 3.887325500333458, 3.9491875070693623, 4.022756357225988, 4.089016649755549], [3.955555806844653, 3.9673734805148744, 4.021122690639281, 4.087311803354347, 4.153866957527212, 4.218139875484773]]
FCE:[[0.03994696399393127, 0.02005186932642504, 0.012350732928520103, 0.00960964966332213, 0.008129130666462859, 0.007015036996337675], [0.02964932753103937, 0.015373780447012837, 0.009433655550281961, 0.007368448103899541, 0.006101935543557841, 0.005406271416583923], [0.025815536806051056, 0.012763952758799355, 0.007751783266055438, 0.006067079920158025, 0.005152927583640148, 0.004461984058800219]]
