Ri:[50, 100, 150, 200]
Zi:[100, 200, 300, 400, 510]
FC:[[4.060236894561212, 4.054267209207878, 4.06168884721008, 4.075992783226313, 4.119163013640313], [4.060368510996067, 4.06903828359729, 4.087960299866388, 4.130874657159472, 4.1728170453054325], [4.171725705004433, 4.201366679146059, 4.235168813109244, 4.281339796367774, 4.322596085814683], [4.831177001671042, 4.8639611477638445, 4.91646268888169, 4.954883455680816, 5.000932193727145]]
FCE:[[0.03952204816748209, 0.02671016242709966, 0.021336994995922284, 0.018528897691423546, 0.01603510984502593], [0.019537404027566267, 0.013305746961074056, 0.010733508829286736, 0.00906442094879819, 0.007827585035601421], [0.012869712188422583, 0.008760250749557035, 0.00708747463627086, 0.006153416192858664, 0.005464577944174786], [0.012291593225670994, 0.008342396225784816, 0.006675890448018586, 0.0057690686543640885, 0.005064236384737036]]
fps.ts:[1601223160.68582, 1601226395.93746, 1601229631.1890998, 1601232866.44074, 1601236101.69238, 1601239336.94402, 1601242572.19566, 1601245807.4473, 1601249042.69894, 1601252277.9505801, 1601255513.20222, 1601258748.4538603, 1601261983.7055001, 1601265218.95714, 1601268454.2087803, 1601271689.4604201, 1601274924.7120602, 1601278159.9637003, 1601281395.2153401, 1601284630.4669802, 1601287865.7186203, 1601291100.9702601, 1601294336.2219005, 1601297571.4735403, 1601300806.7251801]
fps.e0:[9811.858991075418, 9808.273331358101, 9831.457098668545, 9834.281735024919, 9854.572857293704, 9843.244613008404, 9847.918512916556, 9814.999305409881, 9834.42257535638, 9827.691760761987, 9819.17633712277, 9822.392254294975, 9835.768332759664, 9832.644689967105, 9841.690552300513, 9843.026166921129, 9842.030303850957, 9820.602862560178, 9811.287831190917, 9843.920415532795, 9836.951509180757, 9814.984686958649, 9808.717637996577, 9839.852797799755, 9820.051572309165]
fps.e0u:[16.768578958646742, 16.665002279473665, 16.3590391804596, 16.79094681862352, 16.467734535018412, 16.55137785142586, 16.652766179361592, 16.63052856251203, 16.28939585611791, 16.67080638645357, 16.669690686844753, 16.49158096288188, 16.597679268418283, 16.573544746909054, 16.535801106444286, 16.649177938789872, 16.408816721935914, 16.569311203198843, 16.49539364138002, 16.70696178238317, 16.63808742431607, 16.77978246039924, 16.602769059994948, 16.482232687262737, 16.56422073150351]
fps.lt:[12856.798655525763, 13067.967548328903, 12306.020058508368, 12263.916264536554, 11270.6091131918, 11962.654019466507, 11792.632393178637, 12571.936311384263, 12397.318640031257, 12660.895267719547, 12580.091063228245, 13496.257446477288, 11946.327506709935, 12711.233497422747, 12659.112369121196, 11623.289235211836, 12332.722111121062, 13618.319938284701, 14410.940407523527, 13025.346169199276, 12677.875097660142, 13266.78227679805, 13274.544098051641, 12335.359785338575, 12852.630517007045]
fps.ltu:[841.3436593901877, 869.9773439872386, 756.9703134322549, 765.8744744722179, 640.7967461310735, 725.4151625154202, 699.3634794819561, 799.1663060180723, 769.9700122184573, 819.8470766930078, 807.5644714383579, 914.0195515479819, 725.138235497573, 816.8745039952541, 812.806873053132, 686.2419032312068, 762.7213655894027, 936.6382366557244, 1043.4570534925936, 864.5784691661067, 819.2216535157363, 898.0417681937159, 896.1428016456236, 766.356053622145, 837.2887844728283]
fps.c2:[1.3445303393260764, 0.908703981480527, 1.566451378509947, 1.7119629204292055, 1.168418134813569, 1.4230771605914998, 1.450873422463515, 1.6738353228243459, 0.8400629739440585, 1.1217283612092113, 1.315149618553517, 1.398516972133619, 1.2665112544031287, 1.110469141488304, 0.5862125844281797, 2.1210132301954783, 1.7666942900411537, 1.4033750140921588, 1.5191905884151902, 0.8421525228076722, 1.7422821239859194, 1.564362748398032, 1.7549489686309871, 2.070945077808116, 1.8285368058209446]
