Ri:[50, 100, 150, 200]
Zi:[100, 200, 300, 400, 510]
FC:[[4.058629155228769, 4.045822517641838, 4.028128121250126, 4.034989229579266, 4.0707014884705615], [4.009035621768394, 4.052386502631682, 4.051199451504998, 4.0686896238239, 4.0964650921310195], [4.146071394482633, 4.181134515457872, 4.196350375572018, 4.222145020741886, 4.252224671025189], [4.718378338825483, 4.76822586349566, 4.805884943288364, 4.834265498354744, 4.865142476870396]]
FCE:[[0.052074944707180645, 0.03454490899706306, 0.027573405204098247, 0.023884536853903807, 0.021298740051482086], [0.024867553197636453, 0.01677629585650822, 0.013435854949761076, 0.011612314287870818, 0.010255611974174935], [0.017271741814221225, 0.011826638793458105, 0.009477813934714644, 0.008188156815261704, 0.007225319622460003], [0.016175111874738166, 0.01104610518652708, 0.008920263708543477, 0.007697879350089768, 0.006810672484161136]]
fps.ts:[1610464405.5611, 1610467943.8093, 1610471482.0575001, 1610475020.3057, 1610478558.5539, 1610482096.8021002, 1610485635.0503001, 1610489173.2985, 1610492711.5467, 1610496249.7949002, 1610499788.0431, 1610503326.2913, 1610506864.5395002, 1610510402.7877002, 1610513941.0359, 1610517479.2841, 1610521017.5323, 1610524555.7805002, 1610528094.0287, 1610531632.2769003, 1610535170.5251002, 1610538708.7733002, 1610542247.0215, 1610545785.2697, 1610549323.5179002]
fps.e0:[10075.020322769722, 10040.350409713416, 10126.249661340244, 10067.380579367851, 10093.58991420287, 10069.373040312461, 10070.567199056999, 10088.847164410707, 10105.103388980808, 10067.965216481856, 10085.42541851869, 10101.730900427221, 10056.61855316814, 10111.19728717775, 10021.626835986155, 10058.867723324887, 10026.056506014998, 10046.165969502796, 10063.871405229896, 10078.226242160883, 10053.336600681818, 10054.741259288034, 10066.717215594443, 10085.654492927204, 10079.097030805064]
fps.e0u:[22.877161840451326, 22.62500722645288, 22.094680493110832, 22.796457832112967, 23.007170731911994, 23.052587209263333, 22.18987104668106, 22.55001509473745, 22.736371154132904, 22.596027066153606, 22.883618275423096, 22.618388019792427, 22.79698521584215, 22.571898171539083, 22.728651577847877, 22.959994562202343, 22.645495392969938, 22.438624852087877, 22.409863275908155, 22.31191104878696, 22.842727813676312, 22.966231641414065, 22.498393146746512, 22.468329024720788, 23.06057381896708]
fps.lt:[15106.910721117272, 17796.160168781033, 12840.384926676503, 17908.488120073027, 13874.180557240994, 15731.358949481348, 15461.071391071997, 15687.502463494991, 13679.079454735189, 16916.034487240137, 14725.848379707735, 13850.937023957831, 16488.075132618167, 13844.396959029425, 20582.906604947697, 14935.251252895634, 22646.148598927506, 18006.58358280323, 15716.300738482021, 16547.263877226706, 17117.33862016296, 16336.960941034524, 16236.291171269893, 14823.317580463137, 14680.133414014148]
fps.ltu:[1555.1357094813375, 2155.498907914387, 1095.7406873411796, 2168.25773817777, 1315.60594195825, 1696.2752102946756, 1595.4810374082645, 1651.4137884079464, 1268.399847866767, 1918.0078320393645, 1474.050572897379, 1293.1314782619684, 1845.6350309466993, 1299.5439326274145, 2860.5878131471854, 1536.34996298257, 3443.969511467188, 2188.702504907668, 1653.2658372041237, 1824.0570891575505, 1979.5208228811775, 1814.043440100586, 1761.684074909467, 1479.6503477481183, 1481.8143316687801]
fps.c2:[1.3802114175877378, 1.4117633272342833, 1.7004337139413452, 1.4259079760657376, 1.220770427290178, 1.4232238694834118, 1.0560239023121283, 1.6885780604681304, 1.0408551414526142, 1.8324701857748358, 1.8706752943236167, 1.0098979583758971, 1.4744509556656626, 0.5998231200639501, 1.0621347641046646, 0.8468679236128865, 1.681780364571497, 0.3371170933188108, 0.8267143081308266, 0.8167236692513296, 1.0041097434320052, 0.7756187021141401, 1.1694335891179226, 0.6526048754115608, 1.8742874492648445]
