Ri:[100, 130, 160]
Zi:[50, 100, 200, 300, 400, 500]
fps.ts:[1543.5219199991227, 4630.565759997368, 7717.609599995614, 10804.65343999386, 13891.697279992104, 16978.74111999035, 20065.784959988596, 23152.82879998684, 26239.872639985086, 29326.91647998333, 32413.960319981576, 35501.00415997983, 38588.047999978065, 41675.09183997632, 44762.135679974555, 47849.17951997281, 50936.223359971045, 54023.2671999693, 57110.311039967535, 60197.35487996579, 63284.398719964025, 66371.44255996228, 69458.48639996053, 72545.53023995877, 75632.574079957]
fps.e0:[10867.46925107714, 10889.184688022628, 10870.085334653653, 10879.163009781088, 10875.502678151397, 10867.791574968467, 10860.539769516232, 10898.80541204748, 10888.934270256197, 10878.513001807814, 10875.730458872544, 10886.206566310144, 10892.081980139354, 10888.808394122027, 10899.841303825755, 10883.290249916063, 10897.631308202803, 10878.322642954172, 10868.701623061279, 10884.970935984307, 10859.93271943912, 10883.715276914942, 10893.42601740345, 10900.033715654603, 10895.95868960473]
fps.e0u:[10.978885476327406, 10.907122615438325, 11.057063991416834, 11.04543906157763, 10.967194517370038, 10.99138751189668, 10.982680957488643, 10.987707930402722, 10.91075037111677, 10.95026160055808, 10.955029874997553, 10.965233624611415, 11.007783499999233, 10.988399532681012, 10.986469528138093, 11.053250664426207, 10.963067811823047, 11.094405635738612, 10.973710548666356, 10.878087607818745, 11.015186221184994, 10.95455760088293, 11.105909783093512, 10.97470696902845, 11.138748740692984]
fps.lt:[6298.461109727565, 6095.72708969603, 6261.731105901195, 6199.995175210675, 6249.987850785675, 6374.6252216240255, 6436.983380928186, 6062.625459149388, 6131.644532896778, 6271.728290145958, 6340.544757129863, 6107.129685805124, 6100.47346043992, 6145.131306772641, 6012.8901905884795, 6217.267506734098, 6122.41770762429, 6212.177289590135, 6393.227538185083, 6258.488793259501, 6412.97297139332, 6169.877370726053, 6132.751431501196, 6091.611534330903, 6178.689616664661]
fps.ltu:[119.43749124731735, 110.90461395992247, 118.32734578922391, 115.99238886866063, 117.46785538181459, 122.09624567819085, 123.72675932156693, 110.25418848842969, 112.05370064431332, 117.4999363283644, 120.43424085439378, 111.91133185589052, 112.27580461858268, 113.49337656759262, 108.29250227843599, 116.59486616877919, 112.18362196164196, 117.10455744546108, 122.7272551214079, 116.53769381154042, 123.69853034350353, 114.66014970324281, 114.01983172428004, 110.84446260093017, 116.484608552882]
fps.c2:[1.1415855670882202, 3.516698036747727, 0.968364210084551, 2.0334774543398995, 1.3843870616180352, 1.6365839612920008, 1.5824053832400646, 1.7461880154806801, 1.6384618531080812, 1.1394523512291432, 2.7244455180194174, 1.8742029731270027, 2.6439128647241024, 1.9283940909142043, 2.9226349224750576, 1.7982083697861149, 1.7728017452164548, 2.6530213057475796, 3.1266403307951216, 2.8958486427035575, 3.2640459023381867, 2.996041280838319, 1.4647254763001778, 2.6242137300743598, 1.6767711286542981]
FC:[[3.752271419594095, 3.798639944730476, 3.841651047362058, 3.8877631041692893, 3.9341516392505262, 3.987772648450952], [3.788769216428461, 3.8441787668644913, 3.8869122529203857, 3.9335360802793495, 3.981321962721524, 4.03480997041456], [3.910479359294381, 3.9681461980827883, 4.013249598743101, 4.061433767507515, 4.11689785145263, 4.167746165197197]]
FCE:[[0.029171316037091076, 0.015744056622742062, 0.009730348378401433, 0.007563591551078051, 0.006401046753774667, 0.005685140903358647], [0.022556195756872736, 0.01216908603749078, 0.00751911733238855, 0.005868143762446569, 0.004977560779928105, 0.0043159103848398675], [0.019135198935670717, 0.010438179915189786, 0.006392575254479083, 0.004871838118488424, 0.004047071465388991, 0.0035925347510732076]]
