Ri:[100, 130, 160]
Zi:[50, 100, 200, 300, 400, 500]
fps.ts:[1224.3039200019837, 3672.911760005951, 6121.519600009919, 8570.127440013886, 11018.735280017852, 13467.34312002182, 15915.950960025788, 18364.558800029758, 20813.16664003372, 23261.77448003769, 25710.38232004166, 28158.99016004562, 30607.59800004959, 33056.20584005356, 35504.81368005753, 37953.42152006149, 40402.02936006546, 42850.637200069425, 45299.245040073394, 47747.852880077364, 50196.46072008133, 52645.068560085296, 55093.676400089265, 57542.28424009323, 59990.8920800972]
fps.e0:[10892.106159129915, 10904.00446139518, 10918.344883113572, 10921.506117123949, 10926.343516879526, 10907.301375360159, 10920.288818100193, 10910.614859062833, 10930.653479877661, 10931.661738960469, 10921.409413145413, 10942.199118936902, 10901.086769981972, 10912.170146225171, 10912.805650258608, 10909.86813075955, 10894.886445960132, 10921.398457070864, 10910.634536097286, 10914.622637326669, 10904.669224753256, 10886.904244415813, 10896.585726881283, 10921.90860882405, 10936.442945806219]
fps.e0u:[17.17931512679522, 17.115130742704757, 16.99692019953088, 17.239255963337683, 17.291967798422224, 17.239527114089093, 17.334956410864567, 16.885514667723342, 16.685112482758004, 17.085867770927713, 17.104332031076535, 17.22127695469285, 17.182572962146544, 17.09099495824967, 16.932066205908505, 17.04900949741799, 17.15489329788644, 17.095733301719527, 17.09467559364727, 16.990891643941964, 17.189314725068453, 17.16263811994182, 17.335449995936834, 17.071853826352715, 17.019271574929398]
fps.lt:[13035.000358613966, 12854.443007474732, 12513.343205550103, 12656.155618935874, 12116.215806696788, 12776.228049667408, 12196.42934584147, 12825.669341520725, 12028.874550561904, 12511.947328310926, 12598.684489328289, 12446.329008074377, 13041.781608802194, 12974.845145347203, 12675.799629991565, 12867.841675344302, 13996.509715528313, 12264.946715572727, 12593.532630726659, 13189.334611322034, 13310.432390361264, 13890.815937317038, 13396.054803802548, 12157.643515655209, 12494.301075533893]
fps.ltu:[804.8855074968991, 780.7044183861503, 731.9059665553463, 756.8759088627, 698.7741394383866, 774.62158099184, 707.3249622009492, 768.750150746407, 668.569278522756, 736.5907088243422, 757.6604107363028, 736.4452485181752, 810.6553892728886, 790.4360506754755, 750.7149379499025, 778.4567386211653, 926.0264412662684, 709.0206082248332, 749.5366949016451, 818.8241655381911, 844.6392534906638, 911.3262901291159, 859.5385605938914, 697.1186159434221, 729.6306752479672]
fps.c2:[1.06803120795525, 1.3559553462221854, 0.5804627645187035, 1.2811225069709784, 0.6381868528214951, 0.9790586136753383, 1.4605533932088066, 1.442788695398322, 1.82540035647912, 0.7185882520941491, 0.9583322081149189, 0.905137864872134, 0.872280338726472, 0.9276971979746954, 1.0289268846414314, 0.8400262323679745, 1.8480099899788125, 1.1125601970727028, 1.0715929192433757, 1.432567827424191, 1.504804467582654, 0.9027930167218167, 0.9880633653673694, 0.39360240963851917, 0.8985474477899508]
FC:[[3.7887296967684176, 3.8414346129300587, 3.866789320619139, 3.891200151218731, 3.9301146369640647, 3.951044235747565], [3.8764838393895373, 3.9059415694615818, 3.918904644865587, 3.9420566869476237, 3.9729765374939587, 3.9954816092312355], [3.993038740058769, 4.014970866357122, 4.043077275100372, 4.0656070224547864, 4.094878957722193, 4.121849378878126]]
FCE:[[0.03605217251592126, 0.023235310421327933, 0.015526148649344526, 0.01226665120752486, 0.010208927482955744, 0.008967094214024451], [0.028769360427060686, 0.01780768752407476, 0.01180151370469689, 0.00932521897344647, 0.007918594763434051, 0.006981237385425871], [0.024276997312737067, 0.015076860323206827, 0.009959601378171609, 0.007893525680993217, 0.0067138338294911466, 0.005944283142054566]]
