Ri:[50, 100, 150, 200]
Zi:[100, 200, 300, 400, 510]
FC:[[4.066081297101024, 4.020639439598312, 4.048733076102274, 4.049352007300178, 4.061066921436294], [4.000230627046019, 4.026618610527205, 4.057389161186459, 4.068087878263101, 4.098123221481754], [4.117261924121181, 4.147829709014665, 4.178727886544235, 4.20393679637433, 4.2367187921414695], [4.742136885946597, 4.796549403138307, 4.834780952292552, 4.861134260828058, 4.883001828337867]]
FCE:[[0.0427507845608616, 0.0288531415256877, 0.023501516732225537, 0.020163220388409397, 0.01764976329059811], [0.021088711296234356, 0.014369843243198881, 0.011671489957118336, 0.01003525344593762, 0.008890531435702016], [0.014699033539120117, 0.01000838446408507, 0.008106890849284258, 0.007005757101906242, 0.006207312684515428], [0.013657506604863074, 0.009170053777577868, 0.007416090350243888, 0.006395885442787523, 0.005647827464436347]]
fps.ts:[1606323458.66112, 1606326990.15736, 1606330521.6536002, 1606334053.14984, 1606337584.64608, 1606341116.1423202, 1606344647.6385603, 1606348179.1348002, 1606351710.63104, 1606355242.1272802, 1606358773.6235201, 1606362305.11976, 1606365836.6160002, 1606369368.1122403, 1606372899.6084802, 1606376431.10472, 1606379962.6009603, 1606383494.0972002, 1606387025.59344, 1606390557.0896802, 1606394088.5859203, 1606397620.0821602, 1606401151.5784001, 1606404683.0746403, 1606408214.5708804]
fps.e0:[9995.747467599162, 9964.420327443133, 9973.196387695209, 9990.540920705631, 9989.608728087129, 9930.116803481249, 9949.486803727565, 9960.443146139236, 9970.199549774257, 10011.059980900634, 9968.765745281884, 9970.03897018393, 9965.356123850013, 10003.992836418609, 9962.062883885112, 9950.801644683985, 9987.312000470076, 9982.008487124032, 9967.089885094605, 9967.478589625644, 9945.890865982665, 9991.53899113361, 9955.908039612794, 9934.500740168116, 9948.205367619326]
fps.e0u:[18.73747798395004, 18.622624296947425, 18.56851653707155, 18.63002997496449, 18.965507578438984, 18.6862876237777, 18.63056147764903, 18.711804600371217, 18.686825993318656, 18.461344003032742, 18.74823992148785, 18.66974776957827, 18.731897399742635, 18.486619643873027, 18.452091265810697, 18.832274737976128, 18.748589731930085, 18.515505391038754, 18.61899614047901, 18.519130131042782, 18.68407472949167, 18.54054678551541, 18.648973240893792, 18.681377779249612, 18.845717973337134]
fps.lt:[14752.356123042635, 15981.345132670132, 16564.798865344914, 14389.932306502234, 15278.996478686737, 21282.194972447778, 16538.63884769491, 18008.525342012013, 16882.695295528792, 13687.182560620768, 17558.90591220043, 17274.49922989692, 16595.84909074946, 13926.521067799351, 17819.311337729294, 17743.491013108618, 15451.362162275358, 15969.630462007939, 14973.186663337332, 17201.100278669564, 17202.815260623975, 14240.326790186737, 18913.96819363023, 17714.518022918903, 16399.592420087465]
fps.ltu:[1226.3820001938602, 1436.7119399916198, 1531.4698490982214, 1160.4950667297383, 1323.8236013193255, 2533.713532036879, 1524.9667150823936, 1828.1740283515287, 1599.3971883870383, 1042.5238788032664, 1745.7680571276833, 1674.8882086866856, 1556.239832791975, 1083.283998613821, 1753.074494339903, 1774.2162310592355, 1345.7372873779293, 1423.0563180725735, 1260.4367697741277, 1648.972846305594, 1664.8120522352722, 1125.54445947055, 2008.1413114140128, 1768.3147360935416, 1528.9964726111475]
fps.c2:[0.48760859801118966, 1.4092958239885094, 0.938728535832483, 1.177175489386976, 1.5786075284941943, 0.9918851993645531, 1.3329045335591916, 1.2747448218175255, 1.3039912309969088, 1.5859581241919127, 0.2701911827912831, 2.0328413575825866, 1.8191498792789906, 1.6973630135897588, 1.4775867063406511, 1.6065511042962244, 1.0922769046788245, 1.872539662848274, 1.176347522971524, 1.4112872427481769, 1.5450260841403367, 1.5082351133967369, 1.3088353433367597, 0.9745546468990102, 1.3714238308199427]
