Ri:[100, 130, 160]
Zi:[50, 100, 200, 300, 400, 500]
fps.ts:[1744.6659599971772, 5233.997879991532, 8723.329799985886, 12212.66171998024, 15701.993639974595, 19191.32555996895, 22680.6574799633, 26169.98939995766, 29659.32131995201, 33148.65323994637, 36637.98515994073, 40127.31707993508, 43616.64899992943, 47105.98091992378, 50595.312839918144, 54084.644759912495, 57573.976679906846, 61063.3085999012, 64552.64051989556, 68041.97243988991, 71531.30435988426, 75020.63627987861, 78509.96819987298, 81999.30011986733, 85488.63203986168]
fps.e0:[10834.859561805159, 10824.009342268402, 10828.960543751531, 10848.615620207282, 10855.035717579876, 10859.747638805266, 10852.244065420768, 10835.021330280291, 10838.083496622627, 10831.71564722577, 10856.539891004417, 10820.516939801832, 10850.648677126943, 10856.646521182627, 10847.401268433054, 10869.694972259167, 10858.714038974758, 10850.43500512594, 10831.17254674453, 10845.865390106303, 10863.369739036441, 10852.37349784026, 10865.22027343624, 10859.492877955252, 10855.433400416729]
fps.e0u:[12.158868846614507, 12.099291684725594, 12.052009882720345, 12.00865362635688, 12.116269380502814, 12.210285723485311, 11.932784890577443, 12.110221063075329, 12.124342874639217, 12.128740086984166, 12.009366789054845, 12.148826207749197, 12.097174920101294, 12.04557608147833, 12.15201215395347, 12.225185147050523, 12.005957695264824, 12.157137266373379, 12.249746888765044, 12.253747886189377, 12.172946165815349, 12.169604887571273, 12.103802565781406, 12.10224630942292, 12.037605585831379]
fps.lt:[10826.45182902647, 10932.255714052795, 10819.859134274171, 10254.640192495828, 10205.13014732619, 9977.981220412645, 10144.896939819471, 10700.838405730194, 10643.575492602944, 10790.488573016264, 10475.782568678158, 11642.155451955065, 10489.197950059788, 10448.368497589652, 10614.853912236551, 10145.438732049122, 10517.03917354893, 10670.753481923553, 11000.25760387707, 10518.292025582865, 10146.703143565279, 10579.650569848887, 10464.914178990768, 10391.872487011535, 10696.401017847982]
fps.ltu:[390.06851356138696, 400.49422157143084, 390.7278963021929, 350.28487679517104, 347.0306222663651, 335.75362682840563, 340.9564233009278, 381.94074601921693, 379.4511703207331, 391.04233671031966, 366.67339522142015, 452.3662086938361, 366.650517615083, 361.4139275969322, 375.2013820332164, 346.00054575411696, 367.439718461112, 380.7051915786112, 406.50482081637006, 374.11051919376945, 347.92393823381616, 374.825046230546, 364.9025132580896, 363.21779226748214, 382.5310765013032]
fps.c2:[2.099088579625005, 1.2442285483249766, 0.879659021638659, 1.6588343393769531, 1.8167067033025281, 1.16641568506123, 1.5872521954843284, 0.8283820503970788, 1.5801573463249097, 0.6285601390186332, 1.575598545584874, 2.1333789577911904, 2.0233463235432136, 1.2125217105922348, 1.9402336887397544, 0.9665595177586425, 1.6698885056979655, 1.583714850325681, 2.225537949972145, 2.8122014896296026, 1.731419305872175, 2.3411610280683233, 1.735150092562896, 2.344528484384816, 1.1230375274473716]
FC:[[3.818816579597904, 3.839256267623264, 3.872894895312982, 3.8974152282098724, 3.923001490615355, 3.951756314616379], [3.878922852754166, 3.8910454294486043, 3.9243345414535953, 3.9491840420324347, 3.9756750584671443, 4.00961488259323], [3.984821962625398, 4.0170861773472994, 4.050009653922726, 4.076671867742341, 4.1061982793790355, 4.138941532466467]]
FCE:[[0.02762066316242996, 0.016747165742378126, 0.011071522635458677, 0.008717824867622988, 0.0073704211970956925, 0.006496080509652047], [0.02179460703995995, 0.013064312666349566, 0.008592707645938925, 0.006780045064733302, 0.005749676933011033, 0.004962749088742895], [0.018072881504071325, 0.010861361901975869, 0.007112000879639647, 0.005621384724465896, 0.004781391086063286, 0.0042366800019499615]]
