Ri:[100, 130, 160]
Zi:[50, 100, 200, 300, 400, 500]
fps.ts:[1635.388639998436, 4906.165919995308, 8176.94319999218, 11447.720479989053, 14718.497759985923, 17989.275039982796, 21260.052319979666, 24530.82959997654, 27801.606879973413, 31072.384159970286, 34343.16143996715, 37613.93871996403, 40884.7159999609, 44155.49327995777, 47426.270559954646, 50697.04783995151, 53967.82511994839, 57238.60239994526, 60509.37967994213, 63780.156959939006, 67050.93423993589, 70321.71151993275, 73592.48879992962, 76863.26607992648, 80134.04335992337]
fps.e0:[10784.475059526429, 10790.822488495609, 10774.17403993005, 10780.297815022968, 10779.039151486346, 10763.986115158148, 10786.051739379962, 10794.358061421051, 10783.27556434345, 10779.76047991771, 10792.61868966157, 10785.984915091005, 10785.685360053189, 10792.261999911037, 10781.090777696434, 10801.852042188084, 10800.052161020707, 10789.382932116981, 10783.292920851807, 10792.258070972432, 10789.771213789267, 10784.998470469614, 10784.1781105767, 10804.283686263208, 10790.40337180698]
fps.e0u:[11.983140025219447, 12.138034116098565, 12.076609040380637, 11.988909661834219, 11.972054283023484, 12.10134327903386, 11.906580477434565, 12.011995779346773, 11.98036821839699, 12.143451767485193, 11.88475456107326, 11.979442712736091, 11.951295158267486, 11.995290690532606, 12.092658909724713, 12.07289768726566, 11.995196361751495, 11.888872255128154, 12.045656786892934, 12.025757348172917, 11.880496863585751, 12.077135942423753, 12.040840325759072, 11.99333454707222, 12.044007445597675]
fps.lt:[3177.5926165840806, 3168.7180536134906, 3194.619365845455, 3208.4430941075566, 3205.925135236957, 3230.1733361943443, 3214.518594270564, 3167.528464092412, 3154.6053139699143, 3204.614037839692, 3142.056822684084, 3179.1067944185174, 3142.268986213832, 3174.4356842418706, 3207.2501893691287, 3101.9530215923287, 3141.8099821368737, 3205.078620652207, 3182.2861620123517, 3151.9396247138784, 3165.331034522332, 3228.2229011999475, 3198.430982507852, 3133.1757613066416, 3193.0800789154046]
fps.ltu:[35.33408911356181, 35.44856622434157, 35.961875283664625, 35.71874111478626, 35.97065942322395, 36.77444362805721, 35.80909930201847, 35.185090350576154, 34.89390599548945, 36.317436588945775, 34.2100968503116, 35.33117494050133, 34.59384777601845, 35.152565003006096, 36.26864400455256, 33.92722017319971, 34.46088793758765, 35.776265056484235, 35.59791454015668, 34.885233856279456, 34.70391044090612, 36.87119339659334, 35.85226465643106, 34.26793638345223, 35.79898908099459]
fps.c2:[2.755876605597618, 1.3991376692827195, 1.189873481504582, 1.9502942750787822, 2.6329424977799794, 1.163152566121411, 1.6587799797370124, 1.513796695935698, 1.2686071168298307, 0.8675441488298982, 1.837092610944782, 0.8543907133574449, 1.182150256286826, 1.4925455450795002, 1.68717892250547, 0.8929241364732751, 2.324661279986636, 1.8343623220767855, 0.9434417931688848, 1.2210402158239333, 1.4496177760824032, 2.1688008141684687, 0.9554969327952578, 1.8157968951356749, 0.6753115091192036]
FC:[[3.7989465776220497, 3.833638941413386, 3.8895928560753465, 3.9650057187560637, 4.047184048488896, 4.1288583739290186], [3.851702653709541, 3.8690464505754862, 3.9317302303702197, 4.014249316483882, 4.103784994638386, 4.175831720541925], [4.0021242751895905, 4.004626172866927, 4.075603778726159, 4.163459587659458, 4.242666547951796, 4.3182679276350395]]
FCE:[[0.03343739994022896, 0.01600451532455496, 0.009815031006052922, 0.007976827734175063, 0.007048820227233534, 0.006173798582905242], [0.026592593380861982, 0.01254158997695731, 0.0076825974843074026, 0.006248242328740905, 0.005271922382754684, 0.00482436818609877], [0.02270081092063354, 0.010735139954802082, 0.006450023075037067, 0.005123080172980684, 0.00450748965599221, 0.004138321321650289]]
