Ri:[100, 130, 160]
Zi:[50, 100, 200, 300, 400, 500]
fps.ts:[1710.6203400039674, 5131.861020011902, 8553.101700019837, 11974.34238002777, 15395.583060035708, 18816.82374004364, 22238.064420051574, 25659.30510005951, 29080.545780067445, 32501.786460075382, 35923.027140083315, 39344.26782009125, 42765.50850009918, 46186.749180107116, 49607.989860115056, 53029.23054012299, 56450.47122013092, 59871.71190013886, 63292.9525801468, 66714.19326015473, 70135.43394016266, 73556.6746201706, 76977.91530017853, 80399.15598018646, 83820.3966601944]
fps.e0:[10942.524377167823, 10931.538991096559, 10913.174324871217, 10944.446723899382, 10949.494276627229, 10943.936275958125, 10931.418447220152, 10948.644568190006, 10948.358498489151, 10943.694055119824, 10926.510793698024, 10940.203441000242, 10931.225740042612, 10941.069760525092, 10955.978470258511, 10946.054161504337, 10943.662955152842, 10966.911969453708, 10931.478416691978, 10936.369816921362, 10916.462626378072, 10947.962584348232, 10931.542508174478, 10939.778673764178, 10946.845439981764]
fps.e0u:[15.523105269887857, 15.27978111067921, 15.485264446776188, 15.273900914856773, 15.09106966283447, 15.235141638215055, 15.232796867559752, 15.582944378761617, 15.565825020810365, 15.504266029268548, 15.399859694916614, 15.42427132504102, 15.270105920495006, 15.307762372222069, 15.492145343187056, 15.175339608586082, 15.358385871727162, 15.2635683910193, 15.365530203070502, 15.493273465199861, 15.39516324442057, 15.410500812137096, 15.528333622745661, 15.393518593045266, 15.302057538273543]
fps.lt:[13037.40176103853, 13864.011741998465, 13776.229800282448, 12796.510891167245, 12813.003979393783, 12626.154487221527, 13176.66269946891, 12495.289262455113, 12510.10885605092, 12878.1375699828, 14134.778177782715, 13172.714432407454, 13383.272373588063, 12931.43664485406, 12433.001822962051, 12874.103187046509, 12990.4558345651, 11974.49457594948, 13659.173097882092, 13683.05301399355, 13943.771773094833, 13222.511932673546, 13603.270609721725, 13531.086426202754, 13062.309736394725]
fps.ltu:[731.0015848316827, 809.6831870321083, 804.6219225568927, 690.4508180102282, 686.0963670579022, 668.6860845497764, 732.1573932501296, 674.0697948869475, 671.5868974959759, 710.0080308978147, 850.3188665731683, 741.2831982886358, 756.5189955328171, 709.3269254141445, 656.1297465343549, 695.811036200886, 717.7747790857769, 606.3001654087695, 783.7604818643478, 794.1973927729172, 827.0924394003605, 740.3465163047958, 789.9800942341546, 779.3153268771291, 719.7935826676185]
fps.c2:[1.17638614391321, 1.510062093149, 1.8461162215956217, 1.382905054607293, 1.7208758911165773, 2.1181528656523096, 0.8007016438381668, 1.4835494812476948, 0.8508400530386725, 0.6839018046398769, 1.0754045438772715, 1.7836011262427869, 0.42892684412058585, 1.074755485024964, 0.9203819231883539, 1.5336248102159007, 1.1742862826268963, 0.8207324677180753, 1.4328751543490932, 0.8995284068864241, 1.1436738633818595, 1.561595300301311, 1.4676423219358048, 1.2315851335716, 1.6856366080903062]
FC:[[3.8952342240533544, 3.882943535584565, 3.8982491536896715, 3.915349713433262, 3.931670363701269, 3.9582298064588626], [3.9255439470137232, 3.926555300698709, 3.94006300777348, 3.969171809405913, 3.9866957192467214, 4.011605619852172], [4.0300153163786385, 4.039508487090274, 4.070071622574121, 4.100054273451018, 4.120283385514345, 4.142967294673609]]
FCE:[[0.03432700783749107, 0.02163429661227425, 0.014294044924242376, 0.011239687221746383, 0.00928074084237269, 0.008175687135986728], [0.02636336248197831, 0.016745795465933976, 0.010742586920863025, 0.008484504985857082, 0.007189789628635448, 0.006362001197542007], [0.02216810418064056, 0.013789956027612755, 0.009084905819034044, 0.007192523696439975, 0.006123986475207245, 0.0054305146757460485]]
