Ri:[50, 100, 150, 200]
Zi:[100, 200, 300, 400, 510]
FC:[[4.00630916094128, 4.002611477049561, 4.013671276908058, 4.024636190578984, 4.038243230502691], [4.025708955607671, 4.029423222136997, 4.056261380022055, 4.072712621555338, 4.092400395596799], [4.1610367690975885, 4.172560126934483, 4.201110723640553, 4.222862047894805, 4.246760378675787], [4.789247188997179, 4.824535933280837, 4.868788164890091, 4.900699152910287, 4.9205720217642215]]
FCE:[[0.0425253824950005, 0.028889716858090157, 0.023192966715996972, 0.020218104576532156, 0.01774907662610396], [0.02153256688363996, 0.014594441504525105, 0.011560799443476724, 0.009986007025715662, 0.00879654254638569], [0.014650102012625394, 0.009939215406794863, 0.008055813903842699, 0.006947569326908722, 0.006137689788661424], [0.013524516033600492, 0.009221655206959204, 0.007487372250908832, 0.006472779946110633, 0.005720541052593332]]
fps.ts:[1617446743.0765002, 1617450222.5355, 1617453701.9945002, 1617457181.4535003, 1617460660.9125001, 1617464140.3715, 1617467619.8305001, 1617471099.2895002, 1617474578.7485, 1617478058.2075002, 1617481537.6665, 1617485017.1255002, 1617488496.5845003, 1617491976.0435002, 1617495455.5025, 1617498934.9615002, 1617502414.4205003, 1617505893.8795004, 1617509373.3385003, 1617512852.7975001, 1617516332.2565002, 1617519811.7155004, 1617523291.1745002, 1617526770.6335, 1617530250.0925002]
fps.e0:[10682.289912124557, 10692.734480225929, 10670.053824396426, 10661.178042603971, 10716.669921559029, 10692.110584369488, 10650.117707129404, 10678.41056830241, 10669.84679949055, 10694.661505360495, 10706.357958688734, 10669.572174282923, 10693.52175431617, 10671.421660305446, 10670.61550392101, 10707.26203163394, 10656.207102197504, 10652.765999987832, 10677.678670805179, 10687.183603910806, 10678.68274477393, 10698.785657154282, 10745.18280308599, 10670.053218946603, 10682.497237174282]
fps.e0u:[19.812884520341797, 19.72959350632723, 19.98511975970177, 19.865309016466373, 20.129939562084743, 19.71683171633962, 19.859460509940863, 19.749726710218134, 19.880017740916028, 19.864711049040782, 19.881991559340353, 20.220344078427566, 19.843282360451717, 20.035649435036152, 20.153000547204634, 19.97556933060516, 20.12619591719922, 19.68353853913434, 19.770788832225378, 20.00461105728829, 19.692800360327247, 19.774478622133266, 19.66938055808444, 20.074095309900247, 20.10766430094577]
fps.lt:[21681.623650223137, 16975.284285978654, 21053.603877697147, 19784.60397400035, 15730.4101416355, 18889.841484160494, 21507.393472363532, 17390.892053911695, 20567.666071341762, 17298.839164191275, 16796.116065324306, 18921.517308627863, 18451.5495625457, 20848.450688502002, 20157.819302003223, 17031.02129263357, 19265.960859116847, 21315.144062473373, 19487.3550637931, 19761.280088758853, 18337.001093571118, 16742.69929175872, 13707.92785570788, 19180.183113878127, 17978.473507575352]
fps.ltu:[2616.8328330454406, 1607.3435271058347, 2489.541095761542, 2196.999992966685, 1411.486406251185, 1988.643887934339, 2594.5503931402923, 1689.4991947095975, 2384.642419625951, 1680.243611300151, 1579.2404357875466, 2025.5779779161119, 1901.982700926883, 2443.163173858273, 2290.104173385775, 1632.1840027403857, 2103.2277490813385, 2545.857248137636, 2114.520252088196, 2207.3491656628266, 1878.3055435778394, 1565.6745013248049, 1049.1081516875372, 2084.9484711032537, 1829.2148405299972]
fps.c2:[0.779973733739926, 1.1984982134373139, 3.1669114883338993, 1.5296690961674437, 0.9205908620829548, 1.199203905850439, 2.718256325858895, 1.5691657461121549, 1.6015909966445157, 1.3082681966913512, 1.8777544174584893, 0.7159609100566473, 0.39523728817406634, 1.881257558484606, 1.1168011081314615, 1.013959869894361, 0.5821953382710684, 1.6964499352848716, 1.4401115440384158, 2.164421571006015, 2.1165894836217776, 0.4989416682063793, 0.7571981318217123, 0.6062816483835795, 1.5691782514676957]
