Ri:[100, 130, 160]
Zi:[50, 100, 200, 300, 400, 500]
fps.ts:[1682.79, 5048.37, 8413.95, 11779.529999999999, 15145.11, 18510.690000000002, 21876.269999999997, 25241.85, 28607.43, 31973.010000000002, 35338.59, 38704.17, 42069.75, 45435.33, 48800.909999999996, 52166.49, 55532.07, 58897.65, 62263.229999999996, 65628.81, 68994.39, 72359.97, 75725.54999999999, 79091.13, 82456.70999999999]
fps.e0:[10803.704333262744, 10850.965089044681, 10802.253548904377, 10839.958774301533, 10810.101736254239, 10811.77888537147, 10851.673618955172, 10838.436964876786, 10843.557516012641, 10836.274744078322, 10830.668354220395, 10839.053344399816, 10831.186271088089, 10815.65111555054, 10854.473305193591, 10822.02483819695, 10833.855304038041, 10836.586534392642, 10826.701322796092, 10826.917187385267, 10848.662772450107, 10821.090300958916, 10834.27357409267, 10832.644673012379, 10793.359320066764]
fps.e0u:[11.665443684703673, 10.644254359888365, 10.422728921400045, 9.826376323100135, 10.492594670588009, 10.140400492801918, 9.458955973771298, 9.386975790745531, 9.645315784547268, 9.575199953761246, 9.382609952372642, 9.307114268139637, 9.779449044713882, 9.539517501569303, 9.302726698532267, 9.5699062176526, 9.846526065473967, 9.685196849042235, 10.078237767602236, 10.967624901861761, 10.419862178461699, 10.240978044946814, 9.51832212622898, 10.064077075666978, 11.336371448213846]
fps.lt:[6456.080849690569, 6062.227523262989, 6574.880186834091, 6183.83122054, 6351.688807822972, 6545.3116517689505, 5936.9930617419295, 6158.814719464169, 6231.7491590201635, 6124.067920699033, 6252.1249246906145, 6267.081122251537, 6191.190423593045, 6522.971012224471, 6199.795142896474, 6273.916200588989, 6342.931918179204, 6387.320739965892, 6416.975520017185, 6369.633636401786, 6183.380294684868, 6324.78907800308, 6277.75770136179, 6387.465731655464, 6843.175141161524]
fps.ltu:[133.75475786852377, 108.33634709236532, 123.52551107309512, 104.70174373478575, 117.48544937178092, 119.84907508632809, 92.25893418485252, 99.34194705325486, 102.7549773796915, 99.69115858805438, 101.94539121872303, 101.85452809583845, 103.87234186630626, 113.1717813554332, 99.41554887885101, 105.28804597428328, 109.79816995240952, 109.98018660075269, 114.66053755635144, 123.22132638715142, 111.47969975782334, 114.15641048224487, 104.16995289466375, 113.64313840440572, 146.10131694556222]
fps.c2:[3.079264107511793, 7.3127098029388495, 8.059624057387307, 8.256992848332152, 7.234114900940306, 3.112120937445177, 8.563185043207655, 5.822592442380441, 7.589195613735902, 6.273839434611843, 10.043968025342613, 4.866038745433767, 4.664207198120351, 8.844933318781242, 5.954322671432782, 7.0427436222417015, 13.001059170430663, 7.57694754160735, 6.411396043430491, 4.103411270894581, 6.750819456033313, 6.7127055643390845, 6.717275676657293, 8.320860699249836, 4.786600938113068]
FC:[[3.8220765906271743, 3.940905334799071, 3.9966464915469677, 4.068580210589465, 4.1227029431246525, 4.193425422616941], [3.848507628605046, 3.9877861249853863, 4.05377791197815, 4.118001205890779, 4.178272637544133, 4.246636781634362], [3.970477308814167, 4.103315391968075, 4.173295277620153, 4.249490798942271, 4.313428109493494, 4.384279491471658]]
FCE:[[0.0274197342248093, 0.014828171405364389, 0.009474077209047289, 0.007373559199096497, 0.006228121273604963, 0.005539795561262104], [0.02126732468323754, 0.011440060882918445, 0.0071872348304710554, 0.005687688961138648, 0.004829730155625332, 0.004303523835779986], [0.01814142167925542, 0.009614322525087583, 0.005991956660634896, 0.004703365014840053, 0.004012690800508522, 0.003585279139448888]]
