Ri:[100, 130, 160]
Zi:[50, 100, 200, 300, 400, 500]
fps.ts:[1766.3835199975967, 5299.1505599927905, 8831.917599987984, 12364.684639983177, 15897.45167997837, 19430.218719973564, 22962.98575996876, 26495.75279996395, 30028.519839959146, 33561.286879954336, 37094.05391994953, 40626.82095994473, 44159.58799993992, 47692.35503993511, 51225.122079930305, 54757.8891199255, 58290.65615992069, 61823.42319991589, 65356.19023991108, 68888.95727990627, 72421.72431990146, 75954.49135989667, 79487.25839989184, 83020.02543988705, 86552.79247988225]
fps.e0:[10625.834097671806, 10654.767458393833, 10708.734646224277, 10698.366011814174, 10706.421993015572, 10690.594927531296, 10705.086283111621, 10716.492453684552, 10722.690674889463, 10734.602744201378, 10713.616825119945, 10735.067761749384, 10741.692930833608, 10724.063143628959, 10767.056386759981, 10767.24868425363, 10747.881561000722, 10762.911832679745, 10749.064047206748, 10775.826139518786, 10754.255548899288, 10793.99427876611, 10768.502267829752, 10767.356446293832, 10784.242913016595]
fps.e0u:[13.714120918133656, 13.757072093358035, 13.598651357692189, 13.680287518390738, 13.732300888353956, 13.884589716290211, 13.868104116654674, 13.600515597250512, 13.771759550998501, 13.553934608047761, 13.758414977469297, 13.666400845359043, 13.81544759927262, 13.763807846322276, 13.836203185179647, 13.63296937030128, 13.637145730043908, 13.638097569254075, 13.709348108356366, 13.69899020871065, 13.817717550421074, 13.802271300403742, 13.948732802690996, 13.686064495944228, 13.751510394676322]
fps.lt:[11055.374734928324, 11144.73822898499, 10266.65533268822, 10794.548707007523, 10716.209837499257, 11444.950597426356, 11225.50978161288, 11584.382093896424, 11189.714345655475, 10847.918208817564, 11456.782264643058, 11130.321340748122, 11395.984639968758, 11767.436413362624, 10648.046717075615, 10915.19852857714, 11302.381489271766, 11080.050231984214, 11662.668840854985, 11017.03106460525, 11415.506226178859, 10244.538409946063, 11594.679984307453, 11492.40652691517, 10956.848924747585]
fps.ltu:[472.2680756086493, 479.0134879782008, 399.94426501973345, 449.32388117990996, 441.14511089150443, 508.15821536024106, 486.0224099614798, 512.4293814601316, 480.9832091436326, 449.17681656506, 502.39876760571167, 474.61627586649644, 499.63964845612566, 531.9444114212391, 438.9127763699117, 453.8723713799308, 488.36540061374217, 467.68203061278217, 520.9671344942718, 462.1773878202135, 500.90755133477296, 404.2897031973699, 522.7605820074491, 503.72874666043566, 462.01850116073973]
fps.c2:[1.628692967045407, 0.8628925204873494, 1.3041370265043795, 0.706215233499175, 2.1141509208754283, 1.7921749476198316, 2.1411377381835806, 2.6611982442004987, 1.0314421588495777, 0.9120981719835732, 1.0462292861045037, 0.36669485122497897, 1.585859180234716, 0.44109063487055944, 0.47958100682873694, 1.5770578748096515, 1.3500589181686846, 1.276296228443551, 1.1660907039100388, 0.6057761246396471, 0.7998983087192499, 1.325677244720239, 0.504059584409895, 1.2343863656824372, 1.8235650596682251]
FC:[[4.016941187703262, 3.948699999449493, 3.9653195393650074, 3.9941143325941506, 4.02094986625447, 4.0491009121564785], [4.023256447366119, 3.989996496070044, 4.022341096574033, 4.048638443364616, 4.076734366004106, 4.100606307516037], [4.133289255543247, 4.119172527745128, 4.154576868943498, 4.180629075571326, 4.208045975626815, 4.2346876280797785]]
FCE:[[0.03475827932960022, 0.020089511167269068, 0.013073481245098386, 0.010266916125148233, 0.00868922957953863, 0.007657716025079058], [0.026450547165286584, 0.015580313362200811, 0.010168789826676792, 0.007972594616670912, 0.0067700133653111495, 0.005972816138952929], [0.02166639882687605, 0.012905898484569557, 0.008214114339559108, 0.006450855342573984, 0.005483491354858811, 0.0048538064531827435]]
