Ri:[50, 100, 150, 200]
Zi:[100, 200, 300, 400, 510]
FC:[[4.069117739518113, 4.02714618877337, 4.023070413562861, 4.026475482241241, 4.044745381929583], [4.017492792370187, 4.027816226099014, 4.0497945075258865, 4.068241835455472, 4.085388683637222], [4.152035683571582, 4.173959080647367, 4.196341198202726, 4.215213368084252, 4.244976387507332], [4.774934138983525, 4.813129642658262, 4.861130302361882, 4.8852828311637655, 4.908252299419848]]
FCE:[[0.03982009800002239, 0.02663199944672146, 0.021321041674098432, 0.01830112716366608, 0.01611141469690555], [0.020224255488635816, 0.013789966849937696, 0.010752574253500713, 0.009267762971777449, 0.00816618418275683], [0.013745374155258526, 0.009362896072278918, 0.007536495797864727, 0.006488430492279071, 0.005583988201589205], [0.012655942643744261, 0.008607172351280317, 0.0068938077842239905, 0.005944646076300292, 0.0052581481593279595]]
fps.ts:[1604500169.8551, 1604503658.6953, 1604507147.5355, 1604510636.3757, 1604514125.2159, 1604517614.0561, 1604521102.8963, 1604524591.7365, 1604528080.5767002, 1604531569.4169002, 1604535058.2571, 1604538547.0973, 1604542035.9375, 1604545524.7777002, 1604549013.6179001, 1604552502.4581, 1604555991.2983003, 1604559480.1385002, 1604562968.9787002, 1604566457.8189, 1604569946.6591003, 1604573435.4993002, 1604576924.3395002, 1604580413.1797004, 1604583902.0199003]
fps.e0:[9913.001411010027, 9887.704605463932, 9888.681150435666, 9885.139940718549, 9900.764281637857, 9902.036929007627, 9932.779755213636, 9903.899061145701, 9875.41349257563, 9883.889694868652, 9902.91648237612, 9922.909271936156, 9933.391889777138, 9909.672135084356, 9909.777972622767, 9911.66366453495, 9910.54944470555, 9910.61761821643, 9894.921284243424, 9890.996284235443, 9925.79637936117, 9882.547575089919, 9901.857783486654, 9897.060438176508, 9899.691744181157]
fps.e0u:[17.259771005522975, 17.30082267092794, 17.430530635668, 17.414373531719924, 17.141674877813422, 17.258018303651088, 17.190158910279457, 17.54139993723631, 17.16223283671665, 17.232520957403118, 17.360297714213726, 17.324557041706615, 17.209370089297853, 17.241855300450997, 17.065235121750213, 17.12589740768758, 17.44075204830694, 17.19075557031186, 17.14398066457154, 17.19746916645254, 17.10878920572928, 17.33535150347616, 17.29310009045107, 17.32580357865829, 17.411549489117352]
fps.lt:[15598.45174439317, 16185.784358994828, 16856.531315419386, 17189.22971647306, 15631.127723673097, 15002.457978092525, 13873.402516312093, 14587.992436705472, 18349.433109341982, 16867.482477412017, 15725.459020475042, 14220.55868050763, 14023.74785786857, 14927.617031706824, 15525.246847423015, 14757.178714556248, 14927.832033782388, 15822.556596270955, 16053.401883167522, 16664.330976262398, 14575.322535330539, 16785.901313497867, 17123.616071615143, 15001.73324452708, 16770.274030596203]
fps.ltu:[1267.8271766549756, 1375.3274173171212, 1491.3633042320023, 1562.023512284726, 1270.6804119387318, 1176.1349934600107, 1000.2386221297439, 1129.7857022267697, 1754.0363510540215, 1486.8080747937927, 1290.9205195590628, 1058.904563252056, 1023.6959538495817, 1164.2951611068045, 1250.6480754371203, 1132.145655827072, 1176.6097608573743, 1310.9630012970292, 1339.20081242133, 1448.0175015076352, 1104.1846547371274, 1484.3851640473113, 1529.9198344266445, 1187.7014764686423, 1493.1119909682388]
fps.c2:[1.210090478687246, 2.300182734326939, 1.2813615366078643, 0.8369039124197818, 0.7241555423133471, 1.2454648075622627, 1.6718711260067063, 1.0421483295796474, 1.576643188103529, 1.1906285222879398, 1.130660222752111, 1.8226020569103116, 0.7395517321100822, 1.3583970718663845, 1.462099547798149, 0.5929717935714612, 1.3227628321391192, 0.8309820023272585, 0.6928734843366461, 1.6670575400612564, 1.44003717268944, 0.5237453240202263, 1.417963478950426, 2.7508393854794875, 1.3875639370236985]
