Ri:[100, 130, 160]
Zi:[50, 100, 200, 300, 400, 500]
fps.ts:[1799.5938400030136, 5398.781520009041, 8997.969200015068, 12597.156880021095, 16196.344560027122, 19795.53224003315, 23394.719920039177, 26993.907600045204, 30593.09528005123, 34192.28296005726, 37791.470640063286, 41390.65832006931, 44989.84600007534, 48589.03368008137, 52188.221360087395, 55787.40904009342, 59386.59672009945, 62985.78440010548, 66584.9720801115, 70184.15976011753, 73783.34744012356, 77382.53512012959, 80981.72280013561, 84580.91048014164, 88180.09816014767]
fps.e0:[10865.44182418782, 10834.62422950393, 10884.70847684136, 10910.51155901374, 10881.665933704966, 10911.126362128052, 10877.990505818978, 10882.254671089246, 10903.378082903175, 10901.585764153113, 10874.531669645909, 10881.161679674058, 10879.362467982739, 10901.887848777083, 10898.766824283057, 10888.582000785404, 10890.17660172326, 10896.989131192404, 10892.850866556433, 10909.771840948844, 10923.046991760144, 10905.429154689857, 10893.777711916362, 10899.894037715556, 10903.215478419563]
fps.e0u:[13.92616678707861, 14.054315981047457, 13.839606967275241, 13.839898338566213, 13.804751071911642, 13.899230966078994, 14.026125458823328, 13.937475508012259, 13.757071771832967, 13.959944509053122, 13.956971671054683, 13.947277050554309, 13.953976651047205, 13.931697223136391, 13.865666795895606, 13.861518354030549, 14.19191941250526, 14.01238359033959, 14.036252946350254, 13.815868506578871, 14.020251665763993, 14.076925927625517, 13.790874774597805, 14.134315180654026, 13.891555215604823]
fps.lt:[13419.510673173098, 14380.714762151438, 12186.872029898528, 11658.547840498066, 12930.930215939356, 11732.67979611449, 13077.430475279598, 12953.72382944529, 12571.077456747342, 12095.782724238858, 13216.806949657, 12817.850171786935, 12625.082225845927, 12204.446901974707, 12110.71954973161, 12778.5224772565, 12757.83325899704, 12434.201663268288, 12356.806687204813, 11685.942947626796, 11274.393570220873, 12388.51196584424, 12839.845850346059, 12545.83408224367, 12447.903747857552]
fps.ltu:[694.6178460732076, 802.5525226204181, 571.0796460741374, 522.3888590661436, 642.3749390523723, 528.2025557457225, 660.496340450695, 648.4310322819705, 601.2083813428778, 564.080263934655, 670.2502783132705, 640.4495205477228, 616.9050922751142, 577.0605254957972, 565.5888331471092, 628.3173320163706, 641.3223555348377, 595.871065537356, 590.4058029764092, 522.6615469586227, 491.41741792148224, 593.9465476731824, 632.3487771182015, 610.7402990326872, 596.3140658799362]
fps.c2:[1.2616155897187131, 1.0532920595837318, 1.211276440040693, 0.806289950600677, 2.280547292643969, 1.7826797663945206, 1.934124486306254, 0.9894029065017986, 3.4779282619534095, 1.0654656389969412, 1.0658481233767085, 1.071427105357545, 1.1535618132136145, 1.3236154241998201, 0.865186861766873, 1.3530780930910684, 1.4378234588500323, 1.309704269171125, 1.151873165550363, 1.0675089656897545, 0.8507148103739837, 0.925642087758069, 1.0949048723587411, 1.3373221874473311, 1.274495569856897]
FC:[[3.8251304337356693, 3.8579311383240222, 3.8972544927086075, 3.9220153942228047, 3.9461784523298253, 3.970580240888035], [3.9048660940661017, 3.9184681586284063, 3.9466867374902703, 3.966039416392124, 3.990562237507535, 4.0188181469486475], [4.016770478397004, 4.036547803912614, 4.073730402114602, 4.096269744012149, 4.119329349710111, 4.148977910029758]]
FCE:[[0.031055397342052208, 0.01926257235692904, 0.012476618166101924, 0.009872021642003742, 0.008365225921479412, 0.007380340343179053], [0.02374050662686402, 0.014669501339096341, 0.009684459897595924, 0.007636861086940914, 0.006479173501138269, 0.00573740608867429], [0.02025076497794222, 0.012436267391808645, 0.008229232482027586, 0.006504301470700826, 0.005530662860631221, 0.004907712159248259]]
