Ri:[100, 130, 160]
Zi:[50, 100, 200, 300, 400, 500]
fps.ts:[1748.0090000009536, 5244.027000002861, 8740.045000004768, 12236.063000006676, 15732.081000008582, 19228.09900001049, 22724.117000012397, 26220.135000014307, 29716.15300001621, 33212.17100001812, 36708.18900002002, 40204.20700002194, 43700.22500002384, 47196.243000025745, 50692.261000027655, 54188.279000029564, 57684.29700003147, 61180.31500003338, 64676.33300003529, 68172.35100003719, 71668.36900003909, 75164.38700004101, 78660.40500004291, 82156.42300004483, 85652.44100004673]
fps.e0:[10836.36556711897, 10853.475979293431, 10858.326265362504, 10883.810725458432, 10841.871089050457, 10850.50958570483, 10863.992143685313, 10848.178201780027, 10879.23838005574, 10847.353908793506, 10892.076369464394, 10866.18682067543, 10846.117111461068, 10897.862471351174, 10860.29752963045, 10863.127354979517, 10885.397041621363, 10852.341570593107, 10845.516108920689, 10850.948056199077, 10871.19056099338, 10855.66181211328, 10859.380948874586, 10880.057124891526, 10836.061863457773]
fps.e0u:[14.84047471619234, 15.050944642728917, 14.974947712954817, 14.940929507602625, 14.966082004662038, 14.988893266343947, 14.956214857670563, 14.996722957067002, 15.003838732170976, 15.047040146568072, 14.887681580595075, 14.885558022986416, 15.109586619900874, 15.071709283324877, 15.045206303940674, 14.910521919802576, 15.169781307793569, 15.026653499686558, 15.184750751598347, 14.941063611537768, 14.951916397019634, 14.990211621869786, 15.134852952027927, 15.292197372511948, 15.047368843115231]
fps.lt:[12420.991267648831, 11847.678627296249, 11772.058566814714, 10785.961401159007, 12603.082418055086, 11644.4247917753, 11180.674392798359, 12186.749903847402, 11299.748296941038, 12037.809910189017, 10303.209168609817, 11220.744470602893, 12218.27819873171, 10517.447835833502, 11417.943231428311, 11484.241329679518, 10973.290915826125, 11938.262624883298, 11795.18166204772, 11999.819636565999, 11415.260847631318, 12082.351869096918, 11783.891394488144, 10930.672641747067, 12898.41208613439]
fps.ltu:[635.8203918942921, 581.9136747678749, 576.6223386851484, 484.00791235965494, 662.1075959670857, 561.841330072992, 520.4678617296308, 620.8938010780338, 532.2941069592553, 605.7291874003568, 441.373857747477, 517.888497853759, 618.060601294493, 467.1856205540974, 545.0985315369254, 545.6486965881734, 502.5862375466505, 588.8173376504045, 585.8091252266056, 596.5429432128519, 540.0725052940162, 607.218973831892, 579.6330369749741, 502.94554328509713, 695.1462368474581]
fps.c2:[1.1920693099099322, 1.2093856433580215, 1.2515027130635978, 1.6254449174859675, 1.226496318395869, 1.150799224402345, 1.258770844661659, 0.6748035627083093, 1.1345051005778988, 1.3493811273430867, 1.6850478428628437, 0.7591129764420044, 1.9968888663239994, 0.6031372385286277, 1.478268456264563, 0.8134249352165388, 0.7309373534874511, 1.2004858291421425, 1.4374356135341793, 1.2405329324552783, 1.6052421659950384, 1.412080647015928, 0.7220361802781097, 1.4961291234702356, 0.8567194653016684]
FC:[[3.857696262087682, 3.8637578409453277, 3.8852314784175364, 3.8995337829697996, 3.931967905592757, 3.962252314538221], [3.8836331533133563, 3.898420569732483, 3.92872068918697, 3.9422880344698292, 3.9736698257972973, 4.006296841276415], [4.0170937215616815, 4.020801535338014, 4.046036619965342, 4.067677353399124, 4.100653278443218, 4.136103554325167]]
FCE:[[0.03395874360939072, 0.020769092022489485, 0.013709524867847506, 0.010783890491000146, 0.009174227676216841, 0.008094506990606222], [0.026175482331998033, 0.016086403623454364, 0.010589650210805166, 0.008326669058690367, 0.007098207418651787, 0.006298958101992661], [0.022587717502179576, 0.013711276587214478, 0.008987540896134662, 0.006926740487611863, 0.005780449060268432, 0.005138452789620275]]
