Ri:[100, 130, 160]
Zi:[50, 100, 200, 300, 400, 500]
fps.ts:[1422.863440003395, 4268.590320010185, 7114.317200016974, 9960.044080023765, 12805.770960030555, 15651.497840037344, 18497.224720044134, 21342.951600050925, 24188.678480057715, 27034.405360064506, 29880.132240071296, 32725.859120078087, 35571.58600008488, 38417.31288009166, 41263.03976009846, 44108.76664010524, 46954.49352011204, 49800.22040011882, 52645.94728012562, 55491.6741601324, 58337.4010401392, 61183.127920145984, 64028.85480015278, 66874.58168015956, 69720.30856016636]
fps.e0:[10710.502283142177, 10738.342430342764, 10711.231526186077, 10747.457570656417, 10726.279204973283, 10689.125514695543, 10767.234745248461, 10706.900439139554, 10686.742940955555, 10723.120554222935, 10732.238404680611, 10710.724217064302, 10728.253514687833, 10728.473942820863, 10700.479570359095, 10732.429951818123, 10743.558634344045, 10754.664242241626, 10690.072616299782, 10731.539409976402, 10698.48276266393, 10730.783765098206, 10704.81974293843, 10722.542068861494, 10719.942619613252]
fps.e0u:[18.04786105416906, 17.87365726767164, 17.97516026141285, 18.08814769027977, 18.13476867775703, 17.913336409750016, 17.953768461829174, 18.391317151463323, 18.029547487730127, 17.65611864788552, 17.91380935604145, 18.11047515738698, 18.027580526902593, 18.170555057562286, 17.926110521566702, 17.92348354840794, 17.94752998201934, 17.88210016795428, 17.963718202882895, 18.15593797636149, 18.21436958816062, 17.762914436292238, 17.748394109902218, 17.909075057353302, 17.886448602977254]
fps.lt:[9772.614629314658, 9248.067110529206, 9925.162742471255, 9171.972244495873, 9722.347070843498, 10343.609411826033, 8796.294257556554, 9994.693414038013, 10273.776824330596, 9471.238954190558, 9442.269376728189, 9557.934688613781, 9241.838768290092, 9486.979013504799, 10307.53580639866, 9575.01601366613, 9220.14053085357, 8730.052735601865, 10044.907999264997, 9378.83009402199, 10585.857366402272, 9382.372870744552, 9830.936353268487, 9791.676557894692, 9534.743393388802]
fps.ltu:[483.45032014792014, 429.51529493362113, 496.6917566185447, 427.91426767311947, 480.27947595372996, 538.1535928729554, 391.19132351272174, 509.8791882864031, 538.4950216575467, 449.91541746213596, 450.9819634666453, 461.1799988223271, 436.06979290129857, 459.6765676154119, 532.8482513366264, 460.4066194938161, 431.0229404746429, 383.6540260266205, 512.6700954058284, 448.4422785187713, 570.1578874998885, 443.8046287516081, 487.15705508856547, 479.22612464273686, 457.0265772307291]
fps.c2:[1.1370275371126075, 0.9518593839211357, 2.23451867930293, 0.7888548095913074, 1.3418208790695874, 0.9788657671562164, 1.2235345001524687, 1.6234219705880337, 1.6522469620262634, 1.2794616481507899, 0.9877605558214996, 2.0552697130896416, 1.242718506103134, 1.8450817040927796, 1.7359596310380956, 0.6278089203822397, 2.1583838203435186, 0.975314518146354, 1.1265517570414028, 1.7479627058312548, 0.9375791773900843, 1.7767338020675238, 1.0010655075498027, 0.648337521285005, 0.8009425078765232]
FC:[[3.74209863636636, 3.8641708402171373, 3.871738116178848, 3.909252710407103, 3.9363443806968887, 3.9662804232371642], [3.770469197927495, 3.8799779342504883, 3.9084714411325976, 3.9554900616922573, 3.9948370062481953, 4.025844411451422], [3.95869524532946, 4.0292577517395465, 4.07160105935095, 4.118784428389582, 4.165397181710729, 4.2065726237861485]]
FCE:[[0.04069946832875214, 0.024702166407820497, 0.016176494425903583, 0.012763987546210288, 0.010768497780814582, 0.00947429342169586], [0.031457934891559645, 0.019016786272864253, 0.012428533409367172, 0.009876394347690816, 0.008206642983469173, 0.007241209357356601], [0.02689824362823486, 0.016031006110612058, 0.010510500396779868, 0.008318327515356655, 0.007118939022178116, 0.006321227075502744]]
