Ri:[100, 130, 160]
Zi:[50, 100, 200, 300, 400, 500]
fps.ts:[1568.802279996872, 4706.4068399906155, 7844.01139998436, 10981.615959978102, 14119.220519971848, 17256.82507996559, 20394.429639959337, 23532.03419995308, 26669.63875994682, 29807.243319940564, 32944.847879934314, 36082.45243992805, 39220.0569999218, 42357.66155991554, 45495.26611990928, 48632.87067990303, 51770.47523989677, 54908.07979989052, 58045.68435988426, 61183.288919878, 64320.893479871746, 67458.49803986549, 70596.10259985924, 73733.70715985299, 76871.31171984672]
fps.e0:[10683.109147231202, 10680.92680363814, 10676.429961707163, 10666.461270204354, 10676.624823944105, 10657.174663536569, 10688.309280958138, 10687.523831271232, 10706.280952242018, 10692.755488071576, 10679.330106689707, 10703.688712766621, 10714.64803192482, 10693.677946961412, 10691.146046580945, 10745.99935224244, 10727.180989361734, 10729.978954898204, 10721.592524712141, 10748.442692356433, 10758.164916827667, 10774.12335142575, 10759.107531897249, 10741.970161234598, 10717.028705834919]
fps.e0u:[18.36283428518223, 18.2335160583109, 18.37726822493414, 18.474568287352966, 18.481108545514097, 19.084416849309612, 18.18344117754663, 18.175052225242965, 18.017923011974396, 18.385693738829087, 18.70358014209081, 18.339374224691312, 18.42913100632322, 18.444993146574163, 18.063107118536532, 18.497687902116734, 18.465440895458688, 18.30993355919949, 18.5544472291695, 18.17599726135465, 18.33746873549081, 18.30308797703957, 18.21198729262671, 18.51853862794905, 18.274433339159643]
fps.lt:[8581.587684995631, 8508.125301696478, 8778.5666902671, 9423.051650900898, 9178.531953619402, 9931.861217718913, 9279.690400973011, 9416.387594846416, 8848.37861073803, 9195.79349715437, 9852.426950272004, 9219.968780933732, 9236.323622171698, 9581.066721085144, 10049.404346695703, 8601.966132628846, 9311.399649692115, 9384.64941526839, 9470.8219632404, 8993.51952453153, 8691.035810381733, 8701.549592357174, 8953.585571699796, 9358.10530594303, 10331.060970275717]
fps.ltu:[380.7078215883217, 368.9788369374912, 397.973580849412, 459.25096581562343, 437.21244563740817, 528.0550104382694, 437.2958467446963, 456.28000573332764, 397.8773679191124, 430.81788414063175, 503.96781942883945, 437.38981322980203, 439.9051490321693, 476.7789999658257, 510.129085837026, 383.50436241822257, 446.6215864405007, 448.062724523548, 465.2670783123659, 411.1166714984357, 387.03285683883274, 389.99517772637836, 407.05420663069185, 452.8543181759081, 545.4779167804131]
fps.c2:[1.2918482714435233, 1.7604198041987686, 1.2664138987667175, 1.0045236807583935, 1.8395667447327264, 1.3303546394205297, 0.737387824677303, 1.116250898907212, 0.5369237495823869, 1.4109015557884956, 0.6489810163911114, 1.1944901722759906, 0.707003347523538, 1.1241626501908368, 1.8789841248501626, 1.8851560202450377, 0.7634058223624028, 1.278061006891423, 0.6952320322778878, 0.9276900645410495, 0.5118513130245597, 1.4910569791192, 1.5710921798219495, 1.0557268116128826, 0.6750398237680161]
FC:[[3.9591771081850933, 4.000330921872971, 4.039327548578703, 4.0699290983383145, 4.096941044807102, 4.109577513240599], [3.964292199418111, 4.03367457216095, 4.0756375406654195, 4.1045562221072345, 4.144482458612866, 4.158183694323382], [4.0883753259261155, 4.146634094652894, 4.208620331052495, 4.2463893313764185, 4.274047505943627, 4.289176674261592]]
FCE:[[0.04469514922008935, 0.02756399085827629, 0.017994957283383177, 0.014115395235152269, 0.011930869484265774, 0.010433353366797649], [0.034851742786057065, 0.021262747358538798, 0.013875058644980731, 0.01088899748360652, 0.009123893034919726, 0.007992656380677525], [0.02930309874269209, 0.01775249012589308, 0.01152875577591474, 0.008987093978659178, 0.0076095781729744105, 0.006689357623761057]]
