Ri:[100, 130, 160]
Zi:[50, 100, 200, 300, 400, 500]
fps.ts:[1752.7796600008012, 5258.338980002403, 8763.898300004006, 12269.457620005607, 15775.016940007212, 19280.576260008813, 22786.135580010414, 26291.69490001202, 29797.25422001362, 33302.813540015224, 36808.372860016825, 40313.932180018426, 43819.49150002003, 47325.05082002163, 50830.61014002324, 54336.16946002484, 57841.72878002644, 61347.28810002804, 64852.84742002965, 68358.40674003125, 71863.96606003285, 75369.52538003445, 78875.08470003605, 82380.64402003765, 85886.20334003925]
fps.e0:[10937.197612146374, 10878.423075138991, 10924.01338613571, 10911.525117881964, 10907.048018133055, 10899.594766969918, 10921.801570385003, 10915.07647101132, 10877.57022056242, 10891.50900727213, 10909.997783224733, 10933.240055265132, 10886.377683735967, 10903.878376134095, 10937.463754497094, 10928.657836542394, 10931.031166166265, 10922.745253696356, 10904.667463008524, 10911.233731382905, 10928.375056262532, 10925.597148930463, 10901.387018128262, 10908.578722409244, 10912.752724229063]
fps.e0u:[14.17100297046756, 14.300317616796711, 14.220388241527932, 14.221967326152702, 14.213368372071825, 14.258451097466276, 14.095163142301368, 14.2151425449324, 14.444464990717778, 14.328109960508458, 14.427247275808272, 14.171135007782134, 14.355845379157602, 14.429614543651045, 14.186626385916597, 14.433365664185715, 14.326808007944711, 14.32753678785849, 14.189589483236421, 14.4773993741083, 14.191568538548033, 14.198355498761101, 14.305336878110575, 14.449589091254992, 14.448908982214434]
fps.lt:[12034.53308123589, 14150.751379226442, 12559.239580685478, 13477.315312970377, 13143.728166208688, 13126.44974424488, 12248.981194048667, 12693.491956260434, 14427.179806682025, 13381.75273738201, 12914.124433180898, 12346.230877788757, 14650.062832885844, 13638.320484204392, 12027.466122899752, 11888.077626256354, 12180.088608282515, 11966.936369086683, 13345.665408077359, 13764.4853387138, 11929.17891067326, 12571.206604625639, 12954.223384092458, 12442.585792614667, 12863.930559583912]
fps.ltu:[568.5925453571923, 792.5650025194024, 618.423413863642, 708.4289027655843, 679.9327789373996, 679.6439383350659, 587.4143922568785, 635.193932147754, 824.3110248460001, 707.2670338660939, 661.6500374760672, 599.6748503413744, 850.1675073098289, 739.5678944979595, 565.1000198855947, 562.8745757365164, 588.039437529749, 570.3100820080373, 696.5705002168525, 750.936535050233, 560.0484480669834, 623.0404505943463, 667.5768731201814, 617.8268579635037, 658.3502502112807]
fps.c2:[1.374897337127023, 0.7745345000118964, 2.2472538846258163, 2.01037783780792, 2.2527109701320205, 0.7989515132036847, 1.3553808185608602, 1.3789090758672886, 0.5046378801081907, 0.8309056065577811, 1.3247564288268063, 1.2286972134070502, 1.848827500259796, 1.8331981559069903, 1.2922154354788284, 1.814718625374535, 0.9936545770638996, 1.688342555078536, 1.6654960900065723, 1.6653845556219928, 1.346002827412069, 1.6157733845711573, 1.497410982484001, 1.6445575982910041, 1.4266295871966508]
FC:[[0.23228637042617742, 3.8680199308661107, 3.890671763605763, 3.9106064086572356, 3.938623110112414, 3.964996462663599], [3.88942456691714, 3.9142299849947984, 3.9369623735363732, 3.9656272947353024, 3.9884908476252434, 4.012378110111617], [4.00333450049391, 4.040421917739024, 4.06153253330017, 4.087334947691483, 4.114375540245413, 4.139403929132225]]
FCE:[[104241.11979663974, 0.019744979696213954, 0.013193642834813748, 0.0104275022192372, 0.008610004082433093, 0.007575331338612691], [0.02426688725720477, 0.015371539615135555, 0.01019642279483041, 0.007901177922505814, 0.006689924202423951, 0.005903495573313502], [0.020510947878922797, 0.012729784731545315, 0.008413901031682967, 0.0066818545968093, 0.005682548395135032, 0.005031085492254287]]
