Ri:[100, 130, 160]
Zi:[50, 100, 200, 300, 400, 500]
fps.ts:[1566.7392600011826, 4700.217780003548, 7833.696300005913, 10967.174820008278, 14100.653340010644, 17234.13186001301, 20367.610380015372, 23501.08890001774, 26634.567420020103, 29768.04594002247, 32901.52446002484, 36035.0029800272, 39168.481500029564, 42301.960020031926, 45435.4385400343, 48568.91706003666, 51702.395580039025, 54835.87410004139, 57969.35262004376, 61102.831140046124, 64236.309660048486, 67369.78818005085, 70503.26670005322, 73636.74522005559, 76770.22374005795]
fps.e0:[10832.944634871248, 10827.213508484487, 10893.428324418212, 10832.269088013667, 10805.837240882573, 10838.760049294066, 10806.356611202975, 10810.868024485519, 10818.839141359387, 10820.232497160263, 10835.89101292138, 10807.470819443732, 10838.592554386378, 10814.359640445735, 10793.541368502772, 10786.659005085628, 10810.007560976694, 10809.051370486108, 10818.646224491018, 10822.7166513551, 10840.874933570767, 10801.525547782758, 10825.774879553002, 10833.676157058018, 10815.506042772637]
fps.e0u:[18.4285799375533, 18.170256323397712, 18.545464490464408, 18.454545494709397, 18.600009417122557, 18.62865515351541, 18.414451678499134, 18.98708179869336, 18.364442660050003, 18.702804840430943, 18.31429006596251, 18.465451082053473, 18.453637028785234, 18.561921359304133, 18.473029901258187, 18.64827140190287, 18.475942785148394, 18.032959180389607, 18.268173725077105, 18.62545559160398, 18.58014792586424, 18.36200148782092, 18.416248371995934, 18.69010575380305, 18.823215407604216]
fps.lt:[7281.6260394473165, 7646.10382687586, 6687.573959696253, 7187.159916177304, 7660.010614004301, 7094.6819671945705, 7878.199630545006, 7612.022251810512, 7507.832294058951, 7739.829101106603, 7328.455559596537, 7690.264312693154, 7175.195618112289, 7575.542049486718, 7816.221796924056, 8161.919227840161, 7608.18640252783, 7525.482291965388, 7647.471226493187, 7384.692938287191, 7149.48915749982, 8119.553620692714, 7488.658505599818, 7301.853169446067, 7854.314867909377]
fps.ltu:[271.3629640924813, 293.65535961001, 229.40467222376907, 264.0121255638408, 301.87350724007496, 260.9921930491552, 316.5670405151258, 303.6802694167969, 288.233179256396, 310.78139732246757, 275.3043466132653, 304.7706491849467, 263.92987558683546, 295.6873646682226, 314.20997167043686, 344.25300897084827, 297.9843536604537, 285.3196334362217, 297.27092640208207, 279.2734987129528, 263.9604065866524, 337.4478263547812, 284.86869905486685, 276.81091361368954, 319.8364599200801]
fps.c2:[1.1269458450863747, 1.550610870718839, 1.4618005502212108, 0.9619139936601168, 1.07449914458834, 1.9828146102337283, 2.1305135335031613, 0.8211425128166888, 0.897361783737218, 1.6680754851143411, 1.2030987396786326, 1.36780217248825, 1.1904448987649354, 0.4216248839520552, 0.7580067119972275, 1.732329595011078, 0.50722828160735, 1.4164219754589311, 0.5816617927475355, 1.688520058637135, 1.1508702109764888, 1.7709698399435172, 1.7509790578511757, 1.078803986895839, 0.6061463189819205]
FC:[[3.8768309963156935, 3.86522567936234, 3.918170394114513, 3.9783724292682567, 4.021340317267415, 4.050894145493591], [3.935840109198644, 3.940024500329759, 3.984061355888739, 4.041966833779392, 4.088818617663758, 4.115298125705423], [4.062238165479011, 4.100731838246672, 4.158488119201597, 4.207878678580114, 4.243273302968661, 4.273604520020066]]
FCE:[[0.04742539392444919, 0.0268314371702134, 0.017276943782786342, 0.01366280072383048, 0.011588233908370297, 0.01017347657604925], [0.036799613454732344, 0.020935464595701146, 0.013419090320056632, 0.010601411643562137, 0.008886271107839527, 0.007806458606033702], [0.03054647592150422, 0.017567975329653294, 0.011125619953512801, 0.008752563688141476, 0.007419926005606635, 0.006543662699093699]]
