Ri:[100, 130, 160]
Zi:[50, 100, 200, 300, 400, 500]
fps.ts:[1719.8668799972534, 5159.6006399917605, 8599.334399986266, 12039.068159980774, 15478.80191997528, 18918.535679969787, 22358.269439964293, 25798.003199958803, 29237.736959953305, 32677.470719947814, 36117.20447994232, 39556.93823993683, 42996.671999931335, 46436.40575992584, 49876.13951992035, 53315.87327991486, 56755.60703990936, 60195.34079990387, 63635.07455989838, 67074.80831989288, 70514.54207988738, 73954.2758398819, 77394.0095998764, 80833.74335987092, 84273.47711986542]
fps.e0:[10880.991875152233, 10860.15992524039, 10892.213282400066, 10859.854579282477, 10890.942532694618, 10857.964281995766, 10861.33549820526, 10894.247219783208, 10885.990131989638, 10876.148958904747, 10872.515132250459, 10863.314921451045, 10868.67596931349, 10893.141990086107, 10870.02395320946, 10876.415408687257, 10881.022375090377, 10841.328574818906, 10878.55115437589, 10880.667547406068, 10891.904370302287, 10856.90994018321, 10865.887222840054, 10881.310561850189, 10874.466549558852]
fps.e0u:[15.576414112951367, 15.535530587845534, 15.465417138688373, 15.614570983482222, 15.519211965373586, 15.722258701460953, 15.837214090222725, 15.440254128808176, 15.595692833499738, 15.628747852464382, 15.378774619757356, 15.598808082451788, 15.530414583734874, 15.64351684497764, 15.595352732075018, 15.868123054988725, 15.577001989671043, 15.593099367072162, 15.740546802426312, 15.74064301086142, 15.832553996838785, 15.766014702246634, 15.775701219783384, 15.699812355393213, 15.68562227046173]
fps.lt:[11610.613916485003, 12672.859974635167, 11464.469978051904, 12879.396880411941, 11212.348844040094, 12649.740039366352, 12488.967851835816, 11921.51367085536, 11788.576892121497, 12285.276686567682, 12184.681083629242, 11699.059523838294, 12432.557339034032, 11256.35393474117, 12071.282780155114, 11780.363307483716, 11535.607816624359, 13450.91202024479, 12036.487447698977, 12049.10712959181, 11306.672426129926, 12811.131778391838, 12400.60133777838, 11504.119324139647, 12092.430843060025]
fps.ltu:[583.3879640530369, 688.9955179389397, 564.5444693354937, 713.7471280670496, 541.4627997614886, 695.6793247785953, 684.5989603856814, 606.8130574608998, 598.7981762497424, 652.0241128485873, 634.5964184147723, 593.6665020432911, 669.0459417174505, 546.4363667787734, 627.8059400118105, 605.1684095793518, 575.4037720143651, 785.6957383950162, 629.8594020965323, 626.9567783467041, 563.6781864602349, 714.2267358385111, 668.9983111307033, 574.1565915162286, 631.3722835365041]
fps.c2:[2.4292390500557954, 2.036972749111598, 1.2673187152646257, 1.615909055630832, 1.180937677794312, 0.7267293948382603, 1.8252255551059602, 0.9343836550487461, 0.741348451102811, 1.2760198548764525, 0.8504338638418262, 1.213021453375871, 1.559806621396665, 1.8225708452336196, 1.3278699340356446, 1.4016934504754461, 1.2667649334542246, 1.25661710818546, 0.566556214755205, 1.2109209290696823, 1.012786839237814, 1.224828780211062, 1.1159869970399692, 2.107293802177655, 1.9114572118503008]
FC:[[3.8056915204746535, 3.8413277567806436, 3.8772895785099952, 3.908452460869501, 3.9274955217886904, 3.945443766092297], [3.822257640784684, 3.8756294417869386, 3.915587476707422, 3.953027956791416, 3.9795988550473678, 4.003126609749848], [3.9635939565133884, 4.009068335627743, 4.044472633094754, 4.082864550794263, 4.103874700405216, 4.128191566368602]]
FCE:[[0.03432181270523297, 0.022233714699676926, 0.01431595406965415, 0.01133886968436212, 0.009335893955425185, 0.0082295939251233], [0.026775614019767854, 0.01668328840141034, 0.010728082332880995, 0.008526406196697967, 0.007243517558760251, 0.006405273729984804], [0.022360131745270427, 0.013759053680231871, 0.009102605672451183, 0.007254828550929999, 0.006161521926457682, 0.005455581879036397]]
