Ri:[100, 130, 160]
Zi:[50, 100, 200, 300, 400, 500]
fps.ts:[1737.9003599977493, 5213.701079993248, 8689.501799988746, 12165.302519984245, 15641.103239979744, 19116.903959975243, 22592.70467997074, 26068.50539996624, 29544.306119961737, 33020.10683995724, 36495.907559952735, 39971.70827994823, 43447.50899994373, 46923.309719939236, 50399.11043993473, 53874.91115993023, 57350.71187992573, 60826.512599921225, 64302.31331991673, 67778.11403991222, 71253.91475990773, 74729.71547990321, 78205.51619989873, 81681.31691989422, 85157.11763988971]
fps.e0:[11002.031243942101, 10974.432809715274, 10978.768473228214, 10990.05118512997, 10986.81781179686, 10985.039744951717, 10987.007651672764, 10960.957061561952, 10962.910987048992, 10972.57290032463, 10988.722113353178, 10988.714540387291, 10965.975369517137, 10973.587608628684, 10981.220617089399, 10955.88412701804, 10981.377829855592, 10979.3101228732, 10961.14805410794, 10971.35445786811, 10979.407193225248, 10977.1550374935, 10988.61567241304, 10974.237891946312, 10957.805919752964]
fps.e0u:[12.494494509410131, 12.510225221413679, 12.668436781171375, 12.503305070062114, 12.621162362300769, 12.575163053089184, 12.591932044568606, 12.718255967628386, 12.594335326620772, 12.75073476805795, 12.562950127069877, 12.475806544647796, 12.61319620790448, 12.64342560760408, 12.643887327171008, 12.623316203560584, 12.621594936019267, 12.769952131987363, 12.541607880482816, 12.667501606680519, 12.64087592083029, 12.605350415533904, 12.82822366355213, 12.636808642502517, 12.759628414095989]
fps.lt:[8428.60252073675, 9091.561008909086, 8739.631863268793, 8688.909923020183, 8524.868009830032, 8605.861876434075, 8478.482060338461, 8915.528383135696, 8887.793883430386, 8719.206235831243, 8402.131528019461, 8449.041740597731, 8962.363229527986, 8628.469492276448, 8633.460492993045, 9036.558170257367, 8522.416982402821, 8679.572728023864, 8947.355700037044, 8784.605714085239, 8705.710487086018, 8372.777839918677, 8395.99586093552, 8773.908136205624, 9052.509568985428]
fps.ltu:[243.6024195596471, 282.9527150440949, 262.36796648376435, 259.0814251040723, 251.2121967161391, 253.71758165232654, 247.87507968860695, 278.6326277747826, 272.5003015781221, 264.213090740304, 242.94750289379252, 245.59170898736102, 277.4861416255806, 259.24448828990495, 259.3804222910515, 283.59365005823673, 252.57808438456405, 263.3559454638432, 276.96510097164315, 269.6413262336314, 262.13245366803716, 243.58417180380405, 248.15547062950043, 267.42683646089637, 286.8437473922101]
fps.c2:[0.699362398704717, 1.6929614896333705, 1.6427983051313844, 1.4395743294856076, 1.2054401038028641, 2.222935234647511, 0.6540839464336053, 1.56112749009196, 1.1864256580702188, 1.0479361170052794, 1.4138985322592914, 1.2437912885273983, 1.6131819190471872, 1.8740975650336142, 0.8423202550857106, 1.4104784171316744, 1.3290187487900869, 2.1359178283075355, 1.373108776235407, 1.6289102196144278, 2.031692615618098, 2.1907118810346295, 1.9875128493965823, 1.5822474113776046, 2.560745014080685]
FC:[[3.7539830098772677, 3.804014079099688, 3.8345380556415485, 3.859042083823167, 3.893885598383057, 3.922784023646196], [3.8090309368556388, 3.844872571136402, 3.874790320808466, 3.908709251458614, 3.943720818762914, 3.9794008348976484], [3.96918629591162, 3.9888701411662053, 4.015284441996678, 4.04769542315686, 4.083101909350727, 4.119982280793134]]
FCE:[[0.03027903013550808, 0.017636084765249926, 0.011292664823632528, 0.008760838702206624, 0.0074097565163779985, 0.006569426183752676], [0.023560126468959254, 0.013582554592909113, 0.008689216779363637, 0.006787149421541394, 0.005756620072954079, 0.005128320440735877], [0.020401855360476808, 0.011293591569994025, 0.007206418634354789, 0.005644827926336802, 0.004678016297307723, 0.004166249331300196]]
