Ri:[100, 130, 160]
Zi:[50, 100, 200, 300, 400, 500]
fps.ts:[1737.6961600017548, 5213.0884800052645, 8688.480800008774, 12163.873120012284, 15639.265440015794, 19114.657760019305, 22590.05008002281, 26065.442400026324, 29540.83472002983, 33016.227040033344, 36491.61936003686, 39967.01168004036, 43442.40400004387, 46917.796320047375, 50393.188640050896, 53868.5809600544, 57343.97328005791, 60819.365600061414, 64294.757920064934, 67770.15024006844, 71245.54256007195, 74720.93488007545, 78196.32720007897, 81671.71952008248, 85147.11184008599]
fps.e0:[11023.179313370707, 10998.694286284326, 11062.133659898698, 11061.88303294639, 11044.91714586867, 11025.423724926499, 11056.399026929921, 11076.001977025599, 11050.22016395227, 11039.62256654809, 11011.681007624034, 11067.857006891601, 11038.846912478015, 11056.502036663043, 11061.537545033887, 11015.581343132288, 11000.255821980529, 11008.548381761497, 11028.296445807335, 11050.309782473463, 11044.972224751407, 11095.024549635395, 11041.206374524296, 11037.221996120204, 11011.228146447795]
fps.e0u:[26.629648011648506, 26.311625928341257, 26.867916545984354, 27.274641399116142, 26.769818185815407, 27.34886492812533, 26.3924972621781, 26.19356907888413, 27.25328472902393, 26.432077494815193, 27.069596105287697, 25.998836280503088, 27.06696128745302, 26.316956370998355, 26.852184687327714, 27.322729462590676, 27.129540150393673, 27.02588349763563, 26.780619597489544, 27.18201170238785, 27.42635259145097, 27.28219034193256, 27.336942331974754, 26.62820248455087, 28.28938674244113]
fps.lt:[12907.759673721192, 14811.333258128829, 11475.345464395743, 12358.211014650607, 12935.41531390282, 13007.582261805166, 12430.282506293373, 12493.078387378033, 13075.468733070076, 13169.675525064562, 15690.617302193623, 12836.896889821346, 13190.619787995829, 12625.187378137158, 14513.999794809324, 15271.387557318649, 15308.699514058766, 14929.698927371217, 15267.137953629928, 13797.304334434648, 13534.836397986577, 11543.790287454356, 14132.36573897409, 13496.237002467073, 16086.993160838252]
fps.ltu:[1235.8914920139216, 1607.2297524799787, 968.291516979732, 1147.099318853437, 1243.2557516619702, 1265.928073078743, 1119.3581639424826, 1130.059661178287, 1273.9865522413966, 1271.33832617742, 1829.9581017766077, 1175.295440400446, 1291.1718097454618, 1163.8855075439033, 1564.2155184597955, 1732.838286634646, 1743.9373912756294, 1677.5447981584628, 1728.752581973385, 1425.2505567477124, 1391.3997943907607, 991.9326269475213, 1509.6799449701166, 1339.256926344206, 2009.0550653889125]
fps.c2:[1.0474341663143654, 0.7362834424270953, 0.8988609096570332, 0.6496036842599975, 0.726562289127685, 1.3450745797220887, 0.6407894525406094, 0.8437772789582342, 0.7866837680273904, 1.6675355944824213, 1.9163245027219906, 0.5170441495151847, 1.0965306316169205, 0.7456750574710409, 1.0113862698633511, 0.8044673534068416, 1.1503838171765972, 0.6704395591052675, 1.5991700565423064, 1.5703350847330766, 1.0259905583200626, 1.8667562160784192, 1.032325462772363, 1.2693772750064103, 1.1176081878439343]
FC:[[4.105612210330957, 4.126212747527224, 4.172236387270832, 4.198671442622369, 4.2268323432444745, 4.217915182918753], [4.3335496735137875, 4.3714912667018275, 4.408279215517961, 4.431147477247112, 4.442236487699525, 4.443225442198669], [4.599261522638149, 4.632549751120719, 4.670271148111507, 4.709535706277701, 4.734883580976617, 4.739125961301105]]
FCE:[[0.07061789726465093, 0.04342015037548658, 0.02886347567899744, 0.023018121192233714, 0.01951456215695854, 0.017095493360467857], [0.05634338819214413, 0.03520922320166222, 0.023352706050604573, 0.018548863940027704, 0.015628768491411142, 0.013724355628232973], [0.04898860175600162, 0.030613871325355677, 0.02017223359250315, 0.016038360726845575, 0.013619358858588462, 0.011988138049423827]]
