Ri:[100, 130, 160]
Zi:[50, 100, 200, 300, 400, 500]
fps.ts:[1460.8208599996567, 4382.46257999897, 7304.104299998284, 10225.746019997598, 13147.38773999691, 16069.029459996224, 18990.671179995537, 21912.312899994853, 24833.95461999416, 27755.596339993477, 30677.238059992793, 33598.8797799921, 36520.52149999142, 39442.16321999073, 42363.80493999005, 45285.44665998936, 48207.08837998867, 51128.73009998798, 54050.3718199873, 56972.01353998661, 59893.65525998593, 62815.296979985236, 65736.93869998454, 68658.58041998386, 71580.22213998318]
fps.e0:[11258.385658607034, 11254.087443952856, 11228.57565000282, 11251.082373850772, 11245.919648373252, 11286.714136329489, 11261.284392541604, 11264.171101372069, 11266.627463107809, 11264.02850356457, 11273.581716830444, 11275.850994042532, 11267.864819444554, 11246.192362877373, 11256.169082931105, 11256.374445866091, 11270.989612789594, 11270.974684305724, 11264.257962462501, 11268.084394177033, 11255.93331210739, 11258.972962475627, 11248.159400987359, 11259.14329967647, 11238.900609988352]
fps.e0u:[12.513391576552056, 12.488446234493821, 12.487190212636536, 12.474883551469748, 12.638307882248276, 12.312737494127767, 12.371542371474778, 12.37638359143862, 12.434094086629429, 12.369605983193463, 12.341792566710861, 12.491443343327656, 12.525931942222526, 12.358447819988225, 12.507175065978382, 12.418903484089547, 12.394389190972136, 12.497285997666527, 12.429694942057612, 12.423591925463876, 12.413107277127292, 12.562529065391466, 12.539556841383337, 12.488157677449854, 12.448054788606056]
fps.lt:[3798.7038997066556, 3835.4377605849118, 3947.746264704249, 3857.991264768164, 3831.8552209710133, 3696.7773683494947, 3746.3786104364863, 3726.2137513032812, 3700.8262754715465, 3758.5076998530258, 3778.3130745961635, 3743.691057513055, 3756.670523647252, 3804.0624736649543, 3797.0805828788575, 3800.060591212962, 3749.7288295351013, 3696.5269303064074, 3785.4581524660107, 3804.8600398095327, 3800.5068776242633, 3761.4878765038575, 3839.141440007811, 3826.3424296838384, 3891.125285425243]
fps.ltu:[51.12685247869079, 51.40322827148284, 55.046965893739184, 52.166677131097174, 52.157480307458385, 47.75635716593424, 49.1281557702879, 48.380362262026736, 47.63553573198263, 49.23545659418785, 49.414190273626225, 49.32699209443533, 49.74916861371905, 50.743240509389416, 50.72888763927308, 50.540265251047025, 49.02781611737682, 48.43195489591115, 50.2000331753565, 50.62337216580859, 50.61458704803051, 50.04428896602254, 52.12505648232072, 51.39630408027405, 53.04050086641641]
fps.c2:[1.78230176181072, 1.7264857926813488, 1.1877436099184016, 2.043218165489058, 1.2909563216020956, 1.2790776852888, 1.225667224355471, 1.5660057675240036, 1.5937968438489198, 1.7172848371478497, 2.272471226563261, 1.7150788624080775, 1.6965729232212365, 1.6042092209209544, 2.723109328197829, 3.365119456176517, 1.1484554196856382, 2.1817857281395345, 1.172525486945091, 2.190101584902503, 2.298756694711458, 1.3011294544678778, 0.7728856636843672, 1.3702458075551847, 2.05220528905131]
FC:[[3.611369105937743, 3.654762695437275, 3.760651589394117, 3.857801532433915, 3.9389537512964123, 4.0109618885978575], [3.674096373523058, 3.721961549379269, 3.8112525177121617, 3.896023526314907, 3.9777758225869384, 4.048919330289897], [3.7743013281719975, 3.8218150932899246, 3.9067166429215816, 3.998620522839441, 4.077881454318461, 4.152945455552406]]
FCE:[[0.030809706634341197, 0.015655113143902184, 0.009858609136285397, 0.008090239194227574, 0.0071421188461909795, 0.006543194144229694], [0.024198299859143332, 0.0122556009974206, 0.00761088200034743, 0.006222693274018017, 0.005507952472777373, 0.005058782225827654], [0.02030919127706304, 0.010100438759800304, 0.006386280647386385, 0.005159444338233085, 0.004563433560475817, 0.004101604359424648]]
