Ri:[100, 130, 160]
Zi:[50, 100, 200, 300, 400, 500]
fps.ts:[1700.9647199964522, 5102.894159989357, 8504.823599982261, 11906.753039975167, 15308.682479968069, 18710.611919960975, 22112.54135995388, 25514.470799946783, 28916.40023993969, 32318.32967993259, 35720.2591199255, 39122.1885599184, 42524.11799991131, 45926.047439904214, 49327.97687989711, 52729.90631989002, 56131.835759882924, 59533.76519987583, 62935.69463986873, 66337.62407986163, 69739.55351985454, 73141.48295984745, 76543.41239984035, 79945.34183983326, 83347.27127982616]
fps.e0:[10904.377307842557, 10898.057674067348, 10876.058972281931, 10904.53850416908, 10867.518155897496, 10886.056670227486, 10866.52948129365, 10873.51645567767, 10868.862857744785, 10885.366873868526, 10883.235647089377, 10899.959480358399, 10894.542853367651, 10874.867647552093, 10873.928303936253, 10867.818648225188, 10873.023670905197, 10907.818223498614, 10862.44569647038, 10881.673794838194, 10854.091359434216, 10857.184098136651, 10865.117522546678, 10874.517710898386, 10903.156031316914]
fps.e0u:[10.877982128817063, 10.879315472018705, 10.964646187238278, 11.17350751038442, 10.98755520356946, 10.887027103287911, 11.016193236247652, 10.924813650713595, 11.01672332025863, 10.826516631236728, 10.963443685455594, 11.046533845947176, 10.972794492945892, 10.938358344986137, 11.059774726562836, 10.900655151542281, 10.998748096409521, 11.009855819417313, 10.964639482197024, 11.011578675737525, 11.080393614381128, 11.09444682111284, 11.136812408147414, 11.145680151336162, 10.984427675175459]
fps.lt:[6237.329649870591, 6106.05443354805, 6220.246482716065, 5996.088087079791, 6365.515959668783, 6205.610560956898, 6476.0588159540175, 6346.6836764963, 6344.8021283642975, 6264.876956594848, 6281.84457593394, 6054.770421387286, 6162.769741661447, 6372.051898042795, 6406.822953236239, 6430.583287814043, 6375.460195423802, 6006.234466671999, 6465.602403684635, 6401.467580876157, 6796.985755168338, 6636.427374626427, 6540.967932336086, 6401.239804259396, 6206.69047693865]
fps.ltu:[115.47881710245676, 110.89511349618813, 115.73274924556655, 110.05250840874298, 121.1940366520144, 114.5640900621051, 125.84996706619204, 120.25617494815005, 120.72425208538124, 116.14042822440051, 117.95073096705924, 110.56895886217521, 113.94571392878834, 121.4828758800916, 124.039745036314, 122.69928120850292, 121.96409077138796, 108.32335481492834, 124.6046971491877, 123.43834257927836, 139.87219617320005, 133.14697622433255, 130.1629991083551, 124.43347208048398, 115.58390410863994]
fps.c2:[3.5101804163540677, 2.86266990073483, 1.4170651851744402, 1.9957660866854665, 1.207852221980509, 1.3972995204218546, 1.841170294200631, 3.989021522755796, 1.5288853610119886, 2.2354804070371075, 3.22840962017756, 2.907404471236637, 2.5740449999264112, 3.4562452575355027, 1.3830949059884405, 3.115298199125987, 2.85155839684539, 2.306306682630944, 2.8040462938475432, 2.1470522743380602, 2.8045280679620865, 3.102492951457545, 2.6490854833396074, 3.055223804638315, 1.7753711203574296]
FC:[[3.823398436597726, 3.815672138044472, 3.893327129737972, 3.9567516140927577, 4.036353100724746, 4.113071233247742], [3.8685449970656753, 3.8605619078644176, 3.938265898296541, 4.001456073815029, 4.08203589817334, 4.164857273118448], [3.9898909964842457, 3.9970425843701745, 4.062779444173472, 4.124343958550942, 4.207610770484761, 4.283969565345039]]
FCE:[[0.029562356003117858, 0.01594539502821359, 0.009804040600432712, 0.007678833848575079, 0.006550297358560253, 0.005837580733405456], [0.02323648605901501, 0.012381179730126857, 0.007552946348163927, 0.005912272429822215, 0.0050571998051878505, 0.00443753170185955], [0.019532688802359168, 0.01029742700710385, 0.006348622446620204, 0.004978471209673756, 0.004171787411807974, 0.0037365383083044325]]
