Ri:[100, 130, 160]
Zi:[50, 100, 200, 300, 400, 500]
fps.ts:[1321.440799999237, 3964.322399997711, 6607.203999996185, 9250.085599994658, 11892.967199993134, 14535.848799991607, 17178.730399990083, 19821.611999988556, 22464.49359998703, 25107.3751999855, 27750.256799983978, 30393.13839998245, 33036.01999998093, 35678.9015999794, 38321.78319997787, 40964.66479997635, 43607.54639997482, 46250.4279999733, 48893.30959997177, 51536.19119997024, 54179.07279996872, 56821.95439996719, 59464.83599996567, 62107.71759996413, 64750.59919996261]
fps.e0:[10748.264315445556, 10736.712844602218, 10777.171401859385, 10758.889639489114, 10795.735911987895, 10787.59430839094, 10759.700003531492, 10775.310029248194, 10768.617861740877, 10739.842349911487, 10779.376661441807, 10744.068590834297, 10719.921624086868, 10766.21270290923, 10783.892930481083, 10729.22301972353, 10781.748223218183, 10794.856287354221, 10764.694902331868, 10795.399529827964, 10790.371300573308, 10777.702249204434, 10751.188216179167, 10783.434472198935, 10768.03647251282]
fps.e0u:[10.526675583326105, 10.92863465555137, 10.29931173330029, 10.305634530288968, 10.243079714664017, 10.308785911066854, 10.473721609734037, 10.54382789199886, 10.24563795505875, 10.207067143141655, 10.33794411806361, 10.477614010731156, 10.528365788000748, 10.259345347748738, 10.502323637783135, 10.842332364195466, 10.516125705099963, 10.422706189386266, 10.21995828353831, 11.025496669259384, 10.60130565239896, 10.31673726412097, 10.407520623158343, 10.519041405922817, 10.52016246420438]
fps.lt:[5899.184736226414, 6104.7959533233, 5889.0629375683875, 5769.578616592448, 5673.015498824333, 5695.638727079058, 5898.377387873716, 5812.257118673761, 5979.950962361003, 6304.750374354167, 5723.139392420006, 6144.445363697422, 6310.9843246860455, 5907.346661490017, 5874.399585819714, 6313.509044783433, 5876.746443134531, 5712.282143960166, 6047.899166246266, 5866.388941555058, 5887.073371251787, 5964.619927703826, 6174.182280173832, 5967.427059718676, 5821.740964308826]
fps.ltu:[102.47822238448794, 115.05955806507376, 99.6114656155934, 95.94809646014802, 93.53462256871855, 94.5717367446424, 102.60424511290742, 99.46077030325814, 103.45936664536409, 113.90670013071136, 94.7541516323653, 111.36586726203201, 117.38067269312738, 100.8871646364405, 101.11437346501211, 120.8942183092019, 101.40410781197264, 94.74728427098887, 104.97898992647931, 105.38882523120556, 102.49510596032019, 103.2309131912007, 111.6266961553585, 105.01685459543995, 99.44330748648106]
fps.c2:[6.901307564479979, 6.049188871505715, 3.420973835278133, 6.271535794519531, 6.059495321113905, 6.658457900843905, 7.746369791431675, 5.916949363745439, 9.943644225061048, 7.421772992227797, 5.924386579453506, 8.817372475140305, 6.761152269608963, 5.034462840137506, 5.874189790949544, 13.420411047046061, 3.042371330481094, 5.661030323503718, 7.222512455502951, 5.753187681591559, 6.732281617658466, 4.528704232644708, 5.43188295676939, 10.65395566798308, 8.092325635865121]
FC:[[3.972097875655208, 4.055334807324755, 4.135195881755965, 4.21168897423423, 4.293018767453202, 4.376049270008522], [4.026421773074061, 4.09190851171706, 4.178432286027015, 4.256569870899159, 4.346845253371652, 4.433871881262534], [4.119803387250305, 4.215283484235363, 4.3124321131643635, 4.402135425748496, 4.482107306180946, 4.557826275648132]]
FCE:[[0.0284731624378615, 0.01608481680760663, 0.010162373275722902, 0.008008562353725658, 0.006874569587437899, 0.006080545986978525], [0.022509753152864583, 0.012532816724484277, 0.007826377580736302, 0.0061853184676320784, 0.005258117258390113, 0.004652071358780346], [0.01946372249116137, 0.010392515497524304, 0.006569805976863931, 0.005146346210380801, 0.00435659095866101, 0.003906357935568904]]
