Ri:[50, 100, 150, 200]
Zi:[100, 200, 300, 400, 510]
FC:[[3.9715497361666605, 3.958613447602762, 3.9748343604726903, 3.996618120237068, 4.0126796554178865], [3.9414453295835106, 3.958225512694416, 3.979770624786622, 4.001444205079269, 4.026346135425933], [4.01990200070317, 4.0470493919433155, 4.073036863996442, 4.102156430838593, 4.130172827380795], [4.376412214808219, 4.4227085096580225, 4.455951374782445, 4.47931878081178, 4.50274402793056]]
FCE:[[0.023206844319644985, 0.01560405449179229, 0.012692735661604174, 0.011042878432951375, 0.009733072797903272], [0.011563898336063262, 0.007837981683582655, 0.0063526171343086316, 0.005487406474928132, 0.00484702855676805], [0.007947680833432981, 0.005400119284952254, 0.004371200270223562, 0.003675918058530708, 0.0032500115443726], [0.006613238759093976, 0.004500819766836125, 0.0036378608348445157, 0.003134128219890588, 0.0027704897367617715]]
fps.ts:[1621157521.7680802, 1621160927.12224, 1621164332.4764, 1621167737.8305602, 1621171143.18472, 1621174548.53888, 1621177953.8930402, 1621181359.2472, 1621184764.60136, 1621188169.9555202, 1621191575.30968, 1621194980.6638403, 1621198386.0180001, 1621201791.37216, 1621205196.7263203, 1621208602.08048, 1621212007.4346402, 1621215412.7888002, 1621218818.14296, 1621222223.4971201, 1621225628.8512802, 1621229034.20544, 1621232439.5596004, 1621235844.9137602, 1621239250.26792]
fps.e0:[10789.511250394466, 10807.669013905892, 10776.397328320203, 10785.431609303323, 10783.765291004343, 10783.34933562377, 10771.49342869644, 10786.297617585027, 10789.310044831735, 10776.638535461527, 10779.590455240119, 10775.237848828261, 10779.9969204924, 10797.698341156005, 10778.976429660006, 10788.445842091007, 10775.59755739172, 10805.482622824898, 10787.279499860822, 10767.141266826697, 10815.709714969995, 10789.991824101697, 10798.47455162613, 10801.881848273217, 10785.316159172058]
fps.e0u:[11.083155544813664, 10.991904913111156, 11.005182169937967, 10.965802719939367, 11.127075605680561, 11.034321755700816, 11.064985158339091, 11.118397446361064, 11.046757113203467, 11.060459621159122, 10.962712155299972, 11.085450181590243, 10.999762727853506, 11.10581415192432, 11.048004196232881, 10.991998991097104, 11.018680237822364, 11.051509900062705, 11.1228185173218, 11.050231611762673, 10.984773132835084, 11.107196495223146, 11.040286761902571, 11.03199029242293, 11.234116328929378]
fps.lt:[18753.346580584715, 17666.82395644513, 20622.233001842094, 20173.23388605633, 19938.67524377922, 20285.99522967194, 21237.651250357823, 18462.295555567373, 20144.236241133087, 22444.571965738614, 19902.414990660163, 20668.433148928132, 20115.266940654677, 19247.35129321703, 21299.202399396007, 19231.140117508177, 21069.825157256495, 19002.740533635173, 18845.459940286473, 23286.096955046094, 16407.155685334554, 20554.69973682943, 19062.10033923015, 18688.87887680459, 19605.57471093159]
fps.ltu:[1086.2354624804802, 959.9780538078389, 1310.954718454727, 1246.7526610157242, 1230.6266852206256, 1268.6152734618145, 1395.3705022573786, 1059.5797189831374, 1243.1981497659135, 1554.5083495959939, 1214.9275876261522, 1316.388853671948, 1245.0864989977495, 1144.5969281193748, 1395.4997057618796, 1133.285338143448, 1365.517888472457, 1109.764376162544, 1103.3957302878368, 1669.7610543246137, 827.1015535898159, 1310.376266489459, 1115.4920282678245, 1076.32301024482, 1207.5042170658562]
fps.c2:[2.4280810862777136, 2.133388942643609, 3.058497940673526, 2.1945910764402368, 2.697792919427966, 1.6243239484000753, 2.0353965679079415, 2.205720859504414, 3.1320022786253423, 1.4434048290484158, 2.586835066755017, 1.695581369177923, 2.086328374467664, 2.7635773055819377, 2.156484677413289, 1.4448705499640637, 1.413409520083018, 1.6425134422612118, 2.4640862919794504, 3.2940432095646504, 3.2366272068589543, 2.6345961134454665, 1.9179206946727676, 1.953860388519922, 2.332391423262893]
