Ri:[100, 130, 160]
Zi:[50, 100, 200, 300, 400, 500]
fps.ts:[1005.6342399978638, 3016.9027199935913, 5028.171199989319, 7039.4396799850465, 9050.708159980773, 11061.976639976501, 13073.245119972229, 15084.513599967957, 17095.782079963683, 19107.05055995941, 21118.31903995514, 23129.587519950866, 25140.855999946594, 27152.124479942322, 29163.39295993805, 31174.661439933778, 33185.929919929506, 35197.198399925226, 37208.46687992096, 39219.73535991668, 41231.00383991242, 43242.27231990814, 45253.54079990387, 47264.80927989959, 49276.07775989533]
fps.e0:[10832.012404897707, 10874.289502894653, 10867.96170291114, 10873.485381438497, 10859.706750119629, 10877.862010463936, 10883.057506621273, 10810.30938593615, 10876.969533554467, 10880.032469548054, 10866.636224423028, 10885.815426930085, 10875.394750020914, 10855.640105145481, 10830.660314466715, 10889.273751185905, 10838.854162939437, 10861.471015791993, 10865.886964544736, 10888.610194292172, 10879.886084920208, 10890.268860524826, 10902.954348645751, 10893.050860101726, 10898.25953962359]
fps.e0u:[20.337470939347163, 19.615118671180188, 20.010358402245455, 20.083070460660313, 19.99952936209068, 20.388083738958905, 20.066702664588796, 20.17224597846832, 19.976573274695962, 20.352824653009023, 20.227545848383006, 20.085926147833764, 20.15111457834923, 20.558031240172213, 20.096637049201775, 19.817743165443208, 20.080163010674248, 19.97468374772812, 19.69880681361193, 19.567696356224687, 20.152485528756714, 19.93127088569762, 19.704754317579873, 19.886406848027324, 19.78963537209344]
fps.lt:[6646.220181503758, 6322.469183340765, 6578.980004597816, 6468.600081544892, 6548.852807468464, 6347.951531276087, 6444.6853136831705, 6993.513402652112, 6379.52405686377, 6451.6545499809245, 6543.68759914339, 6334.697110196786, 6146.0077825819035, 6586.373866080954, 6764.642993597792, 6396.387612615616, 6751.590878825925, 6393.995024606115, 6519.560011720207, 6398.5319756078, 6402.897626681173, 6443.397332298808, 5905.428347229963, 6351.412617013361, 6308.161030805908]
fps.ltu:[250.31221735131874, 218.4016224753667, 239.00253685696822, 232.00612316587916, 239.24399783196264, 228.43047401297764, 231.2391853320853, 273.2279650452038, 226.86103969302127, 231.3911934291676, 239.41194339836434, 221.02268282017994, 211.82514203889247, 246.28821222553347, 251.08608433148513, 225.52091300044634, 252.95898298086348, 226.2652624859715, 231.72898132860496, 221.50049561237, 226.87175980474655, 225.6974320162192, 188.96060684655285, 220.68473370175556, 218.07859964903088]
fps.c2:[2.767808508028823, 2.0310461789773404, 1.417023394431233, 2.3504026787320935, 2.934298183105604, 1.8766707880368256, 1.8741474698427525, 1.7847587861686955, 3.2862339469998876, 2.1323798726522156, 2.76787810750246, 5.383618361264761, 2.1727711949907045, 1.7243862911527015, 2.9240857923623502, 1.7600503770877767, 1.8123472621848422, 2.5050850192527827, 3.5711884248759964, 1.1415435870613573, 2.1357066988327844, 1.0093726239601197, 1.9989842084121712, 2.674028868130662, 1.7844480347233354]
FC:[[3.8291846098264624, 3.903810641508709, 3.996254057270545, 4.061476811524311, 4.127089561132167, 4.182998644643248], [3.8370714241760715, 3.9553251542039587, 4.030763993840547, 4.107671058888894, 4.177575951736196, 4.251045686185302], [4.019065750806072, 4.07643561869425, 4.175518734604051, 4.251249215621331, 4.3203153115703, 4.384632352983683]]
FCE:[[0.04877527347365812, 0.02819994546233059, 0.018642534266456387, 0.014571167041159704, 0.012386393009129271, 0.011012903178280534], [0.03838847693522495, 0.022102769158678225, 0.014421407689391035, 0.01128847532731276, 0.009644599544401933, 0.008503954440298759], [0.03377500758667993, 0.018914839999848984, 0.011886152699732158, 0.009412948387790944, 0.008060122159631242, 0.007192979270243723]]
