Ri:[100, 130, 160]
Zi:[50, 100, 200, 300, 400, 500]
fps.ts:[1885.4561000013352, 5656.3683000040055, 9427.280500006676, 13198.192700009346, 16969.10490001202, 20740.017100014687, 24510.929300017357, 28281.84150002003, 32052.753700022702, 35823.66590002537, 39594.57810002804, 43365.49030003071, 47136.40250003338, 50907.31470003605, 54678.226900038724, 58449.13910004139, 62220.05130004406, 65990.96350004674, 69761.87570004941, 73532.78790005208, 77303.70010005475, 81074.61230005742, 84845.52450006008, 88616.43670006275, 92387.34890006542]
fps.e0:[10913.033081265805, 10950.697753541768, 10915.806651147155, 10908.13840377108, 10925.551526609606, 10956.482070625125, 10944.674396156219, 10904.804851963534, 10944.629354805584, 10940.435924589645, 10934.514276227204, 10930.342366974239, 10942.634877583163, 10924.977264939662, 10918.990450124, 10906.170557163237, 10948.470369212422, 10903.325959933407, 10923.587996238142, 10923.590554504808, 10931.388788139124, 10923.470236289204, 10931.6943264165, 10917.483581068154, 10934.82638076289]
fps.e0u:[14.230902482023243, 14.559009035838814, 14.200597952950872, 14.225081402723376, 14.40674679302582, 14.153829664787557, 14.374342925525477, 14.54002568135618, 14.208920252987381, 14.328891274473698, 14.481980585986046, 14.310849878731817, 14.323624699893253, 14.428997040415547, 14.339562157062476, 14.398761222163861, 14.34374290038705, 14.520768814549497, 14.494705083227217, 14.36157110463665, 14.197757741990504, 14.70424980407138, 14.370574071062261, 14.50918020009044, 14.39705761377311]
fps.lt:[13236.893184483668, 11597.817024469176, 13815.246525678824, 14130.1075626486, 13019.603862490858, 12155.411616828713, 12170.506891563742, 14340.189669456922, 12201.860783776408, 12432.893593538989, 12610.640740250888, 13184.904209782666, 12419.982673596256, 13147.201468081183, 13344.483167091468, 13458.324467237358, 11426.441625562436, 13385.76602331695, 13038.972705756709, 13246.871649144528, 12686.169395769724, 13292.821856786044, 12556.048607989942, 13734.914540657852, 12793.858841034862]
fps.ltu:[686.3791642940982, 541.3156341514152, 748.7842142787171, 786.2155725714665, 673.8156835407718, 575.4661182334827, 587.2378361952965, 821.5535352136134, 584.762094714459, 611.0411610244324, 631.808061966905, 690.2338426993131, 606.1717289892061, 689.2661687725465, 708.1631217369311, 717.5701823117697, 519.4351730477847, 716.8958463068285, 677.8989063811621, 692.9982780539085, 630.1343721391341, 709.2221804183324, 627.8181207377183, 750.4826765349794, 650.3295121239299]
fps.c2:[0.9039422700363376, 1.4718251391366555, 1.4963686585017002, 1.1176586309956984, 1.0321187967098706, 1.947834447203415, 0.7414641194626426, 1.3060577139631562, 1.7061559102620836, 2.094560180274108, 1.2803600594786972, 1.4934537702322004, 1.2662999313742618, 1.9332527554086847, 0.6774917666916784, 1.0768561303459712, 2.211429248392863, 0.9119570671574351, 1.6224789670463613, 1.3056917837984554, 1.033395547030533, 2.2782952909506275, 1.7711132252280455, 1.0147764500660983, 1.2332136548356762]
FC:[[3.8196295946917598, 3.8802114865935744, 3.892547694586669, 3.9098820200375064, 3.941963729252099, 3.961514250766599], [3.861941951891122, 3.931260837773792, 3.947022927670508, 3.9680189859975314, 3.993429739764292, 4.012711444398024], [4.002950268922656, 4.046636967861331, 4.060923697269014, 4.0874104162503855, 4.116499726184342, 4.141186270930664]]
FCE:[[0.031399377585011684, 0.020059196701471483, 0.012923201534400642, 0.010214777581326799, 0.008661329596963146, 0.007618030605351844], [0.024478189053420536, 0.015182191953206511, 0.009996539833032428, 0.007917299027849531, 0.006721284507101369, 0.0059268799956949695], [0.02072370377134085, 0.012892915076577851, 0.008456453963634442, 0.006704927012347325, 0.005712307846979385, 0.005054911567542589]]
