Ri:[50, 100, 150, 200]
Zi:[100, 200, 300, 400, 510]
FC:[[4.026593229497058, 4.046488074329252, 4.067093374459344, 4.075131757654286, 4.091460667052231], [3.997375747092023, 4.043209365738812, 4.060597371246811, 4.0853740065355915, 4.103469578980266], [4.132272297461533, 4.165078495619527, 4.188279566710448, 4.220302252112457, 4.240812138141873], [4.758035052794145, 4.804608677959228, 4.836876540981197, 4.864262193635006, 4.886632185803013]]
FCE:[[0.044911406574378095, 0.030564325153736905, 0.024451286655693866, 0.021120995986619668, 0.0187443489784029], [0.021982752661429007, 0.015132325105515449, 0.012147017205113039, 0.010515935231022348, 0.009316192459769815], [0.01545617995726252, 0.010581241728817206, 0.008516012245404523, 0.007166599865975484, 0.006331911322301692], [0.014039927609655535, 0.009576937104070869, 0.007724457179716682, 0.006661729355225631, 0.005888936229180723]]
fps.ts:[1607593240.9928002, 1607596833.9744, 1607600426.9560003, 1607604019.9376001, 1607607612.9192, 1607611205.9008002, 1607614798.8824, 1607618391.8640003, 1607621984.8456001, 1607625577.8272002, 1607629170.8088002, 1607632763.7904, 1607636356.7720003, 1607639949.7536001, 1607643542.7352004, 1607647135.7168002, 1607650728.6984, 1607654321.6800003, 1607657914.6616, 1607661507.6432004, 1607665100.6248002, 1607668693.6064003, 1607672286.5880003, 1607675879.5696, 1607679472.5512004]
fps.e0:[9989.637392394021, 9993.1972133553, 9998.51884096473, 9995.353446498606, 10003.736331913307, 9969.779265461411, 9996.23493994839, 10019.696606259096, 9982.608733261388, 10025.294925359969, 9997.580966906107, 10015.443992760125, 9987.87081120254, 10011.336971430841, 9975.344551902392, 10006.464261323026, 9982.216722076491, 10031.141785585933, 9984.601992569054, 10027.65667072328, 9993.515203984118, 9981.974834862092, 10020.4738389533, 10014.86636530987, 10029.667210803871]
fps.e0u:[19.490734972290706, 19.6647076630745, 19.310356622678963, 19.727747784829077, 19.59180570705465, 19.726134140427508, 19.34929701624809, 19.375996292565567, 19.427587489614684, 19.60449571553508, 19.65285162252269, 19.52638083477133, 19.73814215354292, 19.38261440931357, 19.582875357903138, 19.218654606070512, 19.3432667679538, 19.169861113080135, 19.644452188946676, 19.307981764539743, 19.25681269529444, 19.371024503163177, 19.344884160548094, 19.66157597321318, 19.570679058306446]
fps.lt:[16917.652983595315, 16514.027147897243, 18397.232326015783, 17496.627550418925, 17029.69362115387, 19209.65867427626, 17421.39126432617, 15479.444836828803, 18480.75915451329, 15542.860727578016, 17517.016446016252, 15388.098455135101, 18707.012670384476, 16337.669854179854, 19409.31687140685, 16216.399889341204, 19270.246080369066, 14236.152491191267, 17532.230374111907, 15265.613897296704, 17962.193697043353, 19540.49517314559, 16078.914553930546, 15460.770859057786, 15169.530107325443]
fps.ltu:[1671.3365564905985, 1604.3312866221063, 1948.2679746123172, 1809.999892818282, 1691.1011898345355, 2172.5301557920957, 1754.334023505798, 1391.8043322716776, 1980.0063558440954, 1420.2614553195478, 1795.3748892589344, 1396.9770921196784, 2066.7844992878286, 1560.1653319932157, 2215.600852097394, 1521.2681391733865, 2162.580528669708, 1177.8935754699978, 1823.3360725843445, 1356.9492609183521, 1880.4178806808588, 2220.3550353974892, 1509.0543726942342, 1412.5040074732744, 1360.8130574428012]
fps.c2:[1.6868332518564697, 1.375283009255234, 2.2683225555220563, 0.7361831285708872, 2.901772305976621, 1.042119458906546, 0.4875901263408339, 0.840716082488216, 1.1458597618504056, 1.5577331486773303, 1.2224601204795849, 0.7855191544276177, 1.4051388314295785, 1.174806809120727, 1.5099771412896814, 1.4152353061914658, 1.1687977839038532, 1.227786016436252, 0.8720524577562189, 1.151990002708659, 1.6918126027933917, 1.9003624655259672, 1.031142156986252, 1.2476593672586114, 1.586639767973638]
