Ri:[100, 130, 160]
Zi:[50, 100, 200, 300, 400, 500]
fps.ts:[1759.0049799966812, 5277.014939990044, 8795.024899983406, 12313.034859976768, 15831.044819970131, 19349.054779963495, 22867.064739956855, 26385.074699950215, 29903.084659943583, 33421.09461993694, 36939.1045799303, 40457.11453992367, 43975.12449991703, 47493.13445991039, 51011.14441990375, 54529.15437989712, 58047.16433989048, 61565.174299883845, 65083.184259877205, 68601.19421987057, 72119.20417986393, 75637.21413985729, 79155.22409985066, 82673.23405984402, 86191.24401983738]
fps.e0:[10841.761554401222, 10854.795494449017, 10857.109280203096, 10831.695613750839, 10818.653659966392, 10805.9495164022, 10815.55206017228, 10823.282739478305, 10830.50169246572, 10825.313983168931, 10834.214819610825, 10815.612378913342, 10839.308947555972, 10818.41123178452, 10821.96145019663, 10810.570781851891, 10822.13154597868, 10849.208586831846, 10847.479439058878, 10819.005994639047, 10846.814179576671, 10839.92114516912, 10837.841738689196, 10834.78285556471, 10794.183242786503]
fps.e0u:[17.309872087048333, 17.50534449571822, 17.126378154949077, 17.332419033084786, 17.375432919071905, 17.213581293361237, 17.12428532901612, 17.462126751067945, 17.64205823079423, 17.774111173707105, 17.410779878620176, 17.59916580851623, 17.513123042909594, 17.138229256110186, 17.443898885247744, 17.449832224003814, 17.44372712601805, 17.350821254823856, 17.356611445573897, 17.346240455751673, 17.237541615496216, 17.402267805964946, 17.735921922564998, 17.389600518241522, 17.510684848872028]
fps.lt:[7017.851803392338, 6923.050428438826, 6857.469854657047, 7276.5029314376225, 7604.06882585351, 7360.544548265691, 7544.552633636017, 7088.911510411259, 7077.869024218839, 7123.448530947978, 7065.225811962311, 7259.106701173555, 7216.148518932634, 7569.864533619534, 7465.144611638974, 7487.480847038654, 7452.600784791561, 6875.984555747763, 6940.001499623391, 7543.138341057532, 7205.857678188802, 7217.266376484366, 7270.155624066627, 7315.229019365819, 7725.645383079523]
fps.ltu:[238.09400510372012, 232.18033575319728, 226.08866316279918, 254.9267431621416, 278.08692266858554, 259.3397067844255, 274.87624670613815, 245.24206287892287, 244.99831508130453, 251.6871827152688, 242.24319419273854, 258.9362355521479, 254.4901582743941, 273.31823798830396, 268.8905537717997, 274.3895775282539, 271.7204181266319, 229.579446713475, 234.2273058904617, 276.5070466884397, 250.1577280942532, 251.34824555383207, 260.0514495830187, 259.19666846544334, 293.70117909711865]
fps.c2:[1.1014175670535515, 1.0402694718788508, 0.6606223974560546, 1.0558089660199377, 1.0361463335264751, 1.3364032206195722, 1.3363888891059985, 1.067205890193051, 1.924167373827771, 1.0165369127702424, 1.5082587841876578, 1.299894981508422, 1.3383063995103084, 1.3539939596696682, 1.9784790501686333, 1.7762888530488299, 0.8039833874336753, 1.948669985399608, 0.6506122150829725, 1.1238430998880962, 0.9321468338740703, 2.487816966770633, 1.4442110542190987, 1.1587354717861857, 1.0083190197069982]
FC:[[3.899295255254719, 3.935011054696445, 3.9583599918441807, 4.0035431232569705, 4.031940355344675, 4.059721707358404], [3.894628311370236, 3.978380945415297, 4.011880783569902, 4.048936027886769, 4.0856961812069486, 4.115748354914203], [4.0493738203475695, 4.129141042891347, 4.158391183550321, 4.196307045616806, 4.229750283951463, 4.2594187419188705]]
FCE:[[0.04390511134011472, 0.02587625309259575, 0.01612458847072465, 0.012480781518217741, 0.01052887529795026, 0.009300666583970822], [0.034150228608182266, 0.019391479013953123, 0.012365238722849373, 0.0096883874601955, 0.00820931947806242, 0.007267372819206476], [0.028649633085212584, 0.016478154291928945, 0.01046614659438186, 0.008226917434002732, 0.006988489090160811, 0.006196764926443832]]
