Ri:[100, 130, 160]
Zi:[50, 100, 200, 300, 400, 500]
fps.ts:[1774.2491400003432, 5322.747420001029, 8871.245700001717, 12419.743980002402, 15968.24226000309, 19516.740540003775, 23065.23882000446, 26613.73710000515, 30162.235380005834, 33710.733660006525, 37259.23194000721, 40807.73022000789, 44356.22850000858, 47904.72678000927, 51453.22506000995, 55001.72334001064, 58550.221620011325, 62098.719900012016, 65647.2181800127, 69195.71646001338, 72744.21474001408, 76292.71302001475, 79841.21130001545, 83389.70958001612, 86938.20786001682]
fps.e0:[10786.801181920519, 10796.578617944442, 10780.802947398948, 10788.403413352513, 10779.767047504485, 10798.146030123447, 10805.976315940085, 10812.802104306116, 10825.724406190207, 10796.371359244933, 10811.188101816053, 10798.637567921385, 10809.63412047231, 10814.573243993202, 10802.69382994107, 10810.067327712788, 10806.671482414315, 10804.703007257904, 10843.631584772404, 10806.543126619285, 10800.13829560844, 10784.368360925817, 10796.84231952555, 10795.655716821318, 10790.202498663144]
fps.e0u:[13.063737913611213, 13.061602139490361, 13.029127338863482, 13.09467855982654, 13.223340450000126, 13.134336894105116, 12.962737216635254, 13.000201194134247, 13.022118288855388, 13.101294888569685, 12.92687982468236, 13.072999320784996, 12.976707904975873, 13.067068183859924, 13.140688070723927, 12.904085361836662, 13.070528413963372, 12.98513372938776, 12.916403009391827, 13.070910938655306, 13.031859244202911, 13.098962759251847, 13.007802680323483, 13.106316771667627, 13.034107925042175]
fps.lt:[6599.7608021450615, 6604.982600654384, 6879.539596706989, 6830.066968181098, 6917.799364570929, 6600.07463326552, 6601.7987052041835, 6445.3937354939035, 6372.129225799604, 6465.588944637449, 6350.364937108849, 6519.750754998397, 6491.245893152642, 6428.995381119369, 6536.008322400627, 6531.007883775276, 6459.931577281371, 6506.572832664412, 6148.603088472853, 6417.065034282977, 6532.699930711942, 6805.381157820792, 6522.93091046738, 6593.562896498619, 6594.980432375302]
fps.ltu:[155.0654089504504, 155.686865968671, 168.903542196642, 167.31756568486492, 172.73757336286505, 156.0995769525135, 154.18466207440184, 147.61490634462714, 144.77637095634006, 149.887605038345, 142.1054818196311, 152.25188388856964, 149.68021419234856, 147.7670588629574, 152.38921785242198, 150.61938833857118, 149.06611043548503, 151.073186590305, 133.44700175066447, 147.32837812570256, 152.7861354854267, 165.91818958040733, 151.7714000648319, 156.50133182084545, 155.39781441037292]
fps.c2:[3.1465407290160647, 1.7999250956950048, 2.2687804034850814, 1.5338872200683495, 3.0123590761388734, 1.9464515585162938, 3.1248825585441717, 2.363147203028459, 3.567290281236701, 3.2891595199741053, 2.2708122837805784, 2.1898005040612927, 2.2932308752306323, 2.895318412502583, 1.622756776242069, 2.997904139694384, 2.9456210358624566, 2.0198839427400364, 1.544817757382756, 1.3318420365800852, 1.688336894186649, 1.936080941897185, 3.4195899170243615, 3.7383741615370374, 2.3554945287361275]
FC:[[3.7773062477052095, 3.8004191938290846, 3.8908452906110766, 3.966152858856006, 4.079208231354034, 4.208581539293068], [3.826866083926169, 3.844672818257504, 3.9188100715919094, 4.002961519148372, 4.101991296843897, 4.214046729442312], [3.9472483039136566, 3.9632462312284735, 4.042298343377271, 4.123848818237979, 4.21019773019899, 4.31200563692693]]
FCE:[[0.037225360511282654, 0.019738815555611324, 0.012043818782704765, 0.00915107894459345, 0.007867875740673333, 0.006984648748411811], [0.029151962634129516, 0.014889941830370918, 0.009198332658092117, 0.007026333849934355, 0.0060204771810629665, 0.0053296403666374245], [0.023754878778600372, 0.01227950256181304, 0.007526206239389777, 0.005909643543506501, 0.005056155282117064, 0.004458754928048455]]
