Ri:[100, 130, 160]
Zi:[50, 100, 200, 300, 400, 500]
fps.ts:[1725.3156199979783, 5175.946859993935, 8626.57809998989, 12077.209339985848, 15527.840579981803, 18978.47181997776, 22429.103059973717, 25879.734299969674, 29330.36553996563, 32780.996779961584, 36231.62801995754, 39682.2592599535, 43132.890499949455, 46583.52173994541, 50034.15297994137, 53484.784219937326, 56935.41545993328, 60386.04669992924, 63836.6779399252, 67287.30917992114, 70737.94041991711, 74188.57165991305, 77639.20289990903, 81089.83413990497, 84540.46537990094]
fps.e0:[10937.964373544983, 10933.146484486344, 10934.114784860592, 10923.874721754832, 10942.7294486942, 10931.726733571875, 10934.603752547491, 10934.42393667346, 10944.967296311663, 10925.441782721615, 10947.87785935492, 10938.6138633213, 10941.534233356188, 10948.91903761118, 10927.045347670057, 10923.851581402354, 10956.942320432197, 10948.589096244546, 10914.60043350225, 10947.734210065584, 10972.616978846298, 10931.825091519231, 10924.31475743604, 10919.454104840748, 10936.332287764799]
fps.e0u:[12.10613078076496, 12.021908796307308, 12.013137750916064, 12.089240582964838, 12.10336327963844, 12.074183684540172, 12.185426967552974, 12.112678137939318, 12.070781017993015, 11.980527502853986, 12.084156803787094, 12.192702469534135, 12.090520019902677, 12.117231672536647, 12.117653107561955, 12.202308521870712, 12.031680976515762, 12.039683687852916, 12.08725123784881, 12.10750739989256, 12.035143050286726, 12.17031998716374, 12.297341738356097, 12.353825932501218, 12.184747951183352]
fps.lt:[8254.583803922638, 8772.24099295339, 8615.483573582149, 8812.333221570414, 8325.758611808982, 8665.688484537313, 8717.992353933805, 8680.063742550701, 8140.55868135217, 8931.86437917266, 8389.382174832172, 8456.976277029344, 8592.773589199733, 8481.724852615276, 8721.931430546247, 8809.350759890563, 8434.304441819759, 8583.674371493262, 8780.585441155628, 8476.735663236099, 7872.016548205135, 8549.745297448302, 8863.957343171416, 8948.503260358704, 8564.32464062677]
fps.ltu:[227.26973184788883, 253.70109810845747, 245.2014704404928, 257.54632118410115, 230.64935250428528, 249.84019958425404, 252.7415455409375, 248.96129164846738, 220.15051806647747, 262.96109222148687, 234.0720808294315, 238.95018424656894, 244.10478620957943, 239.19286864111402, 253.13287149970128, 259.33310734826836, 234.2271664806806, 243.0559962463454, 255.57336565463007, 237.8848804007359, 205.4131069795351, 243.31449329823462, 264.4874568571369, 269.81441746301465, 244.68331744975288]
fps.c2:[1.1211807998799517, 2.662462751828415, 1.9386556330800717, 1.8232953918406272, 2.5499844365849436, 1.6029138486822088, 1.6050778904498377, 1.5947343608973763, 1.7268131559066544, 1.7016330311044285, 1.1140822404986592, 1.2722901516675154, 1.5914339722079944, 1.6563829928836082, 2.254611565960891, 2.839093861237304, 1.3759900622153087, 1.1465663207568209, 1.305682619304816, 0.6739766844123511, 1.3734782734317659, 2.915598806695795, 1.854793927373811, 0.8912647826724361, 3.104596885374754]
FC:[[3.816111560851793, 3.811149385767447, 3.825194522387288, 3.8688563266911897, 3.904551867690417, 3.941695915215245], [3.843672713825177, 3.8476656341325195, 3.865721584467265, 3.9126190000539776, 3.9465669207775256, 3.985681856826195], [3.924660548337407, 3.9601947292707136, 3.9909603273880307, 4.044238393429321, 4.085776402383929, 4.122350129019886]]
FCE:[[0.029232774496875207, 0.016763733932715467, 0.010807139133389602, 0.008520480905072675, 0.007201034855583022, 0.006361154840552352], [0.02271451664183112, 0.013024472455626414, 0.008325487997429047, 0.0065725765864560965, 0.005573894347741918, 0.004935962220039165], [0.01902597613930067, 0.010993853581530025, 0.0070389240759246826, 0.00543784940143251, 0.00452740567550748, 0.004008851700010512]]
