Ri:[100, 130, 160]
Zi:[50, 100, 200, 300, 400, 500]
fps.ts:[1750.9250800037385, 5252.775240011215, 8754.625400018693, 12256.475560026169, 15758.325720033647, 19260.175880041123, 22762.0260400486, 26263.876200056075, 29765.726360063556, 33267.57652007103, 36769.42668007851, 40271.27684008598, 43773.12700009346, 47274.97716010094, 50776.827320108416, 54278.67748011589, 57780.52764012337, 61282.377800130846, 64784.22796013832, 68286.0781201458, 71787.92828015328, 75289.77844016075, 78791.62860016823, 82293.4787601757, 85795.32892018318]
fps.e0:[10918.285248561098, 10910.446766719806, 10905.682842667855, 10933.308004028053, 10893.226993554026, 10900.28824279359, 10923.968732008057, 10897.218542909606, 10897.839401330311, 10933.314382017183, 10935.726188131084, 10907.424346944239, 10926.135101280133, 10916.017026232816, 10910.062940829132, 10912.64664793651, 10890.545366596232, 10924.353891668226, 10884.485191371614, 10900.183024974098, 10912.605516876993, 10901.10552319307, 10885.08780042364, 10917.876381102596, 10913.365411405513]
fps.e0u:[13.87956887029935, 13.83394731291855, 13.840325012920262, 13.721552022395237, 13.825987204903004, 13.809513011128145, 13.76306410963391, 13.571174761607075, 13.618484518814773, 13.69070783927065, 13.694342777790235, 14.05577567755064, 13.754272141065103, 13.790479704324246, 13.763417627533563, 13.673078552443428, 14.013705802888778, 13.935107084701363, 13.872428985317734, 13.812051590849688, 13.764332703790595, 13.72635570192654, 13.977855181865918, 14.00987717750898, 13.85732986908844]
fps.lt:[12013.89309899009, 12635.680582819074, 12712.255928657702, 11721.475545079895, 12514.199526727276, 12132.056315034344, 11707.838693685924, 12834.693334846288, 13291.731275749304, 11805.121071571399, 11486.593232645786, 12317.943080772171, 11588.639465346916, 12461.002619523413, 12581.139072050599, 12541.442400311591, 13058.851070135286, 11269.258703155601, 13152.32836947131, 12923.291783462824, 12559.19293552141, 12662.947446962438, 13404.139054861218, 11784.145250272086, 12667.733242726268]
fps.ltu:[550.2247399326336, 610.0135617948144, 615.4120807184439, 520.735687807039, 593.9252684274687, 567.7078254587273, 519.6204460073893, 616.6952530774887, 666.3163286899994, 526.9519600074456, 495.18850773339585, 583.2925901883157, 510.8475826131277, 589.0029901480317, 599.4838857588179, 591.529919369785, 655.2821345598859, 488.6199065239814, 659.939488613343, 639.9125379220317, 601.6916920082429, 608.0263056237463, 693.3331820130167, 533.1020645342935, 615.6878241095696]
fps.c2:[1.612541901881604, 0.9379908195331068, 1.8081204983554033, 1.1704364499055102, 1.7280851269863775, 1.6065232433678405, 1.439948173847987, 1.247417765701695, 1.451250356426399, 1.7486204240312564, 0.9233664785828368, 1.8217034756237913, 1.3671086500215277, 1.4532602310992528, 1.3726426027610037, 1.7561080639611224, 0.9442296364133989, 2.2319585192893148, 1.4066968480553568, 2.414234197411996, 1.0363344734895512, 1.9344441186711177, 1.9245046746118142, 1.1454836577898528, 2.486838553557023]
FC:[[3.8504821114592804, 3.857326260906008, 3.8737512037100523, 3.9009264359178064, 3.9280556978548815, 3.955958665642792], [3.8862117102111187, 3.905457202104956, 3.9173722586964193, 3.947395085996633, 3.9748688853001197, 4.003308793351464], [4.003239775684894, 4.020686142025487, 4.046215096357517, 4.083276962976762, 4.108214434685937, 4.137204305115995]]
FCE:[[0.03077147112600532, 0.01926266573372331, 0.012661179499482247, 0.009949831956201369, 0.008444241946503759, 0.007433697852471983], [0.023979385303817585, 0.014959828637961413, 0.009796800683899135, 0.00773072350290263, 0.006581586412737734, 0.005812031344833806], [0.020040673441055434, 0.012672788169342265, 0.008142139050815575, 0.006300498387157937, 0.0053552898758496776, 0.00473943232758079]]
