Ri:[100, 130, 160]
Zi:[50, 100, 200, 300, 400, 500]
fps.ts:[958.6739999961853, 2876.0219999885558, 4793.369999980927, 6710.717999973297, 8628.065999965667, 10545.413999958038, 12462.76199995041, 14380.109999942779, 16297.45799993515, 18214.80599992752, 20132.153999919894, 22049.50199991226, 23966.849999904633, 25884.197999897006, 27801.545999889375, 29718.893999881744, 31636.241999874117, 33553.58999986648, 35470.937999858856, 37388.28599985123, 39305.6339998436, 41222.98199983597, 43140.32999982834, 45057.677999820706, 46975.02599981308]
fps.e0:[10867.649555280857, 10880.987424621833, 10854.184371676358, 10895.086880186562, 10903.512463490648, 10870.052357969014, 10871.619107027962, 10898.274046289076, 10896.10074908489, 10847.568631481327, 10878.312358288484, 10878.146943893289, 10880.196645363281, 10890.484943573889, 10902.70397422799, 10884.6227425505, 10914.16360088522, 10907.577717879454, 10872.046910455456, 10879.701502428317, 10909.651881378059, 10899.299615588889, 10902.937499246493, 10884.853884988106, 10895.997166573476]
fps.e0u:[21.58643743427677, 21.563051914532696, 21.37448236938952, 21.129182251772423, 21.589123828508498, 21.564110722014895, 21.175531685557317, 21.099518354043806, 22.27507048911144, 21.83780314387596, 21.186925399411454, 21.175142817103733, 21.827608322442828, 21.288046120470216, 21.49187269950927, 21.49380512020597, 21.29048451076621, 21.247524707049752, 21.293548299667034, 21.43499980336364, 21.132928897988286, 21.31365822823419, 21.54785811442171, 21.279549065402847, 21.675425129457516]
fps.lt:[12633.855114787426, 11464.758106973548, 12743.09511541608, 11343.32187903143, 11441.824006266645, 12742.725740029713, 11880.319310638466, 12329.032048032614, 11133.802581198255, 12770.62736738541, 11851.592976638069, 12379.375837510055, 11986.247375292203, 11313.299130877613, 11616.257459682858, 11630.732423553727, 11340.717792951216, 11368.763038048406, 12870.964039007942, 12263.88662719797, 10935.429290040707, 11537.213241302334, 10887.319046815743, 11644.369989803768, 11204.101467848446]
fps.ltu:[940.721649207558, 791.4532540880924, 964.7059840510769, 758.5100973103584, 774.0576093126848, 965.3562401649474, 835.363604761273, 883.6745373539555, 747.919469266736, 979.2781400661612, 817.0006882966833, 898.4720701825715, 858.4370986847391, 759.065538812224, 805.405166969396, 801.0374623826918, 747.8423566078477, 758.9177635340595, 971.7165084730153, 885.5996131912659, 704.8071098778643, 781.6785119883075, 707.3880520457077, 801.0010633166739, 756.5334800922126]
fps.c2:[1.2670866479779006, 1.169235990977564, 0.7075881685309452, 2.557584660676738, 1.3225591429408434, 1.233081635512532, 1.9105018597828662, 2.1582397960882718, 0.9566654763213668, 0.6531142220753119, 0.6155328073251104, 1.4876736038290517, 0.6736557769143006, 1.3593325948697457, 1.6792281372332054, 0.6397325556420911, 0.7312146337588357, 1.130211423494224, 0.8527298653741221, 1.6229056788051361, 0.7506727830865756, 1.1299141630424736, 2.093615890248443, 2.1654364986838517, 0.40558564274791237]
FC:[[3.8563111247471356, 3.880248612852786, 3.8874812510397914, 3.9056635510688396, 3.9215957106923747, 3.933007418918837], [3.875135834064892, 3.9233651014926454, 3.9463797542185257, 3.958072750089253, 3.97820934559604, 3.9952282678955005], [3.971582016704143, 4.0347393965015, 4.063872892931766, 4.074383373267085, 4.1087845890315595, 4.1323835747579185]]
FCE:[[0.04833501339058581, 0.029635294454670363, 0.01949585049522233, 0.015414939229719052, 0.01303685054544296, 0.011471749111533511], [0.037223435044912996, 0.023053109880625942, 0.015270665968619151, 0.012008674222299605, 0.010207009218460931, 0.00898879268460649], [0.03154342695898722, 0.0190799538053192, 0.012590148722878086, 0.009885876452204916, 0.008273018808260358, 0.007331847911409446]]
