Ri:[50, 100, 150, 200]
Zi:[100, 200, 300, 400, 510]
FC:[[4.019619700021887, 4.004119606590538, 3.9889798679692814, 4.014194948931979, 4.05564504495028], [3.9909108076354585, 4.004430506676429, 4.028630186758253, 4.051360735456532, 4.079895570393419], [4.091427166117167, 4.1314742833223885, 4.161636778394705, 4.194764027289421, 4.223584207623885], [4.722440143014193, 4.782571081263958, 4.81726862043938, 4.849968813238601, 4.870403172955535]]
FCE:[[0.049934836259511554, 0.03361835729457909, 0.026547959087961526, 0.02279749710064933, 0.020053844953851145], [0.024279043427733765, 0.016497493294845268, 0.013286135336227987, 0.011382111350853593, 0.010011117408874925], [0.016735665419804174, 0.011411051954579995, 0.009193066169129733, 0.007693434062673682, 0.006792669842944948], [0.01537395515223332, 0.010337332416006375, 0.008329420766321866, 0.00717794606048332, 0.006335819917270491]]
fps.ts:[1608897544.4288, 1608901000.5544, 1608904456.6799998, 1608907912.8056002, 1608911368.9312, 1608914825.0568, 1608918281.1824, 1608921737.308, 1608925193.4336, 1608928649.5592, 1608932105.6848001, 1608935561.8104, 1608939017.936, 1608942474.0616002, 1608945930.1872, 1608949386.3128002, 1608952842.4384003, 1608956298.5640001, 1608959754.6896002, 1608963210.8152003, 1608966666.9408002, 1608970123.0664, 1608973579.1920004, 1608977035.3176003, 1608980491.4432]
fps.e0:[10050.723529401283, 10057.362384120619, 9997.506863726114, 10014.585686134478, 10029.581993504478, 10052.49726143706, 10023.528880601934, 10036.440523690097, 10008.995323183275, 10006.7720748147, 10002.657937744878, 10035.669921726943, 10025.76925299723, 10022.38701721636, 10018.132490965852, 10035.348358229498, 10023.33327645038, 10022.53328239404, 10040.145930505156, 10053.691181454733, 10042.456043975879, 10025.95013041076, 10017.063564965181, 9983.020243640325, 10041.847409238893]
fps.e0u:[21.105480921121334, 20.80258647914601, 20.83551789124628, 21.55840750755185, 20.897071865343676, 20.474572873339987, 20.848589824293313, 21.009036699489446, 21.203244389438765, 21.383031323443724, 21.02034688920058, 20.993781711913037, 21.237465871030356, 20.703147238945526, 20.94306378490168, 21.098902674330603, 21.150516985613336, 21.401911603090387, 20.834376100627882, 20.881228765911626, 21.070165212298452, 20.96580933504818, 20.889131186087546, 21.16156570023973, 21.031872179207618]
fps.lt:[18528.64275376318, 17770.15008952355, 24589.022361453877, 24847.751801399456, 21336.629194818102, 18540.036783540967, 23069.513829385713, 19136.187878878914, 26176.406058252935, 20687.274593770875, 25068.335099183518, 20671.282325285465, 19952.62838135765, 20236.73137566231, 24575.712449645987, 19272.85430185629, 20188.033673337108, 20064.691402874723, 19831.33289735989, 18155.155673471625, 17953.661870642973, 19060.667345004735, 21841.620095386523, 29931.96149966411, 17316.29116972091]
fps.ltu:[2173.2687552326183, 1967.0290904286373, 3758.5603682987585, 3953.631285337384, 2852.3615584239155, 2120.791900074278, 3323.2103294539033, 2310.7899619357822, 4338.0642469013455, 2746.3426585481584, 3933.7646311217854, 2689.4366218690657, 2526.473010296121, 2567.714322095643, 3783.27269862224, 2343.4375342178996, 2569.3473321113074, 2585.569448511903, 2469.358150317809, 2064.0365148642654, 2039.5024645706665, 2299.5007664728587, 3005.185998233854, 5653.877122153969, 1893.1823132322181]
fps.c2:[1.4805863018044971, 1.4757289913116312, 2.7242314675157244, 0.5268331870764973, 0.977626796567859, 1.2850645647232974, 2.297016290992931, 1.5200403300635268, 1.3556820296858652, 1.3079480100211143, 1.3466804126909346, 1.6291021181713712, 1.1731692289353188, 2.405512222706264, 0.8680163418599753, 2.143328409096058, 1.458645762674212, 2.4866802621915167, 2.04815656398202, 1.5894084120477887, 0.9864561736479243, 0.6527493450638021, 1.1009429067979974, 1.5703517686211181, 1.2819801610194743]
