Ri:[100, 130, 160]
Zi:[50, 100, 200, 300, 400, 500]
fps.ts:[1762.3713000011444, 5287.113900003433, 8811.85650000572, 12336.59910000801, 15861.3417000103, 19386.08430001259, 22910.826900014876, 26435.569500017165, 29960.312100019455, 33485.05470002175, 37009.79730002403, 40534.53990002632, 44059.28250002861, 47584.02510003089, 51108.76770003319, 54633.51030003547, 58158.25290003777, 61682.99550004005, 65207.73810004234, 68732.48070004463, 72257.22330004693, 75781.96590004921, 79306.70850005149, 82831.45110005379, 86356.19370005607]
fps.e0:[10842.683097451429, 10864.247008187685, 10843.141703421998, 10843.371881881212, 10840.075095369471, 10838.56198164967, 10837.378028639287, 10854.913833667562, 10868.643046240646, 10857.333862914473, 10833.227282485239, 10856.333525450715, 10859.774693032257, 10837.750036342806, 10837.99484298331, 10853.181312532248, 10840.454446450842, 10864.862118635116, 10851.65190784402, 10839.21065208966, 10849.251739850517, 10874.602617761653, 10848.083980078549, 10844.817365576493, 10818.0589426793]
fps.e0u:[12.106268297526428, 11.981270106088175, 12.254198424500709, 12.072832516447136, 12.214179136447862, 12.258813834272877, 12.124680762449374, 12.159301377386317, 12.089270032507628, 12.011186903781006, 12.08549599553805, 12.0233460876338, 12.204859814118759, 12.183444645074978, 11.994452124213796, 12.086398353521647, 12.15463398448014, 12.230248448311407, 12.228578385435416, 12.134725831762527, 12.282500486422133, 12.107092359670155, 12.256413263799434, 12.286175546684099, 12.192212258464354]
fps.lt:[3099.802522539741, 3052.9481326350315, 3093.5269572074158, 3120.4094452119484, 3121.842836502372, 3116.003769484959, 3129.737361857107, 3087.8941910424023, 3081.0205118072004, 3117.46907470618, 3157.4456773980814, 3130.6374024471033, 3105.5259685201077, 3168.466527872725, 3162.1491324466324, 3116.765180184592, 3146.6002966109295, 3092.349490337871, 3140.3555202248094, 3183.390580272051, 3130.557242970502, 3086.655984636613, 3143.5723818913443, 3174.455322642592, 3272.6103295715284]
fps.ltu:[33.77101320801001, 32.42372285472009, 34.06760967108205, 34.21482299382002, 34.666477134474206, 34.618894031582116, 34.348217164280314, 33.83142769289322, 33.2797646344898, 33.963585283657004, 35.16667433652922, 34.26826355176377, 34.0410913705279, 35.48910711229251, 34.91438471032271, 34.19895438066511, 35.03963289232675, 34.04406767009337, 34.79513855635878, 35.65972256672604, 34.96346608319829, 33.564146656421805, 35.25319040694484, 35.75168739536856, 37.89309023609941]
fps.c2:[0.4588983999692262, 2.902010145054206, 1.5155549404333526, 2.7565646562704056, 2.3499794942251886, 1.3047239736747531, 1.8118801546885026, 2.3884699681310497, 1.9301795342074508, 1.4919676249375686, 3.062312063091385, 2.40864544469523, 3.111866701302446, 2.4395453012137853, 2.4268169835269173, 2.1743419917724296, 2.082570080926616, 1.2326739010031251, 5.66740409102185, 5.3167156971066465, 1.6816901951425824, 2.145492938642101, 4.588648267650712, 2.4398203397950384, 3.7355612837341114]
FC:[[3.7901065478131106, 3.8317338383113313, 3.9003968184675166, 3.976327504249969, 4.0683114185351865, 4.154356737144358], [3.869855421422711, 3.8858631345672805, 3.961451817990184, 4.040027023611925, 4.126189416094559, 4.210524299429678], [4.0187766919903165, 4.03987570314346, 4.124081361731079, 4.202520194553743, 4.281619729585599, 4.363283987527532]]
FCE:[[0.032178836524390984, 0.0158609626229735, 0.0100665952202785, 0.008197084693122584, 0.006913794519101991, 0.006328851945829954], [0.025820293730620558, 0.012468949486976258, 0.00785047546770829, 0.0062365718701090905, 0.005369685889740955, 0.004923879614854198], [0.022196057752671673, 0.01056391435607788, 0.006436688661545781, 0.005228887481341307, 0.00460326580945182, 0.004227115563784093]]
