Ri:[100, 130, 160]
Zi:[50, 100, 200, 300, 400, 500]
fps.ts:[1291.8186199998856, 3875.455859999657, 6459.093099999429, 9042.7303399992, 11626.36757999897, 14210.004819998743, 16793.642059998514, 19377.279299998285, 21960.916539998056, 24544.553779997826, 27128.191019997597, 29711.828259997368, 32295.465499997143, 34879.10273999692, 37462.73997999668, 40046.37721999646, 42630.01445999622, 45213.651699996, 47797.288939995764, 50380.92617999554, 52964.563419995306, 55548.200659995084, 58131.83789999485, 60715.475139994625, 63299.112379994396]
fps.e0:[10846.475504942195, 10869.002600733089, 10852.957345066687, 10869.648632405422, 10866.468675642058, 10874.123875263276, 10868.688047318416, 10890.943698139474, 10877.458885774196, 10894.381953116232, 10844.585156356992, 10850.636514156302, 10857.679975347188, 10868.331137795874, 10866.836124403671, 10865.886540129626, 10876.324320610267, 10853.91279051569, 10857.628843593317, 10855.978119511687, 10875.072505898235, 10864.912072737348, 10859.622502867962, 10872.274267705081, 10861.252910173482]
fps.e0u:[11.102556295313535, 11.164213157031506, 11.06256834819011, 11.027112931767478, 11.12951103758321, 11.098447751159704, 11.089720308376382, 11.05953757322068, 10.999396971876973, 11.078640864220816, 11.067476213385842, 10.983494023683493, 11.066771001803286, 10.964285774009493, 11.066942760365635, 11.085217371119981, 11.07461932420685, 10.989787637274611, 11.112200666059143, 11.086158481659123, 11.05282416787038, 10.951478107528404, 11.038415113936226, 11.145929358505619, 11.096112323059971]
fps.lt:[6114.587952028254, 5915.03259939278, 6098.118645951932, 5978.897625166326, 5995.917237362679, 5791.347260360739, 5947.406644842428, 5700.39483698815, 5813.038597843667, 5577.843459622824, 6079.318237109192, 6007.703623379357, 5980.603443924423, 5946.367154388737, 5818.452811717846, 5881.65573347383, 5786.035232737807, 6039.664772211845, 6039.033778284276, 6083.91623408519, 5888.358005171182, 6044.5984218485055, 5939.39317303511, 5836.086045251826, 6017.180080581238]
fps.ltu:[113.79787175611213, 106.60633511594199, 112.91992744924053, 108.31051495818745, 109.3042401956711, 102.31540168567022, 107.05989611831879, 98.93128904997883, 102.04784909023769, 94.73678616818341, 112.72928314022671, 108.66487699040339, 108.32721495185194, 106.56692875975551, 102.79267964003817, 104.88310334424148, 101.41054590712595, 110.3367472103698, 110.71969808248964, 112.40096258986905, 105.12816983675307, 109.58931400219075, 106.47556478482487, 103.97988252535215, 109.89739680097738]
fps.c2:[3.359108086298881, 3.243690864373682, 4.487895200417713, 3.272876565772689, 2.871780655592372, 2.019502122366237, 2.5238717361674268, 3.140499850530285, 2.5549832542983757, 1.9903630793572622, 1.7175326086333256, 3.358940091088959, 3.3070378948192385, 2.8570001987037807, 2.170684634097607, 2.602270950223565, 3.388865092073691, 2.695381992076099, 3.168625749462767, 3.2530122794851932, 3.0393923257916504, 3.205561202300605, 1.4842555620464322, 2.728650333860579, 2.815160000057702]
FC:[[3.8055403858687775, 3.8158994464389373, 3.8572110017542975, 3.901824875926553, 3.949541604782051, 4.00161404662574], [3.8648165842318916, 3.8738672239588694, 3.9103697431137427, 3.95649903015879, 4.00775137210413, 4.0576559697764125], [3.9900736228440734, 3.996699812487858, 4.04128625097403, 4.0928903302566635, 4.147665276446633, 4.205129625186481]]
FCE:[[0.02993790609873955, 0.015846797335007438, 0.009820022391786731, 0.007644102979232866, 0.006458576332648056, 0.005570967732506775], [0.023088318848065902, 0.012391726724226622, 0.00761281725780099, 0.0059272565484085596, 0.00489574245561493, 0.004339654267472276], [0.019991852126161114, 0.01029379261990158, 0.006292180570388955, 0.004906005124502568, 0.004172315115602481, 0.0036299050503762653]]
