Ri:[50, 100, 150, 200]
Zi:[100, 200, 300, 400, 510]
FC:[[3.963944081569632, 3.979016381574079, 3.990305250791303, 3.989936290059122, 4.01230982519103], [4.001777187688301, 4.011901992340057, 4.035357161979067, 4.05345677671191, 4.079433517660611], [4.156691695801228, 4.168739497163005, 4.185186117847101, 4.211675975239451, 4.238304756003758], [4.792677726107718, 4.825176808849802, 4.851168838060204, 4.879551978862916, 4.901676679689348]]
FCE:[[0.03785777995497925, 0.02593503758109722, 0.020843661039357794, 0.017861957517485982, 0.015719853578214704], [0.019084674376889457, 0.012991976050163037, 0.010504182940835912, 0.009041762600801974, 0.00800290275937085], [0.013439296189837786, 0.00914187942074263, 0.007352246327341438, 0.006343387694326854, 0.005620342727393225], [0.012151637065800061, 0.008290943197460862, 0.006689684694750321, 0.005780202734300907, 0.00512166195505248]]
fps.ts:[1615545028.5303001, 1615548480.1449, 1615551931.7595, 1615555383.3741002, 1615558834.9887, 1615562286.6033, 1615565738.2179003, 1615569189.8325, 1615572641.4471002, 1615576093.0617003, 1615579544.6763, 1615582996.2909002, 1615586447.9055002, 1615589899.5201, 1615593351.1347003, 1615596802.7493, 1615600254.3639002, 1615603705.9785004, 1615607157.5931, 1615610609.2077003, 1615614060.8223004, 1615617512.4369001, 1615620964.0515003, 1615624415.6661003, 1615627867.2807002]
fps.e0:[10727.12335444036, 10666.901560061597, 10705.377424181775, 10684.285553551596, 10700.578440812737, 10680.709776283536, 10694.85719439881, 10693.448434282685, 10712.028799842348, 10654.213600460764, 10685.33087618841, 10709.023713776884, 10699.61857472855, 10680.454503104116, 10691.714441788065, 10706.570866378583, 10658.000424463758, 10679.068945124814, 10698.662693101916, 10678.335372331494, 10675.778635321563, 10696.479248936183, 10722.048964071811, 10687.626263687196, 10689.34088768657]
fps.e0u:[17.7440302278192, 17.718759793678945, 17.730664788420125, 17.714994335739107, 17.802324131777066, 17.674253156380217, 17.50659504345681, 17.69503509677552, 17.653135396297582, 17.827783337810796, 17.869805643029064, 17.80594242540922, 17.912530299736186, 17.714914752949692, 17.778386635012247, 17.76548169711872, 17.98457770393663, 17.78649916134058, 17.674257616647864, 17.90678818034049, 17.81883156076684, 17.784921900823477, 17.564755114639052, 17.94689535520829, 18.177674719569545]
fps.lt:[17350.955691489104, 24233.6213275376, 18769.95733233667, 21977.40777034142, 19466.53392211206, 19394.2234719661, 20461.943904553158, 22000.930910147028, 18472.166091872496, 26384.70477500303, 22426.006539155947, 17772.529844780456, 19365.585527592433, 20801.589861487635, 20781.668900181263, 19539.26774879112, 22125.866036906744, 20363.681952635256, 19726.32543112211, 20240.510979655253, 22780.40121341023, 20054.39963408339, 18906.36215304285, 18768.972035894552, 19186.16119111676]
fps.ltu:[1512.4212424946527, 2928.242886337107, 1771.2770182751985, 2403.498904464849, 1909.0644142613635, 1885.7080676370942, 2078.487958269085, 2410.285659812033, 1711.801122417477, 3530.033594628863, 2526.6755942931536, 1589.0694055802674, 1894.6342573893935, 2173.7967311017223, 2170.8650956563797, 1907.7553806920532, 2504.4288510545284, 2095.7972880072757, 1965.355988949845, 2071.1317745050383, 2626.9038302405556, 2010.7500679688237, 1778.2202274822973, 1780.4004322727644, 1889.9357112983128]
fps.c2:[1.716670939343282, 1.6780556939487001, 0.5944541868693229, 0.7495036402517213, 0.7140785796730942, 1.3260517765989748, 1.0017278923660589, 1.8725297200138808, 1.7498583815784943, 1.3653206735604566, 0.5265425924153001, 1.322418508795913, 0.8675688570914564, 1.9763815268045728, 2.110037522308779, 0.777985672563713, 1.8181706460565532, 0.2590861746195354, 1.9933136481400717, 0.5717496807949772, 1.1069921928162014, 1.5102227153856214, 1.2158128120955998, 1.1442153501822987, 0.8289821407605827]
