Ri:[100, 130, 160]
Zi:[50, 100, 200, 300, 400, 500]
fps.ts:[1783.1726800012589, 5349.518040003777, 8915.863400006296, 12482.208760008813, 16048.55412001133, 19614.899480013846, 23181.244840016367, 26747.590200018883, 30313.9355600214, 33880.28092002391, 37446.62628002644, 41012.971640028954, 44579.31700003147, 48145.662360033995, 51712.007720036505, 55278.35308003903, 58844.69844004154, 62411.04380004406, 65977.38916004659, 69543.7345200491, 73110.0798800516, 76676.42524005413, 80242.77060005665, 83809.11596005916, 87375.46132006169]
fps.e0:[10994.905183271047, 10980.505650505904, 10971.683618296674, 10971.774079326005, 10956.57028591479, 10991.485520997629, 10978.883648849544, 10981.331415481565, 10992.750436132781, 10975.6608001606, 10949.34991777603, 10980.683926317406, 10989.022907591823, 10971.615492787752, 10969.353986547198, 10996.732494027705, 10977.194748183012, 10984.806506265837, 10969.952361797825, 10950.9603298019, 10966.289445117885, 10938.870107021221, 10996.879204689234, 10984.893632392792, 10966.718339242481]
fps.e0u:[15.494072705745026, 15.68536624226292, 15.82016086731405, 15.8666475791739, 16.018291553065897, 16.05534985141332, 15.855733486144956, 15.795727002185469, 15.839055198787896, 15.804779365019668, 15.984898709980065, 15.818881717236971, 15.959309064050926, 15.648102177487957, 15.96704642734211, 15.747261676160905, 15.893935236490412, 15.78989595569983, 15.899322098441512, 15.904765522858819, 15.729284352342972, 15.994623851538051, 15.858757815141537, 15.67616713175111, 15.871307520494254]
fps.lt:[12559.885976797752, 13094.22969364947, 13417.37486829708, 13608.330403702957, 14748.27135545058, 12625.027974014265, 13375.207240625114, 13008.475937210966, 12317.030471064189, 12894.075415197363, 14269.253484361207, 13074.834234742213, 12661.625382938146, 13167.668927055929, 13405.500292633127, 12179.383057259267, 12989.403735721507, 12723.711369045399, 13527.816735513748, 14463.678893060429, 13327.122714340318, 15047.059795301733, 12413.419126433433, 12743.243682812239, 13344.433189169613]
fps.ltu:[668.1108100413657, 725.2186129946189, 779.2274935522039, 796.1261188898326, 942.3653240726939, 691.9650206029082, 768.7820422520525, 726.018300646108, 654.422470907395, 718.0659514021809, 879.9298753628733, 733.8914383216795, 692.3484978510945, 744.6914842805569, 777.0305419198903, 634.8856275850061, 726.7491679229495, 697.3566218783222, 787.2150751569146, 896.2871018896288, 763.3925244575967, 980.4441286678057, 663.4413839307973, 695.6050089496897, 766.7571377776445]
fps.c2:[1.3625102581516884, 0.9515305958326308, 0.5584109278724217, 1.2303277190774056, 0.761401886625261, 1.6218368094750697, 1.4437771958249086, 0.9156492727809993, 1.4766756287279545, 0.9128924977239932, 1.589163942943972, 1.0052228734525852, 0.28466400443581585, 1.4477452733462726, 1.6173131335428448, 1.1806974915332324, 1.3545510251355826, 1.4209494106813545, 1.330356296536832, 1.4090875256953999, 1.8838033246420984, 2.2064601143631566, 1.1301944925298693, 1.8600310047657895, 1.7836980591133529]
FC:[[3.8340281603360946, 3.8598792378321045, 3.9059024512115443, 3.9239031640193622, 3.943445867958128, 3.9678016366195914], [3.8832931994818534, 3.8937262044962417, 3.9441585149329397, 3.965648093630754, 3.9882393125640974, 4.012892065168455], [4.013962193622766, 4.037675891266624, 4.069919616396721, 4.085365888793788, 4.111691128281822, 4.1358123590222915]]
FCE:[[0.03397263798475987, 0.021885077775007467, 0.014827807180679472, 0.011686684677437989, 0.009868293843938421, 0.008634372477729078], [0.027037687943838776, 0.016881093757728668, 0.011382064058490357, 0.008996060675468376, 0.007429227107400895, 0.006520951718383912], [0.02260785612535454, 0.014183841202356322, 0.00942448579156924, 0.007427733258993506, 0.006157565407748515, 0.005410726748205267]]
