Ri:[100, 130, 160]
Zi:[50, 100, 200, 300, 400, 500]
fps.ts:[1729.6952799987794, 5189.085839996338, 8648.476399993897, 12107.866959991456, 15567.257519989014, 19026.648079986575, 22486.03863998413, 25945.429199981692, 29404.819759979247, 32864.21031997681, 36323.60087997437, 39782.99143997193, 43242.38199996948, 46701.77255996704, 50161.16311996461, 53620.55367996216, 57079.94423995972, 60539.33479995727, 63998.72535995484, 67458.1159199524, 70917.50647994995, 74376.89703994751, 77836.28759994508, 81295.67815994263, 84755.06871994019]
fps.e0:[10969.014991510812, 10945.975321765458, 10933.527539148707, 10953.79790757654, 10957.436607011336, 10965.035372424965, 10995.166865862142, 10946.533477497756, 10951.315578155249, 10974.758139656245, 10954.0887841431, 10966.931518617936, 10938.176779160538, 10966.656349654802, 10953.636688594792, 10949.3543976976, 10958.223934227271, 10954.188037722646, 10950.290743593352, 10967.044038075774, 10944.423080578239, 10935.873590646592, 10938.431574061293, 10939.430752716982, 10939.983743567856]
fps.e0u:[12.72454220351293, 12.708261195283137, 12.715249170989436, 12.59986042995981, 12.707748287064442, 12.65473031165187, 12.56843544065892, 12.709967891601616, 12.810459677798834, 12.636685115112158, 12.677830125361075, 12.659349634664473, 12.691358519056674, 12.676083964911335, 12.784084341407734, 12.653721741714744, 12.851025507862232, 12.707425448475128, 12.770997489074121, 12.799747621288224, 12.751681906660506, 12.802690469815435, 12.709607726261739, 12.770139199478951, 12.880456249857652]
fps.lt:[8774.071261924268, 9345.700487374834, 9430.476671890934, 9211.079184181237, 9031.728821700963, 8860.950585673389, 8510.503985209143, 9330.746098482305, 9257.622783708064, 8804.211912415103, 9008.713106016676, 8922.753085987797, 9236.22343802806, 8655.8106616508, 9000.180869959833, 9199.69458601773, 8976.371727503894, 8971.356562053836, 8906.623115431406, 8905.182245944245, 9413.377296720797, 9217.372161401945, 9301.40868204205, 9157.54204948642, 9427.94228845729]
fps.ltu:[269.62653017896554, 305.4622798581425, 311.7284499032583, 294.5797287775395, 285.3083770165727, 271.6088724524113, 250.6314676132508, 304.02628787340024, 300.3443925691842, 268.77276049832267, 283.2551253471624, 277.7680266265642, 297.98237203867114, 260.7559804004342, 284.0809562195441, 294.60638694927206, 283.4564534924169, 280.85452436362203, 278.8643448969679, 278.07467015948686, 311.0755146456314, 297.095505839388, 301.4379717524856, 293.3149851488238, 312.94080401630885]
fps.c2:[1.527720771311464, 1.7848953609064633, 1.1323985473837255, 0.9941479365745598, 2.8101420900896064, 1.0165970596818832, 2.004750945222983, 1.6906442768823526, 1.3796039676237521, 0.8751628318797336, 1.389859561843975, 2.5540381362715525, 2.5752365677068982, 2.416978584612486, 1.3078094016142394, 1.1307681934085647, 2.0565223397823185, 1.49028209082214, 1.6175251482966646, 1.2002686446762527, 2.2712608199036803, 1.6991317653691622, 1.7523162732052429, 1.0589993207680988, 2.376203712309817]
FC:[[3.8057981237188008, 3.7991123707321224, 3.8294232584238714, 3.8531640915112946, 3.8893751967732118, 3.9282475347033383], [3.8374807912853046, 3.8421361313762956, 3.874200740556167, 3.896827223754119, 3.937955373475005, 3.976429075299739], [3.963720455008351, 3.9769299183327904, 4.01504679941058, 4.042969730133957, 4.077867883382678, 4.116626985471707]]
FCE:[[0.030466813917350087, 0.017699285237654013, 0.01150070314130485, 0.008952817564083664, 0.007552964069352236, 0.006524521408214828], [0.023510442210979365, 0.01364608786405696, 0.008823762586613776, 0.0068868818487561574, 0.005704005316629794, 0.005059139490336825], [0.020089289808356527, 0.011273552102266169, 0.00728167365869217, 0.005710976897831364, 0.004850217436716207, 0.004311328757315408]]
