Ri:[100, 130, 160]
Zi:[50, 100, 200, 300, 400, 500]
fps.ts:[1695.9399000024796, 5087.819700007439, 8479.699500012397, 11871.579300017358, 15263.459100022315, 18655.338900027273, 22047.218700032237, 25439.098500037195, 28830.978300042152, 32222.85810004711, 35614.737900052074, 39006.61770005703, 42398.49750006199, 45790.377300066946, 49182.25710007191, 52574.13690007687, 55966.016700081826, 59357.89650008678, 62749.77630009175, 66141.6561000967, 69533.53590010166, 72925.41570010662, 76317.29550011159, 79709.17530011653, 83101.0551001215]
fps.e0:[10776.214977956906, 10803.792519680475, 10774.211040081376, 10763.090550624376, 10781.438263630525, 10810.289171226072, 10790.445508008368, 10775.594845939244, 10763.515013036187, 10800.306099624828, 10787.599630339979, 10805.094318314093, 10799.190868540958, 10790.877304027532, 10780.711391526842, 10806.153096756303, 10779.43475105811, 10795.315445229791, 10781.931667640336, 10817.477496072655, 10800.312082376893, 10804.750428123174, 10813.645570791954, 10782.88183856687, 10795.776738434623]
fps.e0u:[14.938299487896757, 14.840586346815776, 14.744115554778189, 14.686950883661236, 14.69772912184148, 14.719947652697764, 14.765791653403069, 14.964443573851963, 14.702624316438412, 14.806622987157109, 14.874400303126675, 14.913113057144612, 14.535799482352035, 14.887543572665093, 14.889698776935441, 14.95673547698034, 15.079516679386074, 15.001891158281074, 14.64411565654452, 14.814018218317708, 14.767304074077565, 15.22209055839418, 14.85654675230494, 15.01591548287362, 14.884187387592439]
fps.lt:[11167.405366364734, 10338.80832522444, 11634.299798303728, 12527.329794201178, 11839.799963628271, 10732.001568713224, 10911.770582052512, 11329.630610061131, 12710.532883620566, 10927.27034352019, 11671.277468554044, 11228.890296355183, 11508.671621838132, 11694.368901497004, 12399.376973265813, 11101.748703031617, 12019.107653228795, 11873.96621179848, 12065.517646646196, 11352.581108606873, 12006.892168214894, 11766.307062486863, 11184.81380753807, 12382.692794722188, 11929.373999230918]
fps.ltu:[520.5688581088431, 443.1861899115143, 554.1731660882226, 641.1057036073158, 572.5996036656896, 469.5217166669858, 486.92709907853606, 534.3497472528916, 666.165455561427, 493.1413618786665, 563.3647934697652, 524.5747314982245, 536.1193952799185, 564.545126476092, 639.5049471995279, 512.7889073776773, 606.0183833319095, 586.9558876657387, 594.1268331488544, 529.344878296273, 591.2356881863002, 583.5400763380532, 518.5938419674576, 642.0274378061274, 586.4666669843634]
fps.c2:[1.2283375487627948, 0.7776940680467129, 0.9392550419374704, 0.9586017284952393, 1.472928748558328, 1.209837114037263, 1.4820604178776076, 1.5985077750289585, 0.37594989944502494, 1.5204453768417872, 1.34156074133031, 0.6754045989648104, 1.12801712274758, 1.8512315813007272, 0.8581301711770621, 1.8774298899939992, 0.8608988916874236, 0.7916093288250508, 2.234181609926213, 1.2610840584434442, 0.9868812368302178, 1.5552299964220309, 1.0944005485911876, 1.5707574010648184, 1.4361255302579083]
FC:[[3.900433013794616, 3.915989729420158, 3.917723550413699, 3.9186020000016173, 3.9348115765729763, 3.9652669464102046], [3.9498257319426275, 3.9403466550678643, 3.9529555923659463, 3.9654006847077863, 3.9856765889213093, 4.018216451313366], [4.04983208938888, 4.0585043892121035, 4.083341403282319, 4.096189302200973, 4.121733050395075, 4.151062558009357]]
FCE:[[0.03384927861809385, 0.021131450084051887, 0.013849477726014005, 0.010780383166339317, 0.009100531876761667, 0.008040767156817789], [0.02665801483049181, 0.016306697336804014, 0.010668608283241687, 0.00835143305611748, 0.007082785787764062, 0.006272676418043283], [0.022070988575066283, 0.013820495553459114, 0.00904446142886448, 0.007094420680771786, 0.0059005050323326855, 0.00509606599474328]]
