Ri:[50, 100, 150, 200]
Zi:[100, 200, 300, 400, 510]
FC:[[3.9821297352025535, 3.9581792801968265, 3.935888544856105, 3.9559868234741313, 3.9769552670432184], [3.931572839619775, 3.9236370052354252, 3.9284184143227434, 3.945771910681947, 3.9722034494150127], [4.0288302212027824, 4.039423588421811, 4.051959165305125, 4.07476617274181, 4.102833494015333], [4.64484095262078, 4.681109237705731, 4.704806793297924, 4.731523280336293, 4.748474970469551]]
FCE:[[0.043245967715964485, 0.028925283902648133, 0.02288700786947816, 0.019480683736709213, 0.01698625077520363], [0.020884773335656973, 0.01414879325806139, 0.011339478750584182, 0.009677605746418575, 0.008474791451335117], [0.013970270944084033, 0.00946767171040983, 0.007596605197003063, 0.006511393432897164, 0.005711443935617848], [0.013017342111456127, 0.008796103955924355, 0.007085277417848262, 0.006076805043932815, 0.005313501238556659]]
fps.ts:[1593271280.20092, 1593274743.90276, 1593278207.6046002, 1593281671.30644, 1593285135.0082803, 1593288598.7101202, 1593292062.4119601, 1593295526.1138003, 1593298989.8156402, 1593302453.5174804, 1593305917.2193203, 1593309380.9211602, 1593312844.6230001, 1593316308.3248403, 1593319772.0266802, 1593323235.7285204, 1593326699.4303603, 1593330163.1322002, 1593333626.8340402, 1593337090.5358803, 1593340554.2377205, 1593344017.9395604, 1593347481.6414003, 1593350945.3432403, 1593354409.0450804]
fps.e0:[10593.859495057059, 10549.837879286077, 10543.813228885052, 10588.213857739871, 10565.905257345532, 10603.585026866462, 10595.628734652371, 10582.057852480768, 10542.182487479844, 10558.46996090273, 10542.905094992377, 10559.31013149849, 10556.03833711247, 10555.838506176155, 10596.988476195978, 10555.633752924206, 10559.2744945564, 10574.509675700901, 10574.766084156043, 10552.369377435401, 10549.612238782278, 10542.60470876253, 10545.4128249435, 10574.96550546347, 10563.286947237319]
fps.e0u:[18.22143884373774, 18.221542304332022, 18.439923361375026, 18.210416902323345, 18.516529643162716, 18.387026827374623, 18.381493358416105, 18.611578015011023, 18.64493909790477, 18.521404625702473, 18.270852536002373, 18.578253835318453, 18.7139958848915, 18.462353022128436, 18.70132876519928, 18.492692209996136, 18.499183893778554, 18.502111426737226, 18.42286899516241, 18.586559026993992, 18.707237342234937, 18.318444432758643, 18.397839505512145, 18.340070720305327, 18.430491308482168]
fps.lt:[17396.816124990208, 24361.935738662465, 24301.017764369117, 20010.994356821615, 21646.328147487005, 17721.244622987422, 18960.88838010929, 20016.842676749995, 23680.898886976764, 22094.64484729405, 24691.411017239072, 22827.151435259144, 22094.80531770473, 22403.502561964393, 18849.82299933776, 21757.961697402137, 23666.773264440784, 19998.4618735411, 22722.873415368722, 22923.86826221551, 26226.566182229213, 28189.84263471574, 25533.759013589333, 20899.070681034475, 21448.318748231024]
fps.ltu:[1547.701095829614, 3019.6662189587687, 3065.096668859476, 2050.333162581136, 2423.5787316599017, 1616.0961049993482, 1857.4640868435122, 2089.466138031362, 2897.6532377292156, 2514.7386799748506, 3122.380286506214, 2689.3592984271577, 2556.933646150269, 2591.495688933427, 1861.1750787693545, 2466.0250881590578, 2895.272796967196, 2072.826761851767, 2676.933019300824, 2726.892561493718, 3589.5507008705868, 4065.4372661545303, 3348.0459635938137, 2230.1791576974756, 2365.0327669858893]
fps.c2:[1.587291281527222, 1.9768002019384003, 1.1505940611017282, 1.4818473631387326, 1.8528383168609328, 2.5882168011006286, 1.65789443688417, 1.1502298492298444, 1.3486254747898778, 2.079771255557042, 1.7366093903152413, 2.069580568829711, 2.3920451798748568, 0.8454298798923279, 0.563731402667958, 0.6226450906653849, 1.2878838084729034, 0.9300276798429259, 1.0370632569509004, 1.739971963786996, 2.2633277807640884, 1.5392351583749089, 1.412005574571115, 0.965085905430664, 1.5381886482920588]
