Ri:[100, 130, 160]
Zi:[50, 100, 200, 300, 400, 500]
fps.ts:[591.1157800006866, 1773.3473400020598, 2955.578900003433, 4137.810460004806, 5320.04202000618, 6502.273580007553, 7684.505140008926, 8866.7367000103, 10048.968260011672, 11231.199820013047, 12413.43138001442, 13595.662940015793, 14777.894500017166, 15960.126060018538, 17142.357620019913, 18324.589180021285, 19506.82074002266, 20689.052300024032, 21871.283860025404, 23053.51542002678, 24235.746980028154, 25417.978540029526, 26600.210100030898, 27782.441660032273, 28964.673220033645]
fps.e0:[7956.402701455247, 8056.427397394119, 8222.434480351823, 8363.566877469728, 8487.253239249234, 8572.281384979638, 8687.756062294686, 8791.304146402466, 8851.94002122566, 8857.395590387228, 8962.957534399553, 9010.630575044963, 9129.981524708544, 9156.048433408852, 9206.113446334639, 9258.474220105854, 9341.05613132648, 9379.09740472958, 9391.579453050272, 9418.17892736752, 9477.815876355975, 9422.499359343828, 9520.21504043353, 9550.1142129624, 9581.22562415671]
fps.e0u:[29.584484887238546, 28.875660068156396, 29.496899160310925, 28.77381853043533, 28.711699676627706, 29.38584420321383, 28.7795421990918, 27.824830156163916, 27.900572905103292, 27.683731454679084, 27.884328889327307, 28.050442754413034, 28.145826759115923, 27.207407077497948, 27.22613531000941, 27.95861724348018, 27.011619819546237, 27.76868922600379, 27.82782257946219, 28.371834074229024, 28.3963006925105, 27.635948944306403, 27.05081513545732, 27.86625372674676, 27.07624918821656]
fps.lt:[6938.658824648219, 8683.96007187311, 9128.684241067638, 9090.715249498888, 8876.749395534272, 9111.471652219341, 8609.785023320335, 8542.221735132493, 9149.965618820781, 10013.5530834348, 8856.257016567302, 11014.004810609487, 8534.716162778872, 9318.185250294491, 9478.954051315546, 9829.581222041083, 8576.202578407152, 8379.099591596505, 9005.037754581654, 9250.30984245056, 9173.060282163186, 12824.953518916102, 10549.414145198993, 9851.615655068943, 11817.536775050265]
fps.ltu:[500.0582136713369, 758.8264225661669, 851.0107928940002, 813.3329051320268, 774.968080055226, 826.1788257482959, 720.5933889557042, 680.4352054396261, 769.2311536519746, 918.7481975965107, 725.194101009935, 1086.6233363614162, 650.3620188944125, 757.1388165961466, 779.2856231261233, 851.4522505649522, 632.8446754264234, 618.2807258777792, 713.0167939349101, 750.6632456491044, 737.886341772064, 1413.4706543578015, 934.7988359773387, 836.3778172584614, 1143.338874047195]
fps.c2:[1.3690438901077824, 1.537242503109577, 0.34777752281801383, 1.3722294712970102, 0.3034886551034137, 0.6584712076993655, 1.869529746699966, 1.2740079504280177, 0.6931117627732805, 0.477141502861224, 1.2674417782365817, 1.4434734279517505, 1.1495919498533893, 0.6297383414772336, 0.8514802651736777, 1.0051961342670228, 0.8814186949582301, 0.5201984633304333, 1.0307575140873029, 0.5753446023371658, 0.7689271300596526, 0.5640078785439017, 0.8070313966484093, 1.2123164106280346, 1.3016363169919707]
FC:[[13.647598341344214, 13.023099622338444, 12.772583005325444, 13.060305354846633, 13.046576895460973, 13.276785702715333], [16.239225739180824, 14.76091268103288, 15.160303551384555, 15.16162882499956, 15.152999475770942, 15.300724405061331], [18.26231257157432, 18.025417710659873, 18.408394549155222, 18.493671986009762, 18.548424653325743, 18.50521551602105]]
FCE:[[0.5901905654753556, 0.27997654197662364, 0.16451574228819613, 0.13193865519496115, 0.10573214391649062, 0.09494688914041095], [0.7548151054745386, 0.32762129933780776, 0.21956586375447953, 0.16437517265822368, 0.1334401439779414, 0.11747748482572941], [0.9367334636082304, 0.5389067903430561, 0.35308292009040315, 0.2708131623107355, 0.22360971871497737, 0.19113856636346604]]
