Ri:[50, 100, 150, 200]
Zi:[100, 200, 300, 400, 510]
FC:[[3.8670081363957562, 3.901865179565915, 3.903832567100557, 3.928963867927731, 3.9542058675891223], [3.9019036166773287, 3.9404592729241217, 3.958316081362408, 3.9836886872164197, 4.0040159109070235], [4.036843082623089, 4.0594540468977485, 4.084048958131123, 4.112930666424793, 4.13375034831057], [4.33413965188443, 4.374283903339491, 4.418100448755396, 4.458304056243222, 4.486923577915176]]
FCE:[[0.028055674163441863, 0.019592634942289636, 0.015958334413589983, 0.013921865984957848, 0.012447765574252782], [0.01415934156771347, 0.009726522306103973, 0.007877811521390582, 0.006832757117224754, 0.006064500777567103], [0.009917566068366896, 0.006780975497284173, 0.005498931811967042, 0.0047706816997797824, 0.004232565719172972], [0.008576431954668576, 0.005864276380979142, 0.004764542165186224, 0.004133119101403267, 0.003672007493681755]]
fps.ts:[1612471143.04752, 1612474663.52856, 1612478184.0096, 1612481704.49064, 1612485224.97168, 1612488745.45272, 1612492265.93376, 1612495786.4148, 1612499306.89584, 1612502827.37688, 1612506347.85792, 1612509868.33896, 1612513388.8200002, 1612516909.3010402, 1612520429.7820802, 1612523950.2631202, 1612527470.7441602, 1612530991.2252002, 1612534511.7062402, 1612538032.1872802, 1612541552.6683202, 1612545073.1493602, 1612548593.6304002, 1612552114.1114402, 1612555634.5924802]
fps.e0:[10807.721088318343, 10796.875383201126, 10800.649915717857, 10821.96067098166, 10817.625449626465, 10810.73739715948, 10815.043246135841, 10818.645997271464, 10791.14100606449, 10807.517547174673, 10821.950861116195, 10822.097381486916, 10814.255084187138, 10813.510084817168, 10825.78739579093, 10834.039575919784, 10823.093339359797, 10846.848688517512, 10830.53546558056, 10809.549282315249, 10832.455140059557, 10864.261951164346, 10857.790732632799, 10834.284651032225, 10826.690074960585]
fps.e0u:[14.395466987434546, 14.328201312738948, 14.216551441693548, 14.431593653889236, 14.304814690136109, 14.177109421568202, 14.332203431214644, 14.297698158889775, 14.695308562854368, 14.413929588383624, 14.383096750897119, 14.454225860914352, 14.36781198262222, 14.496965541709901, 14.502670234865116, 14.360561778464282, 14.638005216199272, 14.536219085154544, 14.55365448650371, 14.607582084878535, 14.403522435478203, 14.543265645910424, 14.550591239900696, 14.686790356000717, 14.785365110217995]
fps.lt:[15421.079778400917, 17326.990456549174, 15701.103980438455, 15119.79146400164, 15587.211268609088, 15974.840092983626, 15049.561483422633, 14766.997571847667, 16797.751308334853, 16041.129812626306, 15934.692522445785, 16656.0483167962, 15873.226461398253, 16085.281082198146, 15469.54969265393, 15344.709558516322, 15319.164421449435, 14680.801607573601, 15797.645931675865, 16370.095436188154, 15570.454616827736, 13846.323286467668, 14264.884883746088, 15449.132425078833, 16080.813501785813]
fps.ltu:[963.178037430936, 1212.825810256763, 993.3637207430708, 930.7697298106401, 980.5309352518972, 1026.810027583051, 917.7400701350228, 884.6398333463811, 1167.0365547117262, 1056.1297949283062, 1030.3247509296964, 1131.0423743219947, 1022.3592846892516, 1058.2237252487848, 980.5335726382009, 957.5022288018837, 969.5021012781589, 884.4911544796875, 1026.4694719245097, 1105.920655836547, 987.9880453276908, 788.1546529127909, 835.0210913368581, 988.4219351495052, 1081.8676260340644]
fps.c2:[1.1754742069405528, 0.5610261616205444, 0.9232136517400297, 1.470769219548635, 0.8960961583424544, 1.554165506183608, 2.3386493819683674, 1.5426388930058188, 1.7074853599572462, 1.182220817193681, 0.324876757004989, 2.8914739003144367, 1.3119468007239825, 1.7696397406154736, 1.2540962639892863, 1.784229155049584, 0.6283087094918632, 0.8910381990351863, 0.9861896423998892, 0.6228638884281232, 1.251929409545788, 1.3380859904448796, 1.2800096539221058, 2.5749642200069585, 2.2663329285105207]
