Ri:[100, 130, 160]
Zi:[50, 100, 200, 300, 400, 500]
fps.ts:[1729.4765799999236, 5188.42973999977, 8647.382899999619, 12106.336059999465, 15565.289219999313, 19024.24237999916, 22483.195539999004, 25942.148699998856, 29401.1018599987, 32860.05501999855, 36319.0081799984, 39777.96133999824, 43236.91449999809, 46695.86765999794, 50154.82081999778, 53613.77397999763, 57072.72713999748, 60531.68029999733, 63990.633459997174, 67449.58661999702, 70908.53977999688, 74367.49293999671, 77826.44609999657, 81285.3992599964, 84744.35241999626]
fps.e0:[10786.642976196936, 10784.897032141902, 10808.500401796473, 10815.871674350296, 10795.193422869563, 10820.167745378401, 10799.954113544696, 10806.758466681455, 10819.882052247905, 10831.058626284032, 10773.736955330718, 10826.36708840166, 10813.24016326832, 10798.807137063248, 10802.341050550991, 10796.867076046008, 10831.512907442406, 10805.658769656282, 10787.723055535973, 10836.53192366622, 10798.124269526708, 10784.812669962688, 10806.507483597721, 10776.560226999582, 10835.054379924126]
fps.e0u:[16.693430661175622, 16.886603651113546, 17.045198295475647, 16.70871755825901, 16.47946945134241, 17.02765401414034, 17.099447916354006, 16.76701951606215, 17.15433834615761, 17.05972291915332, 16.941329736056847, 16.87749950441984, 16.86131710653543, 16.924846638982377, 16.867407722551015, 16.708915073825803, 16.609591204955837, 16.93638995744916, 16.985553702932886, 16.776193154143773, 17.063493120950024, 16.62483749537832, 17.212038287035536, 17.115902228002252, 16.952546613978214]
fps.lt:[11017.688008612226, 11074.813237195856, 10527.811453748043, 10311.977441529783, 11669.92342001479, 10284.99505255296, 10391.204588505112, 10596.116976476782, 10072.084568556751, 10155.273927049137, 11808.396809257369, 10173.695371043532, 10452.679647987981, 10982.839629217671, 10865.534786740605, 10772.537917192038, 9847.259131609926, 10750.810075432142, 11078.397794619266, 10162.414682214145, 11120.979562674327, 11704.27189553321, 11081.078421322525, 11415.375279043363, 10120.129701640748]
fps.ltu:[562.4617230101638, 575.0427223816855, 519.010305661756, 491.79142717658937, 625.2659889830708, 494.24807111140706, 510.5952499952698, 523.2625135742614, 477.4570973197702, 487.03901949598793, 655.6289080299307, 482.9515057677665, 509.6573903526457, 565.9202251679305, 549.2858307174956, 534.9857004798507, 448.38492274179816, 542.960111078114, 575.7821198802493, 478.8214883866025, 583.8761985539204, 634.4188908224194, 577.310317570915, 613.8626315528277, 480.2664569219886]
fps.c2:[1.5058618966836184, 1.7203386369956695, 1.0754488798109585, 1.1006478011279814, 1.1734011189827862, 0.9317697288433237, 0.9363034095939786, 1.4442188760489656, 1.6523357192102337, 1.339488249470414, 1.2717069226475828, 1.6701601062435087, 0.7541277328971205, 1.4399365921752247, 0.8795713487629621, 1.4843246324395294, 1.0030548972223357, 1.2473278826053371, 0.8909996126579998, 2.3712324057949594, 0.896850582301352, 0.7615215518830737, 0.7802302648797904, 1.304536270140411, 1.397912540938289]
FC:[[3.759898691290987, 3.772358349413591, 3.842478827871778, 3.8667287859244284, 3.896034086219351, 3.9234716660505877], [3.7875311222065102, 3.833139276384062, 3.8806186043083337, 3.9085939381304207, 3.9407539556007287, 3.975122193315591], [3.919889943236016, 3.9780138434702663, 4.015149295271236, 4.042445215929273, 4.075596049256383, 4.109530700391948]]
FCE:[[0.039159173384587714, 0.023791536600039173, 0.015444872055463995, 0.012087965214187604, 0.010186061929435806, 0.008947645430021833], [0.030084706265576605, 0.018100767456576176, 0.011881445826161763, 0.009337887764841754, 0.007914198865964674, 0.006994942666025212], [0.025859333378124526, 0.015131360378095107, 0.009852998122915492, 0.007755483479002666, 0.006591571250162798, 0.005836674452240423]]
