Ri:[50, 100, 150, 200]
Zi:[100, 200, 300, 400, 510]
FC:[[3.968181526359291, 4.00912737839087, 4.007562291725346, 4.017891309840389, 4.047679985772713], [3.9922588258287908, 4.018776160311681, 4.024638008771293, 4.041948376830701, 4.068135827337851], [4.13012938509468, 4.138687413084179, 4.156785908993896, 4.182887337942137, 4.2085316255141185], [4.758452726299253, 4.783310097817835, 4.809546396358224, 4.837134353995476, 4.853492838935107]]
FCE:[[0.032988873158762005, 0.022689782636816792, 0.018314888340203242, 0.01590069941734194, 0.014096847967852755], [0.016888453803373383, 0.011461953278704497, 0.009252907090353141, 0.007988039629977028, 0.0070685594936821024], [0.011916175724403148, 0.008028802995809462, 0.006484761172584934, 0.005600471196352264, 0.004958216481877772], [0.01072985059874609, 0.007286940120932411, 0.005890926109753602, 0.005086865756288654, 0.004497486322979947]]
fps.ts:[1613650832.26568, 1613654284.39104, 1613657736.5164, 1613661188.64176, 1613664640.7671201, 1613668092.8924801, 1613671545.0178401, 1613674997.1432002, 1613678449.2685602, 1613681901.3939202, 1613685353.5192802, 1613688805.6446402, 1613692257.7700002, 1613695709.8953602, 1613699162.0207202, 1613702614.1460803, 1613706066.2714403, 1613709518.3968003, 1613712970.5221603, 1613716422.6475203, 1613719874.7728803, 1613723326.8982403, 1613726779.0236003, 1613730231.1489604, 1613733683.2743204]
fps.e0:[10725.25429452523, 10738.721775327946, 10748.828117526755, 10710.144181055302, 10736.88623828223, 10715.771513871969, 10737.801094116281, 10722.482321657444, 10738.761549468232, 10733.37693353523, 10738.580929917465, 10751.665112957937, 10727.546482161906, 10735.97136997182, 10711.105597910444, 10757.823743410378, 10732.652932407449, 10743.443263405887, 10752.147542448562, 10730.59064542022, 10774.444954718205, 10712.489992142395, 10726.825608787429, 10746.63883829559, 10723.759162442819]
fps.e0u:[15.923979851522706, 16.045259292910792, 15.864016595627968, 15.923904832513823, 15.745153718114059, 15.916301912744652, 15.908904725868812, 16.02633209481615, 15.867037820718778, 16.001838057635535, 16.019050998575455, 15.961538727884898, 15.80482339985682, 16.041582595328997, 15.89335688016581, 16.011590577561183, 16.074649795446252, 15.956618956155678, 15.880699130456476, 15.964933401279003, 15.855786954237702, 16.079695730251817, 15.909284752985128, 15.830287678359968, 15.905800459329699]
fps.lt:[18023.065461773553, 17324.178470658208, 16529.97439087923, 20340.878461938697, 17956.445283035653, 19295.818842242476, 17793.013005911176, 18996.653339990033, 17481.103763206687, 17001.609887598137, 17748.85475325542, 16289.760741696346, 18822.353067648655, 17581.919699001966, 19713.841812128154, 16465.674230952274, 19665.88576144147, 17191.629942578504, 17275.882830376177, 17352.953490319323, 16567.359098682038, 20197.961245887236, 18350.403597158424, 16944.23804770264, 18440.183804618187]
fps.ltu:[1454.8154573106149, 1352.2631120266456, 1218.45955207236, 1850.7526227831154, 1428.8466020043663, 1657.4047009000058, 1410.3228465674476, 1625.9830804129729, 1362.2395786409882, 1303.94191747774, 1416.9940241248898, 1186.1837282224817, 1567.5042210039733, 1390.9081099839646, 1741.316586292334, 1211.4871195680937, 1744.2749699049273, 1323.2758689786774, 1316.6108019457577, 1355.9271129142203, 1218.7005854941565, 1840.3025695303152, 1505.4947877938625, 1274.2107953752416, 1534.9309705575665]
fps.c2:[1.1998816213928178, 1.416248765827922, 0.8350419182481634, 1.0376442225558928, 1.8648501641819926, 1.7892744687225552, 1.3724228075688027, 1.1338155724180945, 1.7392035209607182, 1.3614341911479566, 0.7688902134178359, 1.4462858466079334, 1.2053454468340152, 1.786730744441422, 0.8811258251446417, 1.2683218400264684, 0.9510978462901414, 1.4595662400743796, 1.1923539536116647, 1.0176244983421696, 1.8488406251918745, 1.4622945504026974, 1.6880299942761237, 0.9231500256074138, 0.9420307577569944]
