Ri:[100, 130, 160]
Zi:[50, 100, 200, 300, 400, 500]
fps.ts:[1085.1165000009537, 3255.349500002861, 5425.582500004768, 7595.815500006676, 9766.048500008583, 11936.28150001049, 14106.5145000124, 16276.747500014306, 18446.980500016212, 20617.21350001812, 22787.44650002003, 24957.679500021935, 27127.912500023842, 29298.14550002575, 31468.37850002766, 33638.61150002957, 35808.84450003147, 37979.07750003338, 40149.31050003528, 42319.543500037194, 44489.7765000391, 46660.00950004101, 48830.24250004292, 51000.47550004482, 53170.708500046734]
fps.e0:[10058.78637817882, 10073.2275590559, 10075.753196010637, 10048.33483276679, 10047.460146532529, 10080.315895162952, 10051.7065866829, 10080.277463780407, 10050.393361630408, 10064.182501904428, 10079.281505560482, 10087.515042711246, 10071.369450304603, 10063.912806493468, 10097.409087547956, 10043.27713368429, 10056.90146636655, 10077.055413358165, 10084.323696988833, 10070.86572957861, 10081.437014520052, 10079.730525134984, 10028.020187205175, 10051.216303065228, 10124.993197594506]
fps.e0u:[17.055917012063546, 17.03505851581906, 17.02507583868517, 17.16793610845348, 17.017991638196538, 17.013295287137755, 16.88296472011385, 17.049997046343222, 17.02495755039597, 17.295860324734253, 17.36143101867306, 17.203332664670953, 17.145178106046906, 17.169027331462004, 16.935496337383743, 17.169161386768483, 17.265804071407093, 17.02821020610572, 16.91099668448179, 17.364969664071864, 17.17598445754793, 17.071206031478816, 16.897497043156818, 17.258851539832037, 18.66751960340124]
fps.lt:[4851.663714775967, 4602.293821410352, 4585.843978420303, 4798.1647458402385, 4792.648766557594, 4569.892654078605, 4756.148564570828, 4598.547083167834, 4674.217064542889, 4599.952021862061, 4606.067054181277, 4515.637881049237, 4661.71059512095, 4593.231026635397, 4535.5260647875475, 4886.115425536763, 4779.165369334059, 4697.974359229299, 4593.150856060998, 4730.217115443253, 4678.1914510216675, 4691.208866582817, 5002.703567291143, 4988.7665482422, 4500.202790463008]
fps.ltu:[120.33251212004103, 107.23933104518267, 107.4296340078827, 117.2835001967918, 116.29527058387, 105.80519437619188, 114.44307745738526, 106.37484737216012, 110.9241039593519, 108.41675689589607, 109.3632630574728, 104.51386824753114, 111.94592243747313, 108.33039465930946, 104.01314171023267, 122.0765133094898, 117.43419740359968, 111.96815945483144, 106.16700830954584, 115.37758226523286, 111.48695841064036, 112.4567049162599, 126.40960920070818, 127.81081720513531, 112.0838349687128]
fps.c2:[2.1084006297837163, 1.612392307413481, 1.4206552124542495, 0.7059486795526689, 1.2297660674037871, 1.1011805086931181, 2.424855845291776, 1.768174222772173, 1.332739272891982, 2.7289739619940905, 1.924744173930769, 1.142441023683396, 0.9725807420745567, 1.1736969469327758, 1.1081618907474895, 0.6885661025571068, 3.4021354872540908, 1.889307675909617, 1.5319447349955397, 1.4146636561218986, 2.0791108339231004, 1.14239004453204, 1.311901780814168, 1.3153976833051726, 1.7146045330015924]
FC:[[3.7681990227505575, 3.8539978625509965, 3.9615001566724737, 4.022712270026535, 4.078488601606571, 4.134346060306852], [3.8372056771399237, 3.9375466642400703, 4.016546559979691, 4.0729479836848945, 4.13367843173383, 4.19144476284867], [4.022316834095738, 4.082192154634911, 4.145301414597271, 4.208617303397334, 4.275842377030479, 4.3307785667137315]]
FCE:[[0.05304613286174406, 0.02742689266909831, 0.016177251339756712, 0.012672181767381855, 0.010721069104207141, 0.009521055348981207], [0.041887091345175834, 0.02083544269580681, 0.012570684856943187, 0.009805522201990729, 0.008332078794906399, 0.007426346806633384], [0.03636039070333434, 0.017805570203128236, 0.010606077312530179, 0.008304269051243941, 0.006954197584140444, 0.006197705421821935]]
