Ri:[100, 130, 160]
Zi:[50, 100, 200, 300, 400, 500]
fps.ts:[1730.070419998169, 5190.211259994507, 8650.352099990845, 12110.492939987183, 15570.63377998352, 19030.774619979857, 22490.915459976197, 25951.056299972537, 29411.19713996887, 32871.33797996521, 36331.47881996155, 39791.61965995788, 43251.76049995422, 46711.901339950564, 50172.042179946904, 53632.18301994324, 57092.32385993958, 60552.46469993591, 64012.60553993225, 67472.74637992859, 70932.88721992493, 74393.02805992127, 77853.1688999176, 81313.30973991394, 84773.45057991028]
fps.e0:[10912.138028894098, 10900.109130735173, 10872.808782946764, 10872.347915673912, 10855.614616465273, 10876.662276465782, 10856.699705756719, 10908.795274554119, 10858.291918655057, 10843.572225850448, 10904.81227887786, 10867.78890555117, 10884.148823216381, 10887.474097699576, 10899.562314526926, 10883.298088714293, 10900.498640162794, 10875.639334198586, 10890.802609052711, 10886.728506701586, 10863.580300964219, 10876.598848159185, 10887.977665649707, 10833.321855413074, 10861.634547155627]
fps.e0u:[15.342389384964122, 15.433906594078286, 15.661482636444768, 15.466637077872678, 15.54512952136714, 15.51735966686366, 15.580026746548477, 15.484701592088681, 15.30070910648999, 15.54517631232819, 15.560797011726695, 15.631013245769052, 15.602136626511683, 15.629464037930745, 15.347545234849072, 15.487125852602789, 15.722094213604285, 15.674821544455737, 15.727922887611692, 15.741857902184217, 15.698085152580976, 15.730396866295528, 15.43113476647691, 15.66238592572635, 15.507745359812073]
fps.lt:[10710.492033250537, 10976.459018986941, 11374.187612772375, 12361.28938644441, 12128.049740503016, 11546.391195801474, 12627.559911594784, 10640.561805840105, 12229.165635337948, 13275.631034570604, 11139.277366181686, 12184.052271778097, 11360.545043454991, 11560.792609127471, 10746.460998835933, 11655.168356754393, 11392.867003152394, 12308.618842361739, 11336.174381011166, 11127.628296053028, 12312.56393679547, 11983.43020031633, 11768.630752371992, 13538.060658399492, 12420.977321051889]
fps.ltu:[490.9444186405206, 515.8344953148745, 556.785338468857, 654.9372219812275, 639.0339290192818, 574.3954744829032, 687.9148554781924, 486.0920664412112, 634.1426753907768, 750.9287896852285, 535.4315890406467, 641.7174625309409, 555.5497833387153, 579.9588065930981, 494.4781990925342, 584.4444524151974, 561.2034369439065, 657.5782892447705, 557.2597772781082, 540.1306840733008, 654.8440174755874, 626.1053388871221, 592.579819658974, 793.0696887881544, 663.4397174612508]
fps.c2:[1.2278821076817006, 1.321329502277464, 1.1888854567290594, 1.7695405149800716, 0.6004508131177915, 1.107719709566676, 1.4207437743363382, 1.0114847966998972, 0.9608265956130733, 1.805604273601775, 1.4645683140207677, 1.467782501081515, 1.7725420560004397, 0.7198200497554097, 1.3295500147603954, 1.32018824508906, 1.3409158909463759, 2.2192512661849357, 0.6170718948353809, 1.2560142610571672, 2.0484598973750696, 1.3109581968181674, 1.2849771679399766, 1.6138814657802516, 1.8256665323657328]
FC:[[3.8539502977019193, 3.8698538490188037, 3.8780186344514513, 3.896035394756364, 3.9277957349822783, 3.9521203816032067], [3.868186595463199, 3.911941094820764, 3.9427729408141166, 3.96032323882222, 3.9882939893350486, 4.011702252424781], [3.994657872386034, 4.024450249932923, 4.062513902892513, 4.082640496907126, 4.113431772607858, 4.1392214243803425]]
FCE:[[0.0350409356770276, 0.021509496178217603, 0.014230570859843283, 0.011207564111253714, 0.009526868784278312, 0.008391708451676201], [0.02691643421113992, 0.01661309810549942, 0.011067621952073921, 0.008731969565774008, 0.007245884817723582, 0.006392060007572275], [0.02310287631862353, 0.013728909557057871, 0.009137658436628828, 0.007219025623063458, 0.006154795870633994, 0.005449364303942138]]
