Ri:[100, 130, 160]
Zi:[50, 100, 200, 300, 400, 500]
fps.ts:[1124.966139998436, 3374.8984199953074, 5624.830699992179, 7874.762979989051, 10124.695259985923, 12374.627539982794, 14624.559819979666, 16874.492099976538, 19124.42437997341, 21374.356659970283, 23624.288939967155, 25874.221219964027, 28124.153499960896, 30374.085779957768, 32624.01805995464, 34873.95033995151, 37123.88261994839, 39373.81489994525, 41623.74717994213, 43873.679459939, 46123.61173993588, 48373.54401993274, 50623.47629992962, 52873.40857992649, 55123.34085992336]
fps.e0:[10424.278905620182, 10362.583086764094, 10451.014152672265, 10444.595265846494, 10453.607045217634, 10466.621679497062, 10459.05735073778, 10510.120975451604, 10505.979848948917, 10469.173596846844, 10470.32815870899, 10485.615434925823, 10543.981116868328, 10539.040414917548, 10578.478946520403, 10570.442527186498, 10530.03861078756, 10545.834699014807, 10566.507658089242, 10570.925004605437, 10590.168300370462, 10577.433248043897, 10563.719178489853, 10618.329485883585, 10606.644626316645]
fps.e0u:[21.67580089724623, 21.874383654454764, 21.233501197939454, 21.491271839237694, 21.330826585926513, 21.529849678854514, 21.76645353012974, 21.69130287733849, 21.26052854728037, 21.6659253806925, 21.56514616176215, 21.523380810985827, 21.800634626549154, 21.13279076148515, 21.71875168603969, 21.61463359542803, 21.738309715828365, 21.437815993115244, 22.03332803439104, 22.017280159324752, 21.522710280062977, 21.782147687758663, 21.830851003793587, 21.22449922516696, 22.045546504846705]
fps.lt:[6008.799932818513, 6633.76232030905, 6022.319244718348, 6114.73761015145, 6166.413442872906, 6086.085849617717, 6448.152459975936, 5837.448403324071, 6080.27438438449, 6566.742056332331, 6545.170943021709, 6606.119063541272, 5887.59599758115, 6142.451416630984, 5890.862841633683, 5915.704901899472, 6224.929541777698, 6028.199290009821, 6059.667729556148, 6149.967260996281, 5827.611800221826, 6170.078689329945, 6431.726224130315, 5749.950253340437, 6046.100304917459]
fps.ltu:[217.65736769563676, 270.2194785202743, 215.3911889927809, 225.9025251931462, 228.972790667773, 222.53122060819754, 254.49303476281005, 206.38255236267528, 219.37059150641232, 261.4547079887431, 258.3059566477647, 261.25945390623605, 210.82657237577527, 223.35017107892557, 209.15781773742154, 211.12931902544557, 235.10470864532599, 217.13278017686966, 223.805479748838, 231.65017510291932, 202.74587373642598, 230.89640080585914, 249.96485963161416, 197.39150014431152, 222.8812171857932]
fps.c2:[1.1864160730276556, 1.5249382756420222, 1.9568257275123886, 2.1818777313438367, 2.171308436274753, 1.8073070354557599, 1.724461178095959, 2.0301791364508954, 1.341688291853372, 1.2383654554094188, 2.2501345365549636, 1.7457149938679348, 1.7342319690578842, 1.208633606214554, 1.2103047202996957, 1.0053703324292933, 1.395475410133666, 2.1570110160907197, 0.8125092542147001, 1.3221771537765887, 1.6691329076968455, 1.3170171852475423, 1.1923332589077527, 0.9880652566392156, 1.276156099909085]
FC:[[6.345566485055113, 5.663844523125422, 5.222283845594187, 5.035023392521551, 4.9009845518452355, 4.849489989381758], [6.606712718083132, 5.787536133448331, 5.244108859910044, 5.0546707270503255, 4.937409601896413, 4.887412576040771], [6.703957147960251, 5.883528121998855, 5.372570224949674, 5.171209727229928, 5.072098188948192, 5.011323786713122]]
FCE:[[0.113543617692339, 0.049850676376281065, 0.027797079544491673, 0.020156481168560936, 0.016051373690023834, 0.013531124106235422], [0.09037589276962658, 0.03884315356703127, 0.021053893523815696, 0.015259662123484327, 0.01225298970819261, 0.010385670217208143], [0.07473749015036359, 0.032052264910422866, 0.017188609385736256, 0.012576431529935319, 0.010060400011434757, 0.008682537196338774]]
