Ri:[100, 130, 160]
Zi:[50, 100, 200, 300, 400, 500]
fps.ts:[675.930339999199, 2027.7910199975968, 3379.651699995995, 4731.512379994392, 6083.373059992791, 7435.2337399911885, 8787.094419989586, 10138.955099987985, 11490.815779986382, 12842.676459984781, 14194.537139983178, 15546.397819981576, 16898.258499979973, 18250.11917997837, 19601.97985997677, 20953.84053997517, 22305.701219973565, 23657.561899971963, 25009.422579970364, 26361.28325996876, 27713.143939967158, 29065.004619965555, 30416.865299963953, 31768.72597996235, 33120.58665996075]
fps.e0:[10881.428074479905, 10870.687914569924, 10823.507828252088, 10932.980378741284, 10907.187472929043, 10831.25413192646, 10879.284716213242, 10835.97864755371, 10896.196792346342, 10884.118892691273, 10855.875783995094, 10834.889424189105, 10861.180997777206, 10875.62253544612, 10862.437806930897, 10824.78136011035, 10882.2266227197, 10842.188265530342, 10890.327151937892, 10878.612094593205, 10889.471145359319, 10910.009495203161, 10891.614990742703, 10886.264994579886, 10859.236547204344]
fps.e0u:[26.735098887114873, 26.90350325442201, 26.892365284237894, 27.234367595123928, 26.126846166748702, 26.368339508213538, 25.866933642699415, 27.49354479744764, 27.74201396952251, 27.42182545250384, 27.383818377417473, 26.962422960479465, 26.733811730802888, 26.54568170072225, 28.327481101221544, 30.046053610392278, 26.622985230394182, 27.067418941844583, 26.54337959551002, 26.71596251649664, 26.527100386084967, 27.35778110555684, 27.09957654378751, 26.488609372678162, 26.203525553162592]
fps.lt:[12446.074158664122, 12918.34901045799, 14167.718835851252, 11495.035196554865, 10948.183031113907, 13796.759859802365, 12296.06416605615, 14634.865780402119, 11798.872313230091, 12681.373561961083, 14134.524368099554, 14024.206795416154, 12650.08878243016, 12169.219091525052, 12652.366336738361, 15335.270913200273, 12066.915614922964, 14113.66591475417, 11829.384251275616, 12666.910095509364, 12542.647315872233, 10821.528909884855, 11667.364912086914, 11992.014991223457, 12376.382538598527]
fps.ltu:[1138.0897881551707, 1236.0087900283122, 1487.3954587550409, 995.8834583931427, 873.147950032148, 1403.7267002795402, 1094.8401281651604, 1639.2351803754154, 1055.9841542378012, 1198.4811406873246, 1517.4035112387567, 1470.7795784292327, 1183.46585018604, 1086.228323635751, 1239.0645245057065, 1945.4674923737525, 1076.25313469309, 1482.515951536112, 1028.3929379004094, 1192.0625884581516, 1156.2755006538337, 880.5816298862634, 1017.7188385344272, 1059.325194656531, 1122.7057134383342]
fps.c2:[0.8722526854681073, 1.070711781157618, 1.4108283825293442, 1.7014618927111387, 0.6587515108791535, 1.4142032644330222, 1.2157205691516786, 0.3962129391717149, 0.8718993529680785, 0.8063308191582761, 0.7969050820657688, 1.246734055587674, 1.1073283413585808, 1.3382369495559974, 0.8276243716601677, 1.1507896771790178, 0.5752808998136124, 0.995795937493625, 1.7812230392557944, 0.771892378431014, 1.2432544223402386, 1.2774312057649964, 1.239017339392748, 1.8658768102111456, 0.7071875629860321]
FC:[[3.8053668259321713, 3.8289653205960668, 3.9088814913039713, 3.9900443526383875, 4.027449838618976, 4.0503656479452586], [3.968623541340523, 4.044186665696443, 4.0848287476696274, 4.130607195737518, 4.202543699598121, 4.242418851846973], [4.365109678097195, 4.46145934208302, 4.512801151458388, 4.571804986840239, 4.616167346391234, 4.652085668328828]]
FCE:[[0.06825140991156967, 0.04190098904596826, 0.02827002530949523, 0.022643585087932867, 0.018747479407300125, 0.016442375932511518], [0.05306076663483674, 0.03260832719455683, 0.02147557650483409, 0.016839930329996512, 0.014570115806851032, 0.012876554157145361], [0.04920108234351505, 0.03025138010189518, 0.020017999940287728, 0.015935117277133835, 0.01352827709800038, 0.011977861795622186]]
