Ri:[50, 100, 150, 200]
Zi:[100, 200, 300, 400, 510]
FC:[[4.0209458051083375, 3.9749626581564153, 4.010948451744798, 4.026112338332973, 4.049562790888121], [4.032828091444915, 4.043858647077032, 4.052744383156893, 4.070991167237136, 4.099695015675454], [4.15690945632076, 4.180315595115089, 4.199393027239474, 4.217255751495043, 4.2497861409563775], [4.795517203736162, 4.827179342131109, 4.8591660091161915, 4.887696084840257, 4.9126653775249345]]
FCE:[[0.04482233654675269, 0.02973220266546897, 0.02419094131014046, 0.020975611996546673, 0.018671920948944033], [0.022778646615596167, 0.015479604060025432, 0.012435466184312845, 0.01071974085775599, 0.009536602136244167], [0.01605539322707517, 0.010903203405470938, 0.008556624236525959, 0.007368929663630939, 0.0065379192035115875], [0.01459719558371017, 0.009921566864602833, 0.008000820565869976, 0.0069144047135334865, 0.006113004028206404]]
fps.ts:[1618558404.54774, 1618561867.5872202, 1618565330.6267, 1618568793.6661801, 1618572256.7056603, 1618575719.74514, 1618579182.7846203, 1618582645.8241, 1618586108.8635802, 1618589571.9030602, 1618593034.9425402, 1618596497.9820204, 1618599961.0215, 1618603424.0609803, 1618606887.10046, 1618610350.1399403, 1618613813.1794205, 1618617276.2189002, 1618620739.2583804, 1618624202.2978601, 1618627665.3373404, 1618631128.3768203, 1618634591.4163003, 1618638054.4557805, 1618641517.4952602]
fps.e0:[10714.444578492969, 10653.582039602872, 10703.320321236037, 10709.857412894784, 10693.899972297333, 10730.808200192017, 10694.947635580613, 10704.623435062282, 10700.876017686152, 10692.133602196258, 10693.844408381277, 10680.433012542717, 10722.329341772693, 10733.261537904196, 10715.08675184843, 10706.1771319134, 10707.150448052042, 10718.46453243872, 10724.134549757922, 10730.572324844201, 10696.736673986277, 10668.100666930179, 10730.419467724198, 10712.562768639797, 10756.9272093551]
fps.e0u:[21.219681281965503, 21.469369389903793, 21.41363632153086, 21.17654661352461, 21.426458252730594, 21.388820245300433, 21.243047292998494, 21.504172384850165, 21.50333018832126, 21.17528202746793, 21.75098002160237, 21.499629752780343, 21.51102346453261, 21.335989928813362, 21.434025950445267, 21.032536638738367, 21.495462362727643, 21.93005870267392, 21.4146339616921, 21.30488947700552, 21.547405432403423, 21.26004133272977, 21.544576788296993, 21.39370300842778, 21.747609716574647]
fps.lt:[16579.641468238005, 22090.143167235463, 17696.135558527476, 18769.78707507771, 19985.37139508112, 15542.51617548542, 19969.90942627271, 17708.676146311365, 19046.20881801334, 18365.94905507696, 19883.873145358644, 21217.812199529348, 17262.61262976647, 15989.646880692964, 16850.784105242416, 19299.908201602, 20532.932882891808, 15863.813613254444, 16821.617701777224, 17837.05511809503, 18874.04237702016, 21221.425524466067, 16160.549193056779, 17041.98378845696, 15409.893775793355]
fps.ltu:[1657.0568045843686, 2944.537622035424, 1899.3705883400498, 2114.488838100334, 2413.3025936951376, 1454.1400227650504, 2382.6919984475603, 1898.0726101676591, 2180.8573831933795, 2018.069454060689, 2411.668229312719, 2727.8266546657346, 1817.793494765325, 1532.7151077764, 1700.025924373582, 2214.439891745046, 2530.309373709941, 1547.0768724634956, 1698.6591874675387, 1904.5025909540445, 2168.1511993818435, 2692.542302598152, 1588.1781597674783, 1756.6963024011025, 1449.7744921902963]
fps.c2:[1.4394241261778296, 1.9348332667372405, 1.2741599080821995, 1.184707386893079, 1.2687078076967129, 1.0183403121835672, 1.0324555484808253, 1.1318804989241902, 1.0524554117488694, 1.0202095805768865, 1.687288118881622, 0.995186988242781, 0.7850731635112, 0.9829944499617101, 0.6665019202746408, 1.6782146747522118, 1.1436901257205354, 1.2785049459830469, 0.9856178247944999, 1.2402211391611748, 1.3287634653581124, 1.2703647836425778, 0.7232976885888347, 0.5259367403114693, 1.5619381900238425]
