Ri:[100, 130, 160]
Zi:[50, 100, 200, 300, 400, 500]
fps.ts:[1717.6439199972153, 5152.931759991646, 8588.219599986076, 12023.507439980507, 15458.795279974936, 18894.083119969368, 22329.3709599638, 25764.65879995823, 29199.94663995266, 32635.23447994709, 36070.52231994152, 39505.81015993595, 42941.09799993038, 46376.38583992481, 49811.673679919244, 53246.961519913675, 56682.249359908106, 60117.53719990254, 63552.82503989697, 66988.1128798914, 70423.40071988583, 73858.68855988025, 77293.9763998747, 80729.26423986911, 84164.55207986356]
fps.e0:[10929.217919481027, 10913.386359042142, 10905.530535583992, 10925.449781289284, 10921.09664942364, 10914.227924809215, 10907.715069205537, 10899.412380037485, 10920.221757215531, 10904.175296729163, 10905.676855709047, 10916.160628159203, 10929.850066420817, 10886.233750019383, 10906.388436561549, 10937.266513901026, 10902.059859879593, 10897.9990890952, 10894.405314935368, 10898.105126405508, 10877.87421239693, 10925.960174343116, 10890.589564709055, 10894.322086376485, 10922.554540753825]
fps.e0u:[13.921206023430287, 13.99397464372761, 13.884824229492416, 13.925215160761457, 13.902677182924474, 13.910068707629287, 14.046020700482623, 14.080663393637865, 13.994865070719394, 13.96675210998064, 13.984362922285925, 14.105743379575413, 13.887165654404543, 13.940617225110921, 14.079399212369644, 14.04213188539854, 14.072737548373222, 13.887125763052207, 13.913107630176851, 14.048285613570716, 14.16937165462393, 13.802458737888832, 14.126362847535521, 14.154910695011822, 13.820774393985992]
fps.lt:[11389.092604346586, 12358.736956518685, 12625.616566136916, 12005.02987079283, 11646.158419143016, 12498.278313834777, 12717.77145085864, 12917.67794693434, 11661.93573539881, 13273.844559461993, 12507.209166057384, 12136.5868673676, 12462.81956196389, 13162.297444030703, 12486.327490396146, 11447.728251533093, 13074.761736281242, 12830.36326946829, 12759.24786689354, 12739.63155468859, 13258.029622903427, 11896.438373364945, 13639.882378172408, 13234.115506573955, 11923.686664299112]
fps.ltu:[500.35913879433883, 587.8397621853953, 611.1383121881936, 552.3173008563716, 524.383075421863, 601.8767938475272, 625.2138679188253, 649.1936870614688, 527.12643269761, 681.0755445168269, 604.3298586421404, 570.2117893617049, 591.627122938622, 667.2663063289795, 607.6683881409563, 506.85479737996013, 660.5386735141365, 632.9400600540221, 627.7854755849507, 632.1193938845939, 692.8357804951753, 540.7060217409287, 719.8279029656803, 682.0278518764959, 542.2806161683861]
fps.c2:[0.4574198307846488, 1.1313653545069409, 0.464228024380876, 1.922008729812951, 0.6602589900407605, 1.2183890835387132, 1.7528367987484157, 1.1666442289880294, 1.2297674093905615, 2.10760014900048, 1.318276006446663, 1.265412082180889, 1.7719139863196474, 1.5973363260277127, 1.0380999428179247, 1.3598445715889567, 1.6228885510104019, 1.939626500782717, 1.9253688876395703, 1.1114835764517879, 1.1030999418969605, 0.32466219544938, 1.5234730163199177, 1.506152442934558, 2.596028316065924]
FC:[[3.804963918094235, 3.843493861433307, 3.869296372401874, 3.8993732303101436, 3.923444037025245, 3.9435831861413204], [3.8412243751296096, 3.8783946814295853, 3.924630032416151, 3.954446946440908, 3.974710687875301, 3.997020587920595], [3.991212941567665, 4.012084178315491, 4.056290385272637, 4.089478570568772, 4.112191782487873, 4.135535465971331]]
FCE:[[0.030767683765357313, 0.019213104141086762, 0.012741659272236102, 0.010097958769882556, 0.008579785399905612, 0.007554983505634774], [0.023901406758806417, 0.014887771679813084, 0.009912011076875034, 0.007869067358770014, 0.006685203491173972, 0.005907608187326247], [0.02017648990968216, 0.012389983695939157, 0.008234096401467515, 0.006538315455814679, 0.005571546512676552, 0.0048118914802008856]]
