Ri:[100, 130, 160]
Zi:[50, 100, 200, 300, 400, 500]
fps.ts:[1746.6378800010682, 5239.913640003205, 8733.189400005342, 12226.465160007478, 15719.740920009615, 19213.01668001175, 22706.292440013887, 26199.568200016023, 29692.84396001816, 33186.119720020295, 36679.39548002243, 40172.671240024574, 43665.9470000267, 47159.222760028846, 50652.498520030975, 54145.77428003312, 57639.05004003525, 61132.32580003739, 64625.60156003952, 68118.87732004166, 71612.15308004379, 75105.42884004593, 78598.70460004808, 82091.9803600502, 85585.25612005233]
fps.e0:[10867.81941204444, 10853.141330538472, 10865.922190456722, 10866.895544725305, 10864.915571122861, 10866.61597223877, 10841.387128586295, 10851.070950880277, 10862.908479156751, 10856.230854399097, 10868.66770503465, 10870.86457456132, 10863.173979760912, 10850.267557370023, 10865.152894185892, 10874.6308017881, 10865.793316325307, 10865.034357783667, 10858.864737695705, 10878.370415079065, 10837.922399342036, 10875.048689036581, 10856.755478578143, 10870.86128730608, 10868.702156934014]
fps.e0u:[9.934094616047282, 9.977443504267585, 9.907586700881689, 9.979578981643304, 9.875076239188859, 9.975299782122223, 10.054835368581715, 10.042686533783717, 9.945395599591308, 9.945704083290227, 10.001782713222102, 9.982625983009143, 10.040421504661182, 9.929623680485475, 9.925709246578009, 10.002905283555647, 9.975647337471703, 9.971045336479953, 10.033771885494648, 9.971679626965201, 10.05020145609935, 9.975416409212748, 10.053384801788773, 10.09380864441178, 9.920740236392138]
fps.lt:[5903.498854903262, 6069.791115316522, 5993.062531722572, 5868.894725969965, 5958.20208980825, 5901.7131920782085, 6107.028078323238, 5987.588672481706, 5955.174677836221, 6045.35110545336, 5942.780490762582, 5859.235178904632, 5894.030177918696, 6028.264063069399, 5850.2157929820905, 5850.868004793431, 5925.472812776468, 5938.037816201638, 6069.782666507169, 5885.454222444879, 6301.9871329046755, 5907.6942809769225, 6072.41218875194, 5939.143594152574, 5962.754669342717]
fps.ltu:[95.3820035270947, 100.99646157406521, 97.77547750337506, 94.40264801214934, 96.32205784139012, 95.49080481334416, 102.75088924363543, 98.97197233591622, 97.13542363112265, 99.82465751683662, 97.03188485428912, 94.20357973799668, 95.44121367209603, 99.40271025592523, 93.24488180953402, 94.42638167563524, 96.0387014757328, 96.42505170163456, 101.34873989490005, 94.68107534611134, 109.19892367227267, 95.35568620905802, 101.83732834517104, 97.75346566634836, 96.78621054308402]
fps.c2:[4.241925276935583, 2.850557603521013, 2.38966256781647, 1.8793161062282664, 3.038326758477029, 5.689736944548844, 3.487151479476294, 2.0726245949590534, 2.1989910912973296, 2.96483650738119, 3.6778887425618167, 2.4561698336799926, 3.1507209171345307, 2.0335247702480412, 2.629933198003822, 2.78439453255532, 3.1358799728286857, 3.4805903177477195, 3.9093077334693334, 2.861672464009163, 2.3298138036530665, 4.145990767198926, 3.8002876120925366, 1.167966318043457, 1.4313949185164694]
FC:[[3.760540466533079, 3.8142027310383884, 3.854550176817364, 3.8998857126419275, 3.9495155565218463, 4.012556353914836], [3.827398706920175, 3.8531136105158237, 3.903606602999389, 3.9560579733121055, 4.015007397505152, 4.078627885367641], [3.919881704963654, 3.973748440908163, 4.029709379297179, 4.086468574687722, 4.1454755844476, 4.21307098006783]]
FCE:[[0.025952529815934565, 0.01459550298188098, 0.009055706169498268, 0.0068519080645859385, 0.005808138663598468, 0.005022964716769855], [0.02062013195187078, 0.011012110424509976, 0.006812578217845958, 0.005320157817903487, 0.004411711168945236, 0.003930319723044144], [0.017656780624319766, 0.00914421702513133, 0.005609763482969035, 0.004395079476097311, 0.003746581636503086, 0.0032694508019248374]]
