Ri:[100, 130, 160]
Zi:[50, 100, 200, 300, 400, 500]
fps.ts:[1714.9928200006484, 5144.978460001945, 8574.964100003242, 12004.949740004538, 15434.935380005836, 18864.921020007132, 22294.906660008426, 25724.892300009727, 29154.87794001102, 32584.863580012323, 36014.84922001362, 39444.83486001491, 42874.82050001621, 46304.80614001751, 49734.7917800188, 53164.7774200201, 56594.763060021396, 60024.7487000227, 63454.73434002399, 66884.71998002529, 70314.7056200266, 73744.69126002787, 77174.67690002918, 80604.66254003046, 84034.64818003177]
fps.e0:[10826.401486112141, 10836.930758911421, 10820.713340602944, 10837.003140803285, 10803.043648932682, 10804.428042263282, 10798.778504950917, 10802.478424920308, 10809.27333024563, 10826.596540440141, 10822.84622350833, 10820.252726450468, 10810.977201805, 10804.524733072647, 10810.114116401797, 10811.395915061203, 10810.504694681438, 10816.014411197006, 10812.70546957694, 10785.754755958253, 10811.952871086436, 10813.606627519552, 10812.661618572005, 10804.999489685128, 10817.346353581232]
fps.e0u:[13.045468283568624, 12.74954536876201, 12.781879949701107, 12.686583288276058, 12.914143234406037, 12.966814433259138, 12.729059856112531, 12.896509681350919, 12.976296604788011, 12.942860145943703, 12.778913014056316, 12.759504269295084, 12.71721163408823, 12.969041693867851, 12.958479466087637, 12.934131500678353, 12.889524878010787, 12.889491164172167, 12.882574884706303, 12.88211505340447, 12.860243068802323, 12.83350175747693, 12.977032975423928, 12.831199133361952, 12.8024458704137]
fps.lt:[5725.027705321375, 5644.00714317113, 5847.3048009703125, 5716.462703044128, 5928.831869250275, 5910.352007419948, 6019.459743899146, 5951.280199130915, 5906.0166522664595, 5825.754176291544, 5881.601483474107, 5805.578055845587, 6024.230670866653, 5983.674387722326, 6012.7465852099585, 5888.846344132731, 5957.210700435086, 5809.621782521864, 6005.871684393619, 6175.186815327107, 6051.532724703643, 6048.382965374598, 6027.88976435047, 5982.602899104647, 5829.803989956386]
fps.ltu:[116.48299946109402, 111.08949203650813, 119.03871506863881, 113.3130929630152, 124.10378381854781, 123.54524064100832, 125.90786623601306, 125.04161568070904, 123.77722082069256, 119.41078525513142, 121.24021127451418, 118.42517325065893, 125.87750940606405, 127.2758857262299, 127.66963419096791, 122.7368747243347, 124.9903390423543, 118.66142103129596, 127.13910111909644, 134.65185086337985, 129.17355626559052, 127.95601172307336, 128.66953426807257, 125.35762832801993, 119.53593166827956]
fps.c2:[1.3474419589311246, 2.787333932713931, 1.7229820759224486, 3.7569274366765435, 3.492038074157475, 2.0107746265032684, 2.5602223688795545, 1.9413432614294448, 3.3300416966416626, 2.0437480549205587, 3.525177989652822, 3.0768825953887653, 4.167501233047077, 2.4499141695742357, 1.4851442300049098, 3.0485867143334975, 3.2593794744273388, 3.0942418671549463, 2.397554384223358, 2.234204165179641, 2.4406736780572045, 1.4194609122147879, 2.722869846728862, 2.4208157469073748, 1.280641837010744]
FC:[[3.7706908056322663, 3.8181517728644754, 3.8562017770354085, 3.895140515828276, 3.949324506884334, 4.0083912753089415], [3.7985398886084094, 3.8561495293771157, 3.8862410298108103, 3.9372101123772696, 3.9955174767018415, 4.049969511183361], [3.919868806584621, 3.9751098160495317, 4.0224488942724905, 4.071787832621108, 4.128041018662605, 4.179565943836926]]
FCE:[[0.035704521480974145, 0.019262376129598364, 0.011618975810069751, 0.00885624552570597, 0.007451185578943349, 0.00654605754257507], [0.027851168074061683, 0.014932621399906245, 0.008692277273827178, 0.006776617052433678, 0.005720612321652266, 0.005043749750901669], [0.023785017161501082, 0.01196283057999074, 0.007337580205478438, 0.005716252197019162, 0.004836683538156606, 0.004275646660276561]]
