Ri:[50, 100, 150, 200]
Zi:[100, 200, 300, 400, 510]
FC:[[4.061883731789636, 4.0894823550204675, 4.099960855397824, 4.1082961703182965, 4.120810297025183], [4.089801923577243, 4.085308945533302, 4.109637131534591, 4.135048396187723, 4.164200553383703], [4.200047555822789, 4.213242060890949, 4.2426695656626086, 4.271374350510632, 4.305035022163856], [4.797071835690672, 4.819204667223969, 4.863764768881707, 4.894235813841105, 4.930374587660879]]
FCE:[[0.045446443877979394, 0.031146054587047584, 0.025158367645384424, 0.02159512254956374, 0.019104789231386463], [0.0230694819652371, 0.015565425600886654, 0.012558245845160049, 0.010868415255420968, 0.009391322194812117], [0.01572513609095046, 0.010612797415288687, 0.008590102984631915, 0.007411873580295015, 0.006591716864416554], [0.01435984269251675, 0.009766289062618371, 0.007943758839244048, 0.006859667590215173, 0.006102648486228145]]
fps.ts:[1608295270.9517202, 1608298747.47716, 1608302224.0026002, 1608305700.52804, 1608309177.0534801, 1608312653.5789204, 1608316130.10436, 1608319606.6298003, 1608323083.15524, 1608326559.6806803, 1608330036.20612, 1608333512.7315602, 1608336989.2570002, 1608340465.7824402, 1608343942.3078804, 1608347418.8333201, 1608350895.3587604, 1608354371.8842, 1608357848.4096403, 1608361324.93508, 1608364801.4605203, 1608368277.9859605, 1608371754.5114002, 1608375231.0368404, 1608378707.5622802]
fps.e0:[10213.85241492453, 10174.040012111844, 10247.632945178877, 10211.214345522189, 10152.32964516299, 10170.991806352537, 10183.573681185271, 10160.595272347211, 10167.36693727177, 10201.466299021193, 10190.255396038576, 10149.759068831081, 10196.02282147218, 10138.830562750603, 10159.821402397149, 10146.702778588662, 10171.814432387282, 10163.292812045127, 10161.976137770307, 10126.332294314916, 10176.153712236119, 10166.509860626118, 10145.716861105835, 10117.27246296361, 10120.319608888782]
fps.e0u:[19.9780884801774, 20.21188078999358, 20.07333795337356, 19.896153506306028, 20.23869273195547, 19.874121999741604, 20.58988473792455, 20.097640466879035, 19.72100915069311, 19.797917795898254, 20.240865054145402, 20.202878664598053, 19.9708998159416, 19.6529665253066, 19.53867899670162, 19.815677311735648, 19.709799078059138, 19.88009428113354, 20.22323183928057, 19.96014480110749, 19.52982107215598, 19.530923480840386, 19.82050000207627, 19.907746149184305, 19.817467859811952]
fps.lt:[10450.897418708042, 11810.091711108666, 9173.044313745691, 10171.866417208888, 11128.348682278256, 10803.607903835458, 10565.389378003461, 11002.47532771278, 11038.249434310485, 10324.676882563446, 10175.133038111997, 11915.879535823757, 10256.974248316812, 11832.290721579067, 11583.305096438944, 11869.638626304837, 11053.294104441333, 11435.841803113306, 10912.543431020109, 12351.082520903856, 10993.967012068479, 11362.99838475762, 11214.316000815637, 13262.399788742523, 12687.252066468282]
fps.ltu:[650.7886074864828, 832.9478361450153, 507.07920310271396, 613.533765522687, 746.1493779394041, 690.8085987787074, 684.4671210838599, 723.8615380599246, 717.9727549228593, 627.5845273119844, 622.1319152966868, 846.9679195370791, 626.5360848091937, 821.8148707177037, 786.5055625915525, 830.9127493838755, 716.016001194577, 775.0699843719065, 714.3323230699863, 912.3278422372206, 709.5080653385745, 751.1838389226001, 742.6043960000175, 1036.8232049899239, 951.4419977199886]
fps.c2:[1.5260735588886665, 0.8110688085924659, 1.4864606150059265, 0.8544424559857448, 0.40485885415531236, 0.7480460717752366, 1.1268812735166622, 0.9785543080082276, 0.32672461561025656, 1.6374576055782677, 0.7134216942791548, 0.7286385959017475, 1.4170541350129697, 0.6687425317892075, 0.6150099785585613, 0.40304647639345315, 1.457945676386753, 0.6767836568916163, 1.0375206697162698, 0.5228440678395112, 1.3593066153116622, 2.0231019245183957, 1.653903999829403, 2.200585111353835, 0.8728457183874888]
