Ri:[100, 130, 160]
Zi:[50, 100, 200, 300, 400, 500]
fps.ts:[1754.7255000019074, 5264.176500005722, 8773.627500009537, 12283.078500013351, 15792.529500017168, 19301.98050002098, 22811.431500024795, 26320.882500028612, 29830.333500032426, 33339.78450003624, 36849.23550004006, 40358.68650004387, 43868.137500047684, 47377.5885000515, 50887.03950005532, 54396.49050005913, 57905.941500062945, 61415.39250006676, 64924.84350007058, 68434.2945000744, 71943.7455000782, 75453.19650008202, 78962.64750008583, 82472.09850008965, 85981.54950009346]
fps.e0:[10918.2677651869, 10898.755702202667, 10902.240014098074, 10898.893977024603, 10905.256778657147, 10912.572686072172, 10938.154009824957, 10922.665403543433, 10912.580684812714, 10914.168683563312, 10893.035541030767, 10912.939894434769, 10905.849959125904, 10892.365042149931, 10870.090198568447, 10873.434247905754, 10879.13675774781, 10892.380207595641, 10878.668210999866, 10855.660771374174, 10875.710832268938, 10890.40409691109, 10861.768722073011, 10892.427016606549, 10898.283716374737]
fps.e0u:[12.748147707801307, 13.04812676268568, 12.786761964794234, 12.763836082146303, 12.758746846041161, 12.844554277408996, 12.845668958761262, 12.814513919387503, 12.716110066402669, 12.917646067330088, 12.786241348531256, 12.654405085064512, 12.839712546770969, 12.742900418861987, 13.04485795645328, 12.765838767902995, 12.94611137783594, 12.942789279788009, 12.793944363703392, 12.898026204461459, 12.95976515621139, 12.902354677654978, 12.886388746684634, 12.93352077353103, 12.847620533049048]
fps.lt:[8851.138483051218, 9000.16479334641, 9204.340619535807, 9071.073226870862, 8941.510628252503, 8944.550039657432, 8414.30735934448, 8627.793951713345, 8916.960680752776, 8662.683696276856, 9422.434225464374, 8964.282007989246, 8764.004507185786, 9333.644215541832, 9786.236703787341, 9517.021210967574, 9575.818069505152, 9097.841940632974, 9476.757112588604, 10058.998021154835, 9424.477633419205, 8851.124852687799, 9992.133860532273, 9088.786378879206, 8999.395575680086]
fps.ltu:[275.85238204109595, 291.2179706975535, 299.2197804287211, 290.0375785618812, 282.2993860513073, 285.5526815091997, 250.3249094662045, 263.82562919978716, 279.9635849040474, 267.1289668345291, 312.3196858061231, 280.57279927463765, 273.9859650540037, 306.88910668787935, 345.84678375052596, 318.5387250926703, 328.05618012576014, 297.2053529406513, 318.84142247915787, 361.73562519996, 317.1324810230302, 279.0076200405521, 354.0178835215953, 294.3756572043924, 286.7735060101055]
fps.c2:[1.524162496285398, 1.344934953524676, 1.7658986694717596, 2.2798305654179742, 1.6883536019366354, 1.2245455698242118, 2.0183533507680207, 1.871706727111334, 1.42656750939065, 0.8871862781174613, 1.0292762139612526, 0.9819127250078249, 1.3444521474697564, 1.3912155235463124, 1.1473811869499615, 0.6971821443357095, 1.9734007706159908, 2.2420400344220957, 1.8774037716159204, 2.563555662956211, 2.085279417510482, 1.7449326016433864, 1.4299255611695494, 1.5895350176647083, 1.0495668149475144]
FC:[[3.7608912935884016, 3.8053863834713706, 3.8328289003639355, 3.8577558498052147, 3.894230995182148, 3.9246069154230923], [3.8253501390276017, 3.853977308720634, 3.875207773548842, 3.9033177886873456, 3.938953265263532, 3.970856842480337], [3.950872658362663, 3.986641120514773, 4.008209333439846, 4.038922549899706, 4.070950856096644, 4.10398689508729]]
FCE:[[0.03105490223597128, 0.018165654105195404, 0.011568010548905567, 0.009015119932791495, 0.0076290001410099385, 0.006749648365495928], [0.024143058334229073, 0.014015011408145013, 0.00891388696267318, 0.006959352475849393, 0.005906085334917219, 0.005109214689944445], [0.020535656246958744, 0.011580799950919093, 0.007348905312318995, 0.00575481059734387, 0.004888094796235876, 0.004346494878263395]]
