Ri:[100, 130, 160]
Zi:[50, 100, 200, 300, 400, 500]
fps.ts:[1686.8028599977492, 5060.408579993247, 8434.014299988747, 11807.620019984244, 15181.225739979744, 18554.83145997524, 21928.437179970737, 25302.04289996624, 28675.648619961736, 32049.25433995724, 35422.860059952734, 38796.46577994823, 42170.07149994373, 45543.67721993923, 48917.282939934725, 52290.88865993023, 55664.49437992572, 59038.10009992123, 62411.70581991672, 65785.31153991222, 69158.91725990773, 72532.52297990321, 75906.12869989872, 79279.7344198942, 82653.34013988971]
fps.e0:[10788.341860978127, 10791.010577419507, 10781.976218885831, 10797.389443708016, 10768.137061687567, 10787.457546083957, 10793.68692609557, 10799.382815831392, 10780.956817459495, 10793.024075683334, 10797.77179941562, 10778.094759843989, 10810.377095200569, 10793.46901731087, 10792.109355048222, 10785.866844635691, 10799.362088615877, 10778.327326595112, 10801.262789813063, 10800.476566710146, 10800.663470445079, 10782.902378080067, 10785.364169511526, 10782.771067974352, 10824.838513506871]
fps.e0u:[13.571286970657951, 13.788574621718789, 13.850156266974938, 13.61525118151178, 13.611266344449199, 13.603602307885568, 13.62813115368879, 13.670026405478065, 13.683509331452587, 13.399146828940157, 13.671350581790286, 13.597620751905918, 13.66478576889611, 13.634426583430745, 13.640750604563623, 13.524452328114773, 13.504813196404854, 13.542566562712206, 13.604769790134979, 13.617599487624112, 13.580824488878854, 13.516483038963338, 13.565974430781461, 13.45801260282679, 13.807590806764093]
fps.lt:[6518.819725567199, 6404.144880340981, 6518.332390281804, 6250.8486301027315, 6643.108544707301, 6398.295443741674, 6353.415217316138, 6338.654226136416, 6514.227297171431, 6520.5940146164685, 6552.115011448437, 6696.577727600161, 6269.747901399742, 6612.660657311783, 6576.162621699452, 6597.2523010084005, 6473.821929668655, 6860.918153634628, 6493.386842306495, 6459.399776988719, 6467.394296569256, 6526.284945058691, 6517.4591876483155, 6646.248062980686, 6326.083522065858]
fps.ltu:[157.7404731064857, 154.88038660041832, 162.96590532546617, 145.83940899545397, 164.67537878494744, 152.20300221505443, 151.26894004780118, 150.63656423582526, 159.5470188629754, 156.827105785035, 160.33089489152627, 166.5146755193837, 146.82627849604705, 163.53754329812912, 161.07548355969428, 161.13943693870607, 155.42636903093015, 174.4337664926637, 156.9132505413633, 155.88986391822831, 154.91298415786596, 156.97754398114148, 157.86973350973233, 162.9308171202485, 151.01930863494124]
fps.c2:[1.8594358353928842, 0.6827872784220121, 3.4158491392077557, 2.723732280838525, 1.5716926741144936, 1.5794254980441882, 1.7794578422706104, 2.1109255368853153, 1.2864230644550456, 2.6066987663646515, 3.105123714941226, 2.2440974908897626, 1.4617919781624036, 1.1783001015536099, 1.4765140746761958, 1.6518896521517088, 2.0905345262239035, 1.5276053697994507, 1.473916039305053, 1.993931497766842, 0.7773439798299305, 1.2989766956760649, 1.6808627971527212, 1.799422514175151, 3.1531966892628085]
FC:[[3.8066011608325137, 3.800258107212904, 3.859369586665557, 3.959333063785714, 4.073342963807288, 4.184908001203986], [3.8412888947722093, 3.8603654428786314, 3.910686007121298, 4.0063666421092075, 4.113975025852087, 4.221429573918507], [3.9359871492360723, 3.973198481088349, 4.044358759314888, 4.132753849589073, 4.233699324398869, 4.343095831897244]]
FCE:[[0.0380712611805117, 0.019697415963191495, 0.012329918465509395, 0.009821617770007078, 0.008267840539792218, 0.007422094525989338], [0.02955128698055727, 0.015345854373580145, 0.0094995382781, 0.007355151501880251, 0.006344333970213007, 0.005722366540786613], [0.024989265733691965, 0.012894902322082267, 0.007808052343048872, 0.0061647743055756035, 0.005323498445159461, 0.004599721949480337]]
