Ri:[100, 130, 160]
Zi:[50, 100, 200, 300, 400, 500]
fps.ts:[1735.2071000003814, 5205.621300001144, 8676.035500001906, 12146.44970000267, 15616.86390000343, 19087.278100004194, 22557.692300004957, 26028.10650000572, 29498.520700006484, 32968.93490000725, 36439.34910000801, 39909.763300008766, 43380.17750000954, 46850.59170001029, 50321.00590001106, 53791.42010001182, 57261.83430001259, 60732.248500013346, 64202.662700014116, 67673.07690001487, 71143.49110001564, 74613.9053000164, 78084.31950001715, 81554.73370001793, 85025.1479000187]
fps.e0:[10858.793155429012, 10867.121587986727, 10832.865771315994, 10845.162036080359, 10879.965707418349, 10860.725332161875, 10870.64331058737, 10848.139931551299, 10886.244128320595, 10844.971097513262, 10872.918800058509, 10861.867640844659, 10877.118816295748, 10876.491926651954, 10869.959909262545, 10868.516188037951, 10879.91830360847, 10870.009887068894, 10853.634471786798, 10868.65817688668, 10873.565367608504, 10858.042013764914, 10892.021053927996, 10902.052164955538, 10882.823601557999]
fps.e0u:[15.129735977430132, 15.147002800551414, 15.038613060904014, 15.393835241652225, 15.104593982221504, 15.54917372269276, 15.435291652345395, 15.260953257103774, 15.196891884489327, 15.216669626263606, 15.055271809885722, 15.200655511134606, 15.200753223777998, 15.172978474414249, 15.102530567181535, 15.056343145833434, 15.347663149581852, 15.017263267721303, 15.00323097587857, 15.1177442948286, 15.131022537834829, 14.9702452563552, 15.108548283965074, 15.046036158728107, 15.229031951306087]
fps.lt:[11560.352914850539, 11233.274101643914, 13034.44529926975, 12231.543975411227, 11301.522052886463, 12074.793921559443, 11509.78662215048, 12523.045672119244, 10978.284206388635, 12521.113901489009, 11838.214210829668, 12622.992946969918, 11037.741773700294, 11422.928554789523, 11701.371602151487, 11966.398944435317, 11198.811674312461, 11523.25794157766, 12390.257850127737, 12073.669924881744, 11603.78479251236, 12052.906252039396, 11267.001939848258, 10646.181031302336, 11374.419111069637]
fps.ltu:[562.1714987778016, 532.7543264978156, 708.8096819985125, 637.1689339727578, 534.7466741677761, 626.0531677064818, 567.7479955211186, 659.3892080780025, 508.7754239737678, 659.2771110144456, 588.0444556149838, 674.1589392450676, 513.7154118527837, 547.8258428386138, 570.2120054770876, 595.3219105104537, 533.5523737240536, 557.053268966479, 637.2824820102404, 607.5518593865785, 563.7236784189424, 606.0538873998274, 532.1171546468355, 475.0881692971588, 544.7411307021893]
fps.c2:[1.77425295666125, 0.763703983620919, 1.3749927188772502, 1.0164866569866644, 1.810227328532344, 1.4429540580817048, 1.9944244741606552, 1.7665127244236842, 1.3861046441128066, 2.379755285075495, 1.2144738690128696, 1.1876072683481913, 1.5517969065890524, 1.341107445875527, 2.1133933867999106, 2.28475272295098, 1.0782956195264635, 1.26508396582109, 1.9653010103455981, 1.8712926473789386, 1.7407920218570077, 1.9991978417436809, 1.2964080379821492, 1.1517336093873403, 0.8033849233777258]
FC:[[3.8343336259171057, 3.8907536254569988, 3.884809309696015, 3.9039430384504517, 3.9197314795080023, 3.95204569094446], [3.8601007854119964, 3.914004116373542, 3.926994701411815, 3.950343765116929, 3.9736246944575675, 4.003517810167966], [3.9667404487031304, 4.03589445689836, 4.050596827052844, 4.079953854585968, 4.101567904340529, 4.134327756648058]]
FCE:[[0.034943151381124526, 0.02133911128282742, 0.013847224615240796, 0.010992132556942607, 0.009274211520356313, 0.008204149547854716], [0.02602412996465067, 0.016344176532073002, 0.010706863731208244, 0.008491713596630625, 0.0070299532634471975, 0.006224183209420483], [0.021571189653507582, 0.013548429129736141, 0.00887090531788691, 0.0070459135773493446, 0.005991758872491562, 0.005327980798540294]]
