Ri:[100, 130, 160]
Zi:[50, 100, 200, 300, 400, 500]
fps.ts:[1575.3859599971772, 4726.157879991531, 7876.929799985886, 11027.70171998024, 14178.473639974596, 17329.24555996895, 20480.017479963302, 23630.78939995766, 26781.561319952012, 29932.33323994637, 33083.10515994072, 36233.877079935075, 39384.64899992943, 42535.42091992378, 45686.19283991814, 48836.964759912495, 51987.73667990685, 55138.5085999012, 58289.28051989556, 61440.052439889914, 64590.82435988427, 67741.59627987862, 70892.36819987297, 74043.14011986733, 77193.91203986168]
fps.e0:[10927.108799433241, 10958.150416758057, 10970.686435222942, 10970.614933229152, 10959.893157940598, 10969.391963662565, 10960.070794192823, 10980.364375519728, 10963.936397755422, 10957.158414134796, 10941.897473130579, 10942.101158371024, 10958.992379270698, 10956.487844813413, 10974.934979104253, 10966.174192650557, 10962.815589405123, 10965.012621947757, 10983.890588915127, 10970.28877514032, 10986.795455108175, 10945.544352952034, 10949.935614858083, 10957.056888028063, 10956.766114751015]
fps.e0u:[13.558241571581423, 13.331625290287784, 13.571750524455972, 13.610409771379485, 13.52484110484144, 13.64023198872898, 13.452667006096256, 13.439552432375201, 13.40253197568067, 13.526296269563213, 13.408922833537595, 13.462458064968727, 13.46114896710847, 13.562394418841595, 13.450088041878823, 13.302955134291052, 13.43207674435837, 13.392510674417377, 13.44534842017774, 13.49500946417257, 13.471591959840444, 13.60486172430481, 13.38394420863515, 13.527778182228474, 13.684377605114626]
fps.lt:[9364.226592798172, 8721.908126558412, 8371.673390700978, 8407.643803949666, 8754.482947134553, 8389.259269441514, 8745.378674321899, 8351.606765755287, 8560.698086634544, 8848.323182975682, 9002.6472211716, 8750.953213144478, 8573.62568971248, 8655.03953062843, 8590.132044410584, 8582.583225670807, 8616.04173035597, 8581.429498600774, 8222.689377975244, 8358.335142518152, 8295.94262993475, 8937.786022577568, 8891.048569115892, 8636.7853813545, 8791.861814823296]
fps.ltu:[325.61326524218794, 278.2902642703912, 259.65370263236423, 262.38110816773894, 283.4301564398501, 262.3169408586223, 282.4205679918644, 257.22472431323854, 271.5163687068759, 288.8929170380313, 299.26191235878196, 283.3149730345702, 270.622765517331, 279.1314796795123, 272.83115834237935, 269.57554771924794, 273.9127915671239, 270.54743787454726, 250.3367678701774, 259.0091845554079, 254.14342230199054, 298.2066129342498, 291.10937194605634, 277.3569373723791, 291.68308073200654]
fps.c2:[2.767159989258307, 0.918063659667617, 2.2945298263130054, 2.5486309769082016, 1.4932342507334204, 1.9054007748076658, 0.7639709895723651, 0.6781840693668416, 1.7221281900499612, 1.319160272904915, 1.3374457855847892, 2.586998984813014, 2.237359665586536, 0.8864830494664232, 2.141679741048689, 1.7513167247597066, 2.1889556029731874, 1.7978017941089655, 0.5815941486294741, 1.2289521446070433, 1.3231202509462145, 1.9522035056981166, 1.87298218237805, 1.2894825904653189, 1.063971841337585]
FC:[[3.78815182067648, 3.7972099875167595, 3.8154681334848384, 3.8646892708673457, 3.904203804723003, 3.9350015204298026], [3.8292991687520823, 3.8573013650233525, 3.871127820117791, 3.9147176780868436, 3.955270006459151, 3.9889605893918363], [3.958034734499816, 3.9856225447398446, 4.00528142864788, 4.047261702881226, 4.0863949277684295, 4.119880768362139]]
FCE:[[0.03153148951284176, 0.018507402888294777, 0.011839965063711372, 0.009356471371007744, 0.007970330284173047, 0.0070497259536505975], [0.02456726817063554, 0.014455278126975417, 0.009222564313481455, 0.007279336176027476, 0.006217327599041051, 0.00538114225459248], [0.020704948292110052, 0.011991081522359408, 0.007638570080869488, 0.006039651834419546, 0.005153957553033723, 0.004580894665097707]]
