Ri:[50, 100, 150, 200]
Zi:[100, 200, 300, 400, 510]
FC:[[3.772817124665716, 3.8007028498742654, 3.835056212142485, 3.874159480552815, 3.9203456910469323], [3.7660342591587135, 3.8035751980452197, 3.844512516731436, 3.8952233058115313, 3.9409312893221338], [3.837555094977319, 3.8931393934769307, 3.938006252150914, 3.9822282414616756, 4.034970778761621], [4.230896549134537, 4.310567372098174, 4.364428861537563, 4.405948971746674, 4.444414633286381]]
FCE:[[0.01536001612637344, 0.010567389967829948, 0.0085668801557029, 0.007191921870949127, 0.006360940683189885], [0.007625518832795842, 0.005249235434123158, 0.0042643026107592776, 0.003602699633847558, 0.0031937056763328767], [0.005230110330851689, 0.0035069550179896436, 0.0028409738971867065, 0.0024637550602874163, 0.0021359987501832884], [0.004438746571421941, 0.0030085740653329972, 0.00244249355400093, 0.0021151563292246306, 0.0018795478487050683]]
fps.ts:[1566672250.27764, 1566675739.54492, 1566679228.8122, 1566682718.0794802, 1566686207.34676, 1566689696.6140401, 1566693185.88132, 1566696675.1486, 1566700164.4158802, 1566703653.68316, 1566707142.9504402, 1566710632.21772, 1566714121.4850001, 1566717610.7522802, 1566721100.01956, 1566724589.2868402, 1566728078.55412, 1566731567.8214002, 1566735057.0886803, 1566738546.3559601, 1566742035.6232402, 1566745524.89052, 1566749014.1578002, 1566752503.4250803, 1566755992.6923602]
fps.e0:[10388.439132252377, 10391.562481823297, 10400.476505415323, 10387.807077809754, 10403.943347009268, 10376.87526296019, 10386.412759141975, 10396.182834167572, 10393.174207339494, 10403.45441762959, 10387.386702364836, 10389.35089375929, 10382.121183143116, 10383.172893029137, 10378.06676441428, 10376.81923841148, 10385.005038859397, 10378.611552362156, 10378.893657544586, 10378.04550457136, 10394.455727792025, 10391.275055848395, 10390.89028844994, 10389.918686284636, 10390.624457197511]
fps.e0u:[6.919571716892337, 6.91868036295343, 6.935820803417545, 6.925353834433381, 6.912752803589871, 6.924699581987741, 6.947025893531065, 6.9628826725767725, 6.927355301058299, 6.972041790001315, 6.934511895498995, 6.95719943644169, 6.949302063646313, 6.945390520808865, 6.952156795449779, 6.97845149250736, 6.915882022331022, 6.95364829362715, 6.960451410245469, 6.9737683332278735, 6.954547339258326, 6.98685322712805, 6.936233281815727, 6.948430856283565, 6.998566692161581]
fps.lt:[9678.976609978348, 9670.632584410661, 9362.358449322603, 9660.2186510084, 9313.823942681222, 10065.780497588945, 9763.267988622862, 9628.206906611547, 9635.633808057086, 9385.13063282484, 9747.923294156457, 9891.532711025835, 9779.246273534523, 10045.073937899868, 9832.031809918399, 9966.675935126488, 9965.129044663996, 10011.460513278706, 10017.578577576029, 9798.163906036618, 9704.441736566458, 9660.09837731544, 9888.970647257474, 9836.32810521607, 9729.70478078833]
fps.ltu:[188.65015888352917, 188.0370942481214, 176.32110344973904, 188.11865766064486, 174.21041376071403, 204.1536565697766, 191.73969123908228, 187.70843895148641, 186.22476652385868, 178.33795431768453, 191.1123485746693, 197.17164357079616, 192.9449685776407, 203.16405302805913, 195.3588676375978, 200.91287257758282, 199.13839244684087, 202.11532692485582, 202.26989965407006, 194.45904085718303, 189.30276083995017, 188.62214252760882, 196.72247145255815, 194.86746060782696, 191.74132715191274]
fps.c2:[2.8345810265863425, 3.5787367800314738, 3.8307889124976366, 3.5676402578368798, 6.2270847461734, 4.091446207639559, 3.589697832921123, 4.887451557857233, 4.190405850581948, 5.390815679591578, 4.181310479280795, 4.212392361345648, 4.478462793389598, 4.269784307964492, 6.814462178986655, 5.6132121448135655, 5.4416802599950795, 6.499365614053465, 6.4166403852481775, 4.968829565346577, 7.490848467827023, 3.7889614179259854, 4.872938592502893, 4.575272542210514, 5.36326585856834]
