Ri:[50, 100, 150, 200]
Zi:[100, 200, 300, 400, 510]
FC:[[4.058824539489837, 4.026414863771151, 4.0120504751323685, 4.018012458643724, 4.051868249873045], [4.016124557082925, 4.014180967095363, 4.034257387067238, 4.050751692146018, 4.08287754818615], [4.1477695835355295, 4.152513050783364, 4.177087134559917, 4.199513264979512, 4.235853333436989], [4.774450943106546, 4.8020892780814295, 4.834415503476832, 4.8588401212576935, 4.885086992118483]]
FCE:[[0.0360091876753642, 0.024595154303201517, 0.019854970829543662, 0.017052947185826287, 0.015166557885763191], [0.018121079832411128, 0.012368543349321713, 0.010006944140279412, 0.008616162599585815, 0.00766115798555584], [0.012866821277860548, 0.008706643523217488, 0.007026873022132759, 0.0060716294747477795, 0.005407578585086899], [0.011612680843855113, 0.00793515005487915, 0.006418245609821459, 0.005543656482169639, 0.004915629046564146]]
fps.ts:[1614772692.8099399, 1614776102.76582, 1614779512.7217002, 1614782922.6775799, 1614786332.63346, 1614789742.5893402, 1614793152.5452201, 1614796562.5011, 1614799972.4569802, 1614803382.4128602, 1614806792.36874, 1614810202.3246202, 1614813612.2805002, 1614817022.23638, 1614820432.1922603, 1614823842.1481402, 1614827252.10402, 1614830662.0599003, 1614834072.0157802, 1614837481.9716601, 1614840891.9275403, 1614844301.8834205, 1614847711.8393002, 1614851121.7951803, 1614854531.7510605]
fps.e0:[10732.595351046008, 10725.019933455898, 10709.078883660955, 10723.113831077586, 10735.185400731349, 10732.760383143392, 10671.74753891172, 10688.051517881997, 10693.438378062614, 10700.79705045408, 10704.581326900856, 10720.831744486013, 10725.205400472323, 10689.116646177365, 10735.02962132427, 10688.493354450382, 10692.971678763795, 10694.194428919442, 10715.414073171789, 10686.74697238867, 10703.61255185888, 10715.138167003262, 10705.297039447993, 10665.840455201565, 10699.387008728356]
fps.e0u:[17.097671379836395, 16.999760874540087, 17.10373505606126, 17.127149119664644, 16.804650963161983, 16.93383456766605, 17.08069658640091, 17.15611989746766, 17.078438191718387, 17.125316738639253, 17.349006703641617, 17.15378864875247, 17.408494051002194, 17.18173114440974, 17.153447390466845, 17.371758182164346, 17.228837048548332, 17.18454004084298, 17.327694324709157, 17.096056125149588, 17.14620589364015, 17.189673092889656, 17.258469431340043, 17.46975695925264, 17.240505467083544]
fps.lt:[16024.08988933263, 16240.553052629153, 18118.534345373257, 15736.744391597353, 17336.91370149131, 15981.27168314944, 22835.166353100325, 18982.889333176052, 17670.537298174397, 17831.711020689727, 18968.88816741242, 17459.26140946343, 16209.31769835114, 19237.527710844188, 16382.796740532804, 19363.380690228394, 19025.954406754085, 19416.545161046368, 17264.546379185616, 20899.373061364342, 19241.773104309315, 16695.121954521986, 17888.95765345634, 21331.593312465284, 18605.814039511723]
fps.ltu:[1244.5259202037141, 1260.3823155155017, 1592.1348852535862, 1200.6215980385446, 1422.1312296824594, 1218.7580286010812, 2514.7809419622263, 1760.2874677925522, 1514.0611719408173, 1535.6656559155397, 1755.030107931555, 1484.2982630100587, 1287.9973047323526, 1799.9111658642682, 1292.6577193505993, 1835.3803125005543, 1769.8071837222255, 1821.0739809616973, 1453.2347401313557, 2087.0652672344513, 1775.6355122491366, 1346.9342922455407, 1554.6797103545157, 2245.659787698332, 1668.1544453294282]
fps.c2:[0.6780789712324821, 0.850827607856648, 1.3114328149750147, 0.9109665766343398, 2.5151293454549277, 1.4330105767045649, 0.6608348714110552, 1.064555978244852, 1.646249937192096, 0.7672491104000414, 0.8549918381477679, 1.5334938660148885, 1.6777279996044525, 1.076090589068145, 1.4745221747167876, 1.3259723933479504, 0.7767136092906325, 0.9675433726788947, 2.525830090491378, 2.1494613712011916, 2.370628644166899, 0.7333245664137128, 1.1856947893030374, 1.5912861594275038, 1.5310305846320966]
