Ri:[100, 130, 160]
Zi:[50, 100, 200, 300, 400, 500]
fps.ts:[712.1091400003434, 2136.32742000103, 3560.545700001717, 4984.7639800024035, 6408.98226000309, 7833.200540003777, 9257.418820004463, 10681.637100005151, 12105.855380005836, 13530.073660006525, 14954.29194000721, 16378.510220007898, 17802.728500008583, 19226.946780009268, 20651.16506000996, 22075.383340010645, 23499.60162001133, 24923.819900012015, 26348.038180012707, 27772.256460013392, 29196.474740014077, 30620.69302001476, 32044.911300015454, 33469.12958001614, 34893.347860016824]
fps.e0:[10302.319366017937, 10317.535074451209, 10330.343430826704, 10313.963377210543, 10350.609100437623, 10348.078876270863, 10352.468491839454, 10386.601412063177, 10387.313024721527, 10433.378459869979, 10447.12150746481, 10489.732625798388, 10480.892457339021, 10484.020296798864, 10507.283862438979, 10496.971021871434, 10537.241573960036, 10534.605289065197, 10551.143487948055, 10512.720315757759, 10525.011972495702, 10579.974559116352, 10575.694339503576, 10551.509262054224, 10609.114544983035]
fps.e0u:[23.672424295363168, 23.345242042676464, 23.501318126632523, 23.233678548584297, 23.79066471176473, 23.878774762672958, 23.681792722088918, 23.384366435777707, 23.671293654480962, 23.174599733983737, 23.327673395538692, 23.530250670266575, 23.106127519033492, 23.59838059672726, 23.079469029084876, 23.84597942470505, 23.471950908526374, 23.47967206942579, 23.462601908879954, 23.713311689334702, 23.574982342955096, 23.294021029647357, 23.584014176586802, 23.627366529825867, 23.755360823529998]
fps.lt:[11599.368487870792, 11822.445658772305, 12931.503331443375, 14912.1367481398, 12887.30146172994, 12721.724705156708, 13563.827007779313, 14217.963204622003, 14069.783828227162, 13486.850309068868, 12652.44177859303, 11095.821323618688, 12209.884766166066, 13022.146034668956, 12929.812366177235, 12823.36495072267, 11738.28863283118, 12460.193629337335, 11976.631115329717, 14797.623843505611, 13571.045977586726, 12895.942741008232, 13000.054798785666, 13956.140083361797, 12232.760485201296]
fps.ltu:[928.3365935656543, 948.4916655072766, 1146.5098391242404, 1485.2827022442464, 1142.840103531891, 1106.6722405102473, 1255.1908703059662, 1367.6305605615541, 1341.588957901923, 1211.3827018412737, 1081.487208468261, 822.311902282917, 993.4120164982264, 1143.5379269307418, 1101.5147088616964, 1124.4121033587244, 934.0257145617146, 1043.5118895014862, 950.9470009774641, 1473.0834620140831, 1245.9699064309993, 1097.0432578556643, 1137.161518688615, 1307.9961977964535, 1003.2560762135381]
fps.c2:[1.2998133530281268, 1.144771567329165, 0.5444202800061787, 1.597277531046206, 0.45965384552361904, 0.7486560207358411, 1.1258033801231055, 1.190202020182742, 0.8228008532956624, 1.9649007368364049, 1.500877986410208, 1.0618498186537544, 0.5760082156700324, 1.5620555081913292, 1.3978011809431474, 0.40351318449928714, 1.2419279000758519, 1.3785803421542313, 0.9223073761338031, 0.893202965009247, 1.407189337550532, 1.5631340276998336, 1.9065264664096118, 1.4552336799329066, 0.27704764099298873]
FC:[[4.427063909759123, 4.476802338678892, 4.5057876802412, 4.5085073218227105, 4.534420673790127, 4.554383450818284], [4.479032241784733, 4.504181278612904, 4.54232512096116, 4.556083196001751, 4.580181423608512, 4.605252479133684], [4.578913971655448, 4.598154081639092, 4.649918966928769, 4.673891403669833, 4.704025051691003, 4.726323487464628]]
FCE:[[0.062287275246682164, 0.03769891833547314, 0.025185405321979923, 0.01976241398039648, 0.016617333310975535, 0.014608574136951913], [0.048958055276560566, 0.029991856538992733, 0.01945812702358067, 0.015232690154061654, 0.0127036496045117, 0.0112128779303111], [0.04042718025209868, 0.0249350962557947, 0.01623091582693531, 0.012799252703890042, 0.01069646106224074, 0.009440370725546115]]
