Ri:[50, 100, 150, 200]
Zi:[100, 200, 300, 400, 510]
FC:[[3.8967663203369187, 3.9160284436877686, 3.963123868315199, 3.9678419722148552, 3.9735362902079765], [3.946140791288973, 3.9387743711709216, 3.9688149996676416, 3.9853359392433565, 4.0111636507653285], [4.08632934205493, 4.094262265201323, 4.122171542243573, 4.144590842651576, 4.174511092291215], [4.655679618815845, 4.696453696184633, 4.730398548307869, 4.769226366661174, 4.796684821223182]]
FCE:[[0.05728497025624307, 0.039243109987314964, 0.03276816709508158, 0.028513078095665473, 0.024851373880559496], [0.028620143834035924, 0.019525297919911453, 0.015973289567588807, 0.013533963264713011, 0.011981492303343924], [0.01991878896801221, 0.013498798044820659, 0.010683512286511111, 0.009232405706779127, 0.008174349657009444], [0.017631471391735234, 0.012073507171385724, 0.00978716760572443, 0.00848730592893417, 0.007507365248526245]]
fps.ts:[1611776418.0276601, 1611778491.1589801, 1611780564.2903001, 1611782637.4216201, 1611784710.5529401, 1611786783.6842601, 1611788856.8155801, 1611790929.9469001, 1611793003.0782201, 1611795076.2095401, 1611797149.3408601, 1611799222.4721801, 1611801295.6035004, 1611803368.7348204, 1611805441.8661404, 1611807514.9974604, 1611809588.1287804, 1611811661.2601004, 1611813734.3914204, 1611815807.5227404, 1611817880.6540604, 1611819953.7853804, 1611822026.9167004, 1611824100.0480204, 1611826173.1793404]
fps.e0:[11126.846907359692, 11156.203854843296, 11186.77415023691, 11221.932174559053, 11168.573373299962, 11143.280558369774, 11137.3007269422, 11157.038072482923, 11108.766798535173, 11173.530431412022, 11197.733852846333, 11141.97709895273, 11160.11414082387, 11202.867263536753, 11179.941027503766, 11134.297646606425, 11167.393044770839, 11183.076097889712, 11096.084232914343, 11147.959265017225, 11174.190517790725, 11147.909556340372, 11179.489909548183, 11114.585524411721, 11166.532789355444]
fps.e0u:[28.403080119329392, 27.842595469070524, 27.71671132451121, 27.549564438171792, 28.012286453074154, 28.812722023333365, 27.79933378476533, 28.31397880761343, 28.652102032475785, 27.656272900961184, 27.67629623659977, 27.97035635516679, 27.788891369311244, 27.92142173342495, 27.828733698900887, 28.096403878454446, 28.255332950581504, 27.694359831518202, 28.1742510217052, 28.569894461965102, 27.61597251975559, 28.101175180443786, 27.767993674356628, 28.134665604486663, 28.418259150844747]
fps.lt:[23065.824340553376, 18486.641454027544, 18719.61516664361, 14638.000195935107, 18756.525576825214, 20415.706316211046, 22050.259891293514, 18695.220152581507, 19369.502960529408, 18210.08164247934, 13672.972988571339, 17953.095425291143, 20818.753782761913, 15387.163458831106, 17215.171718052577, 20545.702188707204, 14982.202365299972, 17606.652959175375, 22767.0325652266, 19659.80615974796, 17515.7554510421, 19278.77960218575, 16399.80545970804, 21599.83077884204, 17190.260003434545]
fps.ltu:[4076.3877335594134, 2597.272882280444, 2646.2968578269747, 1606.363446244626, 2629.3549668106434, 3215.6862803849326, 3624.176143237424, 2631.3981417428363, 2923.2150673404853, 2470.0695280507525, 1404.6617031985402, 2439.0938384082806, 3258.644477588615, 1780.789612034955, 2228.529533831108, 3199.1202635595, 1714.2129490664124, 2308.367023263793, 3961.0410256918813, 2948.897513328377, 2280.9784375713657, 2829.5129646100727, 2019.1378065247052, 3571.6978584215276, 2285.0209179116628]
fps.c2:[1.1994680135311027, 1.4154797544199975, 1.2214864766680835, 1.168683292401868, 1.2153391361058057, 1.2346921571946377, 1.3120269976419547, 0.9218105853995971, 1.2272381630224019, 1.5326152768826833, 1.2585912916808601, 2.1462881420710422, 1.2755953594974967, 0.8566377601297938, 0.6572129360312855, 1.605754720661834, 1.395163970640688, 0.6513911658614844, 0.9935717631916912, 1.2121654190526667, 3.5519253930832493, 1.2392014231929909, 2.496067565586486, 1.5719659220148512, 1.2626662536730722]
