Ri:[50, 100, 150, 200]
Zi:[100, 200, 300, 400, 510]
FC:[[4.030545764158176, 4.0055487753043915, 4.006958375486835, 4.033103698307945, 4.042898608719778], [4.014485795270214, 4.01741685281168, 4.046208213804563, 4.069612563961358, 4.093665497511476], [4.16600919752797, 4.170343104752252, 4.197923006086542, 4.224085973205881, 4.255618049178138], [4.80600975949859, 4.827316955491088, 4.862551519860092, 4.890711116914493, 4.912586747446714]]
FCE:[[0.037447886757222396, 0.02585948995526139, 0.020980349432870887, 0.01772007494411252, 0.015656691059674967], [0.019328436019782052, 0.013117794816963128, 0.010365895543057876, 0.008943751248656309, 0.007921262474582063], [0.01294896833927272, 0.008784128381974171, 0.007095182942809968, 0.006131475690207074, 0.005435435211415281], [0.011996705413085288, 0.008146128714035031, 0.006585504112417745, 0.005688484103239933, 0.005033494093156907]]
fps.ts:[1615280362.08082, 1615283816.99446, 1615287271.9081001, 1615290726.8217402, 1615294181.7353802, 1615297636.6490202, 1615301091.5626602, 1615304546.4763002, 1615308001.3899403, 1615311456.3035803, 1615314911.2172203, 1615318366.1308603, 1615321821.0445004, 1615325275.9581401, 1615328730.8717802, 1615332185.7854202, 1615335640.6990602, 1615339095.6127002, 1615342550.5263402, 1615346005.4399803, 1615349460.3536203, 1615352915.2672603, 1615356370.1809003, 1615359825.0945404, 1615363280.0081804]
fps.e0:[10773.884692999016, 10773.50503462953, 10757.97655742045, 10757.610870060307, 10746.267372078486, 10759.915894571293, 10732.154194422363, 10723.094723778846, 10756.070320234161, 10769.134393649732, 10747.615492533478, 10755.225404638517, 10728.994806331975, 10722.758115492928, 10740.216871385055, 10742.619490650999, 10710.480173081241, 10720.070044245875, 10709.1205283289, 10754.320168722841, 10746.44197374022, 10744.541189819747, 10701.215235849504, 10740.122420105934, 10722.794237024369]
fps.e0u:[17.919098156228113, 17.67198481519597, 17.803449184947816, 17.846882552483113, 17.57809680541535, 17.57561552215646, 17.866574979381532, 17.572582239765932, 17.912020674860663, 17.68604657533057, 18.040300409779274, 17.915622030907816, 17.924578834186786, 18.093509079361013, 17.83381651831247, 17.759874305594384, 17.74405295398632, 17.769698250808155, 17.578045934545308, 17.37287487232783, 17.442567367660818, 17.687897251153437, 17.5578156617019, 17.696646498944602, 17.48999062258265]
fps.lt:[13652.488650521454, 15963.776026123256, 15638.307746888015, 15649.506289455663, 17336.965052423828, 14531.63018929645, 18101.936699826427, 18070.571406405405, 15543.248096859907, 14767.944163845474, 16741.091804795396, 15844.730746359612, 17420.7982010035, 18261.365873998886, 16955.8137560836, 16134.430160383288, 17078.769336543988, 19061.302582762488, 19566.669916290055, 15392.4763516374, 16923.156768841658, 14803.7721155184, 19116.42977857172, 16520.383025869683, 17598.75303261461]
fps.ltu:[946.3208382581224, 1266.5471882549928, 1219.0728585790791, 1221.310778745724, 1488.1855974033797, 1044.4778975098782, 1654.6746507101236, 1625.56832091839, 1209.9773509230783, 1077.424079143697, 1413.874808415701, 1260.4707736402634, 1528.3544781556166, 1688.235001938157, 1445.6273006700055, 1299.4642900620665, 1458.7602442543052, 1813.7510183083928, 1887.6313635271738, 1152.2195808837569, 1411.1169494186715, 1093.9877312413166, 1799.0984184757076, 1352.9541973441114, 1518.9804575820851]
fps.c2:[1.1960312408081635, 0.9144992608589791, 0.6541764588041736, 1.4715379412714127, 0.5566466855255701, 1.861368245678438, 1.0871500517539858, 0.7340558961423069, 0.8609300063169893, 1.51099925856985, 0.7710934962785346, 0.9843893569816126, 2.4789406663069986, 1.3387143852769214, 0.37156886415960294, 1.9364406967024022, 1.086607599780057, 1.3915427984053799, 2.262473283850958, 1.2018923192408795, 1.912089083394941, 1.3327528341489543, 1.6702261921335546, 2.2602606333237896, 1.6650962540111829]
