Ri:[50, 100, 150, 200]
Zi:[100, 200, 300, 400, 510]
FC:[[4.052220154416314, 4.024526309862457, 4.044279315929952, 4.046990364756097, 4.054888915702422], [4.028747997052004, 4.025395497494056, 4.049654780147334, 4.06189533929667, 4.084326563243057], [4.1392894130583375, 4.15072836350797, 4.181560991471222, 4.206342076880293, 4.237681857511606], [4.804723345327356, 4.837656203006663, 4.867915883415566, 4.89189575129314, 4.9166294052234605]]
FCE:[[0.038923040823948166, 0.026296064780358966, 0.021165802614558346, 0.01812725018474061, 0.015860412617380047], [0.019229756929213488, 0.012967443024959297, 0.010482698963176365, 0.009017583685087972, 0.007961099402607875], [0.012917521640043537, 0.008764639275683179, 0.0070738125759411035, 0.0061073744519274525, 0.0054150569782883155], [0.012027015474682066, 0.00818149024623209, 0.006597690917364673, 0.005694632778864764, 0.005041343128414775]]
fps.ts:[1615366808.08304, 1615370260.59712, 1615373713.1112, 1615377165.62528, 1615380618.13936, 1615384070.65344, 1615387523.16752, 1615390975.6816, 1615394428.1956801, 1615397880.7097602, 1615401333.22384, 1615404785.73792, 1615408238.252, 1615411690.7660801, 1615415143.2801602, 1615418595.79424, 1615422048.30832, 1615425500.8224, 1615428953.3364801, 1615432405.8505602, 1615435858.3646402, 1615439310.8787203, 1615442763.3928, 1615446215.9068801, 1615449668.4209602]
fps.e0:[10765.938181863217, 10690.921303239948, 10762.179694180617, 10705.64623632838, 10722.416965516455, 10745.664080856981, 10730.40990321135, 10717.06365467155, 10731.803536332769, 10696.064696141739, 10729.925531147812, 10741.831957455086, 10728.389220487625, 10729.316203882447, 10729.522597131065, 10658.636015729973, 10705.553618806935, 10663.17418672222, 10731.85014552018, 10724.317113532888, 10739.906105387345, 10693.15261495641, 10690.111296812307, 10731.477686519735, 10720.41538036958]
fps.e0u:[17.527969328554537, 17.596439009510153, 17.798610607442605, 17.539695584893654, 17.472115996413343, 17.65338044388659, 17.62551797846447, 17.609085775242296, 17.819744163076727, 17.92632921684045, 17.47717542622347, 17.979464694665285, 17.57531932183771, 17.575444579767733, 17.5470517138609, 17.76916273416929, 17.83705727337343, 18.002015708274943, 17.6237515257495, 17.71010196824115, 17.974473694891852, 17.78740055780231, 17.95503100867538, 17.720081356071173, 17.583271646316707]
fps.lt:[14073.80136696193, 20919.263551076754, 15319.015940452058, 20787.44942520856, 18800.153525461206, 16442.018718240677, 17918.333407373248, 18298.839013637888, 16465.86402639437, 20353.407790724952, 19190.114521265634, 16206.497495170026, 19445.41522637789, 16978.421016529413, 16896.415363293116, 24904.391213379964, 20269.08226509196, 23592.780390926935, 16975.211716119866, 18865.41702177245, 17119.106909809958, 20521.318907951405, 21807.90249834403, 17844.103680505137, 19600.41581675295]
fps.ltu:[978.4075688379321, 2153.421453053997, 1168.8248039158018, 2133.8206118383455, 1738.6292040881644, 1339.2125938003558, 1586.728014713848, 1661.724685869008, 1365.4404362699922, 2097.1066128637544, 1819.8600685455558, 1337.626638226415, 1874.163197266956, 1430.6940719054103, 1414.6294768949017, 3094.24306115384, 2062.386313827335, 2832.2854268614888, 1445.7479970020938, 1775.9253349939365, 1480.4622308220985, 2104.0687226764207, 2405.6451735703718, 1602.1894876677889, 1911.1401145252435]
fps.c2:[1.6294596561018553, 1.6420607746972364, 1.080398012301348, 0.7275191847562323, 2.290293763904493, 0.9935684292229572, 1.990297444516482, 1.7789441851631125, 1.7508605978857201, 1.3668248871251103, 2.917784768800178, 1.0233343777255919, 1.8101769559661531, 1.8911968037744726, 0.6963381410031495, 1.603088508234092, 1.1179315886055445, 1.388406435074479, 1.6777451392005425, 2.720302279740675, 1.003018900868291, 1.1994920392896902, 1.4448413092084829, 1.1613699134959163, 1.1937599691564342]
