Ri:[50, 100, 150, 200]
Zi:[100, 200, 300, 400, 510]
FC:[[4.031490905285778, 4.007599971949822, 4.028844602826383, 4.030417199366155, 4.0408788934147335], [4.013625267296727, 4.028300161897206, 4.052994922197846, 4.081017314670185, 4.104109699631305], [4.149536861799028, 4.16483315702196, 4.194310226889769, 4.2168113454393445, 4.245725244505698], [4.7927777089238965, 4.816072980982558, 4.852072599280819, 4.8784468682456605, 4.900787507526084]]
FCE:[[0.04044886961898032, 0.02710044594253922, 0.022024672490567117, 0.01894279048857929, 0.016656333980548062], [0.020152210063496434, 0.013720198121627536, 0.01109572205713485, 0.009604211252540762, 0.008499245520604945], [0.014269702375180176, 0.00966039681658626, 0.007804823944526527, 0.006735372386721843, 0.0059635105585381315], [0.012970505938237446, 0.008797944982797425, 0.007114625051525542, 0.006149886837481249, 0.005441578676187156]]
fps.ts:[1616496475.2623, 1616500011.2169, 1616503547.1715002, 1616507083.1261, 1616510619.0807002, 1616514155.0353003, 1616517690.9899, 1616521226.9445, 1616524762.8991003, 1616528298.8537002, 1616531834.8083, 1616535370.7629004, 1616538906.7175002, 1616542442.6721, 1616545978.6267004, 1616549514.5813003, 1616553050.5359, 1616556586.4905005, 1616560122.4451003, 1616563658.3997002, 1616567194.3543003, 1616570730.3089004, 1616574266.2635002, 1616577802.2181003, 1616581338.1727004]
fps.e0:[10722.849737043765, 10677.927347818917, 10678.62170204262, 10671.03896863366, 10691.289986993756, 10690.248678556884, 10654.372481175187, 10713.875191271349, 10713.606724153446, 10680.874039577444, 10699.67215643213, 10678.378310614888, 10667.405485538748, 10717.559242951975, 10695.400727409484, 10688.673167667903, 10693.85056777416, 10703.719876408391, 10662.922166220464, 10693.571258119155, 10706.549641888245, 10713.847503395054, 10720.422176760809, 10684.480972938842, 10710.529896232536]
fps.e0u:[18.69014929333555, 18.975906326038523, 18.73718823861185, 18.923055362463998, 18.767962040357215, 18.690226662956547, 18.666146402882966, 18.633258130788544, 18.980526556059964, 18.977392305682873, 18.77131543476495, 18.97570225403254, 18.984557844705996, 18.97400994381552, 18.726223662230378, 19.004302046930338, 18.570378692326695, 18.765947303968357, 18.591455313267243, 18.976508030842666, 18.90808925504069, 18.68780020528389, 18.602161546257378, 18.970081100077575, 18.89133929099959]
fps.lt:[16257.756816254132, 19929.051666801013, 17671.450897046063, 20368.132761843146, 21020.121642706195, 17422.53282653593, 23176.33995536661, 15963.074972560442, 17670.34682398192, 18867.46491219832, 18625.992785797403, 18311.626463700115, 21578.15589885312, 16982.330314729104, 18844.57606952231, 17742.64197372665, 20651.688716353106, 16787.077010347213, 20567.249460876737, 17276.16061725855, 14921.850837263904, 17268.2573114917, 16742.536962716822, 18912.484268859425, 17626.437484605245]
fps.ltu:[1389.2407748303438, 2126.0583874053714, 1656.0256832408995, 2200.5447301701033, 2330.869456556318, 1610.1168603279543, 2828.274912137505, 1343.313561864371, 1658.7759983799474, 1881.0310760351217, 1844.9697552488417, 1795.286137838594, 2478.4129345584442, 1545.006789239667, 1864.5570027879237, 1685.7653661576076, 2223.5885403846337, 1493.4664331134227, 2224.6691160765217, 1583.4478516999322, 1190.7998409255015, 1569.4065101144029, 1479.1943225009597, 1895.2926242568437, 1652.794203180301]
fps.c2:[1.6297208847153553, 1.3926442697085248, 1.480223804780201, 1.2625227381072135, 2.3660951958494816, 2.621478821073679, 1.6508013011181633, 0.5187709816048748, 1.79252467259389, 1.3355602428486324, 1.4661358563827558, 1.1583854448965933, 0.9504187795738933, 0.32317452466852176, 1.4553606405695934, 1.8092078117172965, 2.355220103247199, 1.1237441003691377, 1.1499823423796374, 1.224631525601266, 0.8851682700990968, 2.422043373539268, 1.1038228116819269, 0.8783048852110975, 1.092936670022012]
