Ri:[50, 100, 150, 200]
Zi:[100, 200, 300, 400, 510]
FC:[[4.1604963068500185, 4.1294917440831584, 4.126037203191227, 4.141935739091169, 4.156517676673812], [4.087297659797252, 4.089926777598373, 4.111246019234435, 4.139561537213329, 4.167535431866514], [4.198387094699692, 4.219624098728943, 4.243219126931707, 4.268787254768374, 4.296573275029127], [4.831842664278019, 4.865578486249042, 4.904454345812966, 4.927435333688364, 4.947582331688561]]
FCE:[[0.03567190034419682, 0.023945116067545458, 0.019363179158069548, 0.016733434984003773, 0.014786193297920221], [0.017561756011390848, 0.011927055320122422, 0.009664729143579645, 0.008361033397338815, 0.007422918661601808], [0.012303590165936412, 0.008360252029983677, 0.006774372522492322, 0.005849400549900443, 0.005190913136845116], [0.011116368953344858, 0.007565007416173037, 0.006143998038427623, 0.00529572941289277, 0.004691966487136763]]
fps.ts:[1612963198.67336, 1612966192.8320801, 1612969186.9908001, 1612972181.1495202, 1612975175.3082402, 1612978169.4669602, 1612981163.6256802, 1612984157.7844002, 1612987151.9431202, 1612990146.1018403, 1612993140.2605603, 1612996134.4192803, 1612999128.578, 1613002122.73672, 1613005116.89544, 1613008111.05416, 1613011105.2128801, 1613014099.3716002, 1613017093.5303202, 1613020087.6890402, 1613023081.8477602, 1613026076.0064802, 1613029070.1652002, 1613032064.3239202, 1613035058.4826403]
fps.e0:[10569.457659115056, 10650.637026747007, 10678.818621963645, 10670.405718365615, 10644.832538602284, 10696.306578218446, 10712.03041316205, 10694.173728454794, 10711.733461143118, 10732.597178032778, 10679.36242883628, 10697.85596024424, 10724.179285286586, 10694.473809891104, 10731.743337718912, 10710.69002225346, 10675.042848158153, 10722.775316286628, 10696.959053508266, 10739.767521090365, 10691.67906813551, 10714.224729527072, 10758.947184137007, 10720.87432568113, 10716.778144071899]
fps.e0u:[15.966620990743651, 16.053526613588, 16.028678506382256, 16.018208363974168, 16.606194366780517, 16.12560164900767, 16.225196412514002, 16.259388745226847, 16.256324399379405, 16.10932903918422, 16.294979621869256, 16.124519454490965, 16.466980873578528, 16.293636927323348, 16.380153114922273, 16.149870281389855, 16.391487830828808, 16.27573840732893, 16.273860872176044, 16.217644975410472, 16.346087242452523, 16.264176786075808, 16.243951955751683, 16.172326730338078, 16.414758053502002]
fps.lt:[20923.48338289832, 16825.156346666852, 16256.59074082564, 16322.789100854503, 19410.049116097995, 16031.11176185947, 15953.118133305512, 16062.239274383428, 15558.538952794024, 15133.528579507618, 20317.099099572413, 17127.81074777416, 15164.532968589165, 17407.844369554805, 15618.415947338292, 17196.495225616494, 20722.52984916748, 17656.6476477, 18583.17593871016, 15372.948196522348, 21657.8293779443, 18942.87053730836, 15051.872858817478, 18061.5230110967, 19085.173459072073]
fps.ltu:[1984.5889637145729, 1279.309909324575, 1192.8888956982264, 1207.0268193318072, 1766.4020721123673, 1169.9604163222632, 1156.3470148020454, 1194.7366227500863, 1110.3037539915215, 1047.4799483831316, 1903.5143747103268, 1341.809335929031, 1067.0766030383452, 1393.8327822356039, 1124.5372598041843, 1357.459360200198, 1976.6275802191076, 1423.1127089093295, 1578.0329010376413, 1082.0195955463034, 2166.212259078061, 1649.7093743570465, 1029.8555943445492, 1482.8851792694736, 1666.4743594426652]
fps.c2:[0.8602829272282615, 1.1020476017450087, 1.645694980582452, 1.922984406966421, 1.4126482261372204, 1.5774345701841652, 1.2870656847895035, 1.0193738285143594, 1.2211410763216182, 0.780958622454306, 1.0975379764773558, 1.8283950419925137, 1.2994621305796963, 0.6426147281425758, 1.8507352273035391, 1.4952320803713233, 0.3561595542116664, 1.3593495854594566, 1.7756270171394903, 1.9248443694610775, 0.5573172287111251, 0.9164231475472439, 2.827993680760454, 1.6506943557342972, 2.050403172767336]
