Ri:[100, 130, 160]
Zi:[50, 100, 200, 300, 400, 500]
fps.ts:[1727.0634200000763, 5181.190260000229, 8635.317100000382, 12089.443940000534, 15543.570780000688, 18997.69762000084, 22451.824460000993, 25905.951300001143, 29360.0781400013, 32814.20498000145, 36268.33182000161, 39722.45866000175, 43176.58550000191, 46630.712340002065, 50084.839180002215, 53538.966020002365, 56993.09286000252, 60447.21970000267, 63901.34654000282, 67355.47338000298, 70809.60022000314, 74263.72706000328, 77717.85390000344, 81171.98074000358, 84626.10758000374]
fps.e0:[10833.641364151108, 10815.49726973892, 10810.043699549127, 10762.12157126872, 10763.83405305395, 10830.19121530199, 10796.715525228361, 10787.894752206406, 10809.902461332758, 10807.038329318813, 10788.578453199323, 10844.353525938033, 10787.789312345096, 10786.172249083875, 10765.487022234163, 10803.25616523382, 10828.082876243285, 10801.577880144343, 10806.654121993522, 10784.424927204896, 10799.119036117523, 10769.222907171044, 10776.483523808834, 10796.079529327873, 10794.297957194787]
fps.e0u:[17.100264370136, 17.2226923485494, 17.2081726669174, 17.334621528266393, 17.425489914055024, 17.28911552876226, 17.42457731645999, 17.284376453422265, 17.350666713008465, 17.421457543119008, 17.00874160938322, 17.572640937490704, 17.60278906886079, 17.256049084483607, 17.45035948862436, 17.325944852724923, 17.332315885169866, 17.209371111562827, 17.39505221231622, 17.600643143569467, 17.567813258720886, 17.304785895176355, 17.423295407966794, 17.19151412582149, 17.6787316675792]
fps.lt:[7133.537409440338, 7310.176155603848, 7540.264347392323, 8188.385298737295, 8252.166174589944, 7362.9840245297555, 7582.149234729622, 7752.773719114813, 7529.517225459707, 7755.643885967503, 7961.801494098217, 7011.18166838557, 7742.120260211033, 7853.788333675127, 8063.45758366895, 7613.513889275283, 7329.013035722746, 7717.365289377926, 7389.8675497278755, 8022.700112975796, 7866.136009357611, 8124.170434554693, 7927.6286849121125, 7599.724841007954, 7645.780928822454]
fps.ltu:[240.68706110387828, 254.4358661792023, 273.179168740755, 322.39868016542533, 330.2191147122395, 259.2515453800537, 279.26036864268025, 288.21276317090246, 271.93150517574253, 290.05188881463226, 299.2168657459028, 239.6584780103372, 292.05063122069845, 295.63384724344724, 314.5796951808816, 277.28206228731045, 258.89974727137644, 284.6487029161467, 263.59283580495384, 313.3048320817726, 299.1585187397775, 317.9871393643463, 304.08806215458304, 274.50521985800566, 285.2674795621796]
fps.c2:[0.8104233012354658, 3.072749197005692, 0.927424152970013, 1.0750568371095826, 1.9801736362849414, 2.1730294462733544, 2.448413035807779, 0.9052846388448352, 1.6051015302716019, 1.4423907119889656, 1.726025261405757, 1.5600228869962651, 2.045355217782748, 1.1122214059974644, 1.2043974505068005, 0.8650188138540855, 1.8535465740734607, 1.1242237051722976, 0.9480873369085117, 0.7162274551466824, 1.1244435737420415, 1.3498588615035132, 1.2016422452035627, 2.091251255851976, 1.147362458255077]
FC:[[3.8577086629128488, 3.9343899276711105, 3.992831987448544, 4.026062449683459, 4.045839774380048, 4.074868710391884], [3.9352493875617287, 3.994231176841498, 4.051456556234674, 4.079103431619209, 4.102602842985661, 4.131600587223329], [4.084802983861323, 4.105644040550798, 4.18020312736086, 4.214426640235758, 4.242127387632246, 4.286973907192368]]
FCE:[[0.04360194194098642, 0.025363142977641976, 0.016452122211483445, 0.012896963226960958, 0.010766386408209434, 0.009421806970556485], [0.034572954652319576, 0.01943715489749977, 0.012676301300516649, 0.009930889409372725, 0.0083373317164565, 0.0073248521975769], [0.029208233136559306, 0.01632804121593483, 0.010617646357455124, 0.008334306538807505, 0.0070408692096871825, 0.006154282402442587]]
