Ri:[100, 130, 160]
Zi:[50, 100, 200, 300, 400, 500]
fps.ts:[1756.0255599975585, 5268.076679992675, 8780.127799987793, 12292.178919982909, 15804.230039978027, 19316.281159973143, 22828.332279968257, 26340.38339996338, 29852.434519958493, 33364.485639953615, 36876.53675994873, 40388.58787994384, 43900.638999938965, 47412.69011993408, 50924.74123992919, 54436.792359924315, 57948.84347991943, 61460.89459991455, 64972.945719909665, 68484.99683990478, 71997.04795989991, 75509.09907989501, 79021.15019989014, 82533.20131988524, 86045.25243988037]
fps.e0:[10736.545372594632, 10762.981216909662, 10755.647574156816, 10756.42207172141, 10757.839338052194, 10797.447180510017, 10748.91093584405, 10764.291528970842, 10741.380162751986, 10772.653297038562, 10753.920138234067, 10761.678065695232, 10772.61574024821, 10754.42964691617, 10743.13181942559, 10742.412925430328, 10742.87437435682, 10747.67801855965, 10766.170301105256, 10742.864504867139, 10729.095898638549, 10747.090178138476, 10734.588748248068, 10745.963412831084, 10750.176683365138]
fps.e0u:[11.919254116806824, 11.866923018138213, 12.099837438517314, 11.913813172606275, 11.901921702225632, 11.922202930669801, 11.999690245569486, 12.031650165791612, 12.025174033519809, 11.85703711533363, 11.988539584359218, 11.945367641209415, 11.920983567380373, 11.890481625565023, 11.960263844033982, 11.744293281331286, 11.918942276687696, 11.827702732094721, 12.000266551448203, 11.912276301458284, 12.041242966008904, 12.173852135398935, 12.094824939220912, 12.123648016429357, 12.065379174758354]
fps.lt:[6090.412952498241, 5872.033517309626, 5900.6835615373475, 5988.497578213126, 5997.7686132389845, 5625.441421209744, 6118.683212622047, 5842.598925073139, 6130.272015179103, 5901.352345516932, 6005.4294495129425, 6069.154988005605, 5816.069329196478, 5998.9279340386565, 6139.910783143237, 6125.718137399655, 6166.1297535786825, 6148.380447789109, 5843.521829280889, 6114.390730664325, 6166.559814001364, 6082.699580812449, 6083.238385647541, 5945.413232700741, 5979.484540887436]
fps.ltu:[121.9139032498957, 113.32169776579555, 115.66881553937203, 117.37854515924413, 117.23607208842948, 103.90939683789942, 123.85275958688813, 112.70630116862662, 123.95272709892228, 113.81533475542425, 118.96027842899989, 120.76916185574632, 110.0955776591214, 117.38426127561391, 123.36879445685587, 121.31192161610078, 124.95019346439855, 123.15534053186234, 112.72072847266767, 122.87413064866938, 126.39308721610958, 123.14251765805615, 123.42922725719565, 117.60140154873682, 118.4124455026535]
fps.c2:[2.5428713527360447, 1.6827542292655164, 2.2356132817905205, 2.076380784578468, 3.458797285939322, 2.5038898910910885, 2.6581814276885316, 2.6819649813514324, 2.561994649067001, 2.291228724410993, 2.6970604471934507, 2.9011429927287935, 4.193594628121028, 2.348989522101494, 2.5262269349537414, 3.345072238656926, 3.973779877602241, 2.7012692551774538, 1.7446364673698587, 2.657504662081768, 1.6721489819278308, 1.2847501882227006, 4.170549605669591, 2.3527156617470677, 1.5939066111369757]
FC:[[3.759272805398373, 3.7988643414464867, 3.8429965771791785, 3.900735178656705, 3.9502011571749263, 4.0088722432063095], [3.7466300097596794, 3.8227107169203065, 3.8851473681853705, 3.9480424325638213, 4.003008715838268, 4.061452696086165], [3.8820081124467123, 3.9581188796979654, 4.013995687928196, 4.072756166483425, 4.124730385671619, 4.187091272732617]]
FCE:[[0.03406680317166365, 0.018113511411542476, 0.01112755195875503, 0.008406277619286442, 0.0070506046601995125, 0.0060783417014663495], [0.026061857691490994, 0.013572763667101959, 0.008328486000903098, 0.006478162904052794, 0.005332233841619602, 0.004722928931153198], [0.022548285045690734, 0.0112864396006125, 0.0068460757015288, 0.005324669902603464, 0.004508433333733174, 0.003916175746486734]]
