Ri:[50, 100, 150, 200]
Zi:[100, 200, 300, 400, 510]
FC:[[4.070727842726539, 4.0112665330316135, 4.035203166055797, 4.039021306439887, 4.056351319668771], [4.01815452434044, 4.030837386042028, 4.060984280843057, 4.081783313342471, 4.102038545240179], [4.187467615657147, 4.205407025120272, 4.235334097272607, 4.259865468052305, 4.281049681554101], [4.709000948347071, 4.77183602217818, 4.832475721894802, 4.868867812919946, 4.892577883031447]]
FCE:[[0.06229665095257812, 0.04111354374179156, 0.033440901642376716, 0.028637471392724118, 0.02511245631500758], [0.030290280177399643, 0.02045598713784479, 0.016517958093599745, 0.014177557927755682, 0.012474443325469098], [0.020764532566020195, 0.01411706905253418, 0.01139631570865205, 0.009702064148320415, 0.008549672507581254], [0.019060467780172917, 0.013004221164968523, 0.010544959503940125, 0.009113722677109068, 0.008049675319941997]]
fps.ts:[1623581375.84874, 1623582302.1462202, 1623583228.4437, 1623584154.74118, 1623585081.03866, 1623586007.3361402, 1623586933.6336203, 1623587859.9311001, 1623588786.22858, 1623589712.52606, 1623590638.8235402, 1623591565.1210203, 1623592491.4185002, 1623593417.71598, 1623594344.0134602, 1623595270.3109403, 1623596196.6084204, 1623597122.9059002, 1623598049.20338, 1623598975.5008602, 1623599901.7983403, 1623600828.0958204, 1623601754.3933003, 1623602680.6907802, 1623603606.9882603]
fps.e0:[10679.500128021857, 10715.44826583192, 10703.588318833152, 10669.014454806102, 10676.72345724644, 10668.888680569717, 10670.876845423403, 10659.157642425267, 10681.864155773697, 10657.31050895575, 10702.550586610174, 10718.915139375384, 10691.29497945387, 10710.237512880394, 10641.26826874891, 10657.975580305938, 10668.553035056977, 10703.080647712752, 10684.999796606859, 10674.854116723049, 10697.336083833916, 10651.589038260998, 10669.441926080535, 10630.621488620254, 10675.470835290153]
fps.e0u:[27.403436340014537, 27.846273790248713, 27.86882130205384, 27.97730316733874, 27.88982348934171, 27.28400877929778, 27.86638740044771, 27.41205876708213, 27.865333379676738, 27.39961625327918, 27.637177309090895, 27.903664344776697, 28.090569323268657, 28.258602737440718, 28.180274176860582, 27.881417695552827, 27.971523146758063, 27.956649845002275, 28.203164374729916, 27.847532391509617, 28.1204140887241, 27.65849241825163, 28.436960091014516, 27.851407680412713, 28.564604995005578]
fps.lt:[21023.63848070066, 20561.260527341914, 20832.889570885087, 21004.177688451022, 23310.816044072366, 25584.29019433701, 23656.992671184653, 27498.018216493998, 23344.93016189657, 23964.089325684334, 19030.538065490084, 18260.355424728805, 17526.38433248716, 18997.191595630324, 30074.448707146057, 30694.565072192978, 20870.986158678235, 19151.446910274608, 22235.280247489052, 21980.330329528628, 17708.688725375785, 24860.763312542847, 24878.926807916137, 32518.05158629032, 22553.807768583094]
fps.ltu:[3450.2459754979627, 3322.4016775001437, 3428.616783989983, 3496.10001011087, 4263.195895715056, 5089.03270533376, 4456.068305670227, 5928.690261251817, 4297.722018947708, 4430.759666006103, 2834.3381357765265, 2616.864876697722, 2428.063118485134, 2849.9543103567034, 7164.065839199604, 7382.196639557053, 3466.3294122232173, 2895.228283174893, 3958.159556881489, 3805.499469862559, 2492.859949495465, 4801.429583023589, 4922.51752011749, 8256.148954148292, 4060.3700567133396]
fps.c2:[1.8763455036966172, 1.1890089179201413, 1.9930720458564675, 1.052809908797537, 1.1329701883808287, 1.6520344924165355, 1.1760897996208153, 1.6073104750634322, 1.133760279269446, 0.7403321960189265, 2.333001808245763, 2.887830684966104, 1.7185025227947117, 1.13624858671604, 0.9224947896979638, 0.8544539732315191, 2.27581124834077, 1.1655770866308806, 1.0764799795644846, 1.7658895812112356, 0.7978624651872642, 2.0248033508084444, 1.2627096540340519, 0.5884775340603174, 1.246785495909682]
