Ri:[100, 130, 160]
Zi:[50, 100, 200, 300, 400, 500]
fps.ts:[1652.103860001564, 4956.311580004693, 8260.519300007822, 11564.727020010949, 14868.934740014076, 18173.142460017203, 21477.350180020334, 24781.55790002346, 28085.76562002659, 31389.973340029715, 34694.181060032846, 37998.38878003597, 41302.5965000391, 44606.804220042235, 47911.011940045355, 51215.21966004849, 54519.42738005161, 57823.635100054744, 61127.842820057864, 64432.050540061, 67736.25826006412, 71040.46598006725, 74344.67370007039, 77648.8814200735, 80953.08914007664]
fps.e0:[10955.905545532962, 10966.769561700441, 10947.144998154537, 10961.394511008602, 10938.611858276592, 10938.1848284792, 10957.315213603664, 10944.967112636828, 10933.478864295, 10960.91804979916, 10963.436909025078, 10934.667496732567, 10935.840234834932, 10936.207418969821, 10967.304711309125, 10934.290280023259, 10957.376488058493, 10943.479614599633, 10952.921637193227, 10972.955317302292, 10977.187479169199, 10980.034903714453, 10948.350649995638, 10965.8645397655, 10966.110437505944]
fps.e0u:[16.013214642052358, 16.149984524489962, 16.026366908551474, 16.353218362810765, 16.062291130243267, 15.93196046167471, 16.081534876879086, 16.09901739208609, 16.28976897467463, 15.878725968403261, 15.91155925173052, 16.114414321904135, 15.884615420648828, 16.224269085974523, 16.00538873590455, 16.209467202125147, 16.11059360588411, 16.210192309482196, 15.834921407705231, 15.972665416248304, 16.004760839925975, 16.21114214594196, 15.939228797447916, 15.966657601344647, 16.134213289675202]
fps.lt:[13237.166463188601, 12965.785478048212, 14640.823763346472, 12397.299047988028, 13330.333713645357, 14450.345402896808, 13091.903728342539, 14017.18482654868, 14332.065056944159, 12885.419142489307, 13391.299610782138, 13959.508339603191, 14282.08523756315, 13986.232917004272, 12984.155065020686, 13919.340180474399, 13716.074872725196, 14536.782128173798, 13374.949563772538, 13652.022521690587, 12828.920090672436, 12570.925796406646, 13460.484814614187, 13335.70070494062, 13359.921072415575]
fps.ltu:[774.7671023598607, 746.9515232489612, 938.5465977605356, 685.8677130224887, 784.2034452708145, 913.3694491146193, 761.4157807783972, 868.5903101732997, 916.6352173455914, 727.2277815418317, 779.7867793571833, 862.9248486768491, 888.2113434278116, 874.2076538983757, 741.0267083194395, 870.5007555440709, 830.9230354219725, 939.9020614975188, 781.0707862010966, 821.2649804202166, 725.9101482318957, 698.7680175768841, 792.2540574030003, 778.2517804854987, 790.7931150202509]
fps.c2:[0.8504904442714948, 1.9007668519325134, 1.2087079076445502, 0.9787001548771228, 1.1281207579522, 1.664095101453266, 1.2735942381859608, 0.8813186266654125, 0.8057202959341646, 1.4181599314141484, 1.9406512392237627, 1.0450278545497276, 1.8185497336527616, 1.094207700303369, 1.5828662207135875, 2.013034581338183, 1.5521005044258436, 0.8512653610558358, 1.5380083594156784, 0.8478036304843678, 1.2926388152111261, 0.7198555389706119, 0.8900637014309267, 1.4140965712312135, 1.3609658748584352]
FC:[[3.8035151405573457, 3.8500830600797618, 3.899786378875499, 3.9104548825855256, 3.938679624156102, 3.964179283753266], [3.8666352120745153, 3.9200249421757722, 3.96114939390267, 3.970270215019789, 3.9960461163188494, 4.023224320124748], [4.009690456352832, 4.041341890043052, 4.083625937064142, 4.097934456072006, 4.123212539997178, 4.152515319947093]]
FCE:[[0.03463181725313565, 0.022131866938861634, 0.014751945988027943, 0.011632681817617537, 0.009873483530215322, 0.008723897367470111], [0.027389740899988965, 0.01723373031828326, 0.011433504912735832, 0.009021821803499024, 0.007676252910790567, 0.006627843566180406], [0.022766856383279705, 0.014254874712432431, 0.009463618710319253, 0.007472164241479301, 0.006376168956462235, 0.005527620694479211]]
