Ri:[100, 130, 160]
Zi:[50, 100, 200, 300, 400, 500]
fps.ts:[1727.526660003662, 5182.579980010986, 8637.633300018311, 12092.686620025634, 15547.73994003296, 19002.793260040286, 22457.846580047604, 25912.89990005493, 29367.953220062256, 32823.00654006958, 36278.0598600769, 39733.11318008423, 43188.16650009155, 46643.21982009888, 50098.2731401062, 53553.32646011352, 57008.37978012085, 60463.433100128175, 63918.4864201355, 67373.53974014282, 70828.59306015015, 74283.64638015747, 77738.69970016478, 81193.75302017212, 84648.80634017944]
fps.e0:[10844.707435152024, 10840.334159360782, 10868.866134595612, 10856.824158250593, 10852.907869106919, 10862.096887146949, 10843.233079970312, 10838.311003236951, 10828.642334252027, 10846.11371008663, 10853.739007953534, 10869.066125260311, 10834.927954050823, 10863.796945113503, 10815.265815030598, 10827.127356167892, 10863.805875033084, 10866.876572859619, 10858.853048846748, 10839.804729044901, 10871.651335663519, 10853.229991699325, 10870.27069169396, 10842.182717021147, 10855.84615752576]
fps.e0u:[14.948878837874554, 14.948875085068213, 14.989985079284123, 14.812408748619001, 15.00418181333848, 14.9685191534944, 15.07738410237067, 14.777237841292228, 14.8493822259391, 14.841040158854309, 14.871431994414273, 14.822157510690076, 14.803500393778233, 14.817727004152824, 15.013618141365495, 14.743670584250928, 15.064235417194961, 14.865665638953951, 14.816528178059494, 15.101567074857153, 14.992333014983808, 14.980998236237612, 15.0392291460068, 14.908869831636101, 15.025228555536358]
fps.lt:[11652.589980487215, 12202.494710997813, 11239.846148574461, 12017.182831962793, 11734.841537918022, 11212.832921556097, 12350.531658286603, 12146.702879742259, 12403.40595028063, 11723.273706666043, 11832.6938131559, 10726.966721854957, 12233.73095211438, 11683.616501487611, 13080.891076693595, 12575.928121836558, 11430.018757740301, 10992.31247788664, 11837.252903600578, 11626.950806137018, 11260.333636997562, 11786.956017548418, 11718.722163709559, 11865.689541151256, 11584.48140808863]
fps.ltu:[564.4271640743278, 611.0053787135514, 522.8775373227634, 592.1334811188027, 571.5184737273646, 523.2554542804127, 637.283027781696, 602.7697615504214, 636.6945856670019, 566.6896291274415, 577.5123067486737, 472.573562736003, 611.8122317046702, 556.471591476101, 713.1877815427358, 648.0518820829279, 544.6967255406407, 498.7966598696053, 570.1082150972653, 567.1784775769154, 523.5283548205526, 576.7328697514554, 573.3989939200511, 583.1089371876551, 557.2791998664939]
fps.c2:[1.4448232883305674, 0.5587579817195775, 0.8211510853696038, 1.5704619155717485, 1.2773339465469464, 2.2530550215674774, 1.418611978029764, 1.7905759845752127, 0.8549798904111052, 1.039468423098715, 1.0451010509316225, 0.41240619628179787, 1.5089311193799753, 2.0447786441609743, 1.717812646067519, 0.6700810252505137, 1.942989381662482, 1.92483089817201, 0.8709019848593349, 1.8227101942367887, 2.1504258392005684, 0.9807628117282845, 2.6523527574547376, 1.3196208945119272, 0.7718031152129388]
FC:[[3.8035584306264227, 3.8586748235689616, 3.8684253086776335, 3.8779119607084422, 3.9107791844366373, 3.929279213129541], [3.878435086831813, 3.88979693621892, 3.9023914350180893, 3.924333338078957, 3.9586311871549715, 3.9798624226467045], [3.9940209796671944, 4.016341152397129, 4.033778217370286, 4.058908851345956, 4.094574876858301, 4.123814899584248]]
FCE:[[0.03330822470017182, 0.020694341982769583, 0.013609680695031873, 0.010690156287444966, 0.009083160077076066, 0.008004710379191314], [0.026069138731384025, 0.01597638603177051, 0.010493246134528818, 0.008284665706004161, 0.007059402314859081, 0.0062362300058635325], [0.022196810880212935, 0.0131805789124429, 0.008716772999949197, 0.006903407838595859, 0.005897508849140174, 0.0051087551497473686]]
