Ri:[100, 130, 160]
Zi:[50, 100, 200, 300, 400, 500]
fps.ts:[1768.3944799995422, 5305.183439998626, 8841.97239999771, 12378.761359996795, 15915.55031999588, 19452.339279994965, 22989.128239994046, 26525.917199993135, 30062.706159992216, 33599.495119991305, 37136.284079990386, 40673.07303998947, 44209.861999988556, 47746.650959987644, 51283.439919986726, 54820.22887998581, 58357.017839984896, 61893.80679998398, 65430.595759983065, 68967.38471998215, 72504.17367998124, 76040.96263998031, 79577.75159997941, 83114.54055997849, 86651.32951997756]
fps.e0:[10994.667462512112, 11002.744953442063, 11021.116199702628, 10986.229373528708, 10987.827638269626, 11017.666235412667, 10996.539541111206, 10991.07861567801, 10989.397101346583, 11010.724039066601, 10984.411794197222, 10958.587293768858, 10999.93474671813, 10993.205482119023, 10979.93384019604, 10973.083711023794, 10997.872448210266, 10968.340121283361, 10983.999595941204, 10960.828395122866, 10909.81009685765, 10928.025428242028, 10908.4636666837, 10919.338237296031, 10912.877959456942]
fps.e0u:[12.828538738270247, 12.832595065865895, 12.9420494209745, 12.70911739172246, 12.714111345021884, 12.741522137275336, 12.728094187833257, 12.898235351539086, 12.6170780566827, 12.756787515266229, 12.79318772155907, 12.858970928430374, 12.91721803812437, 12.866154075363092, 12.765853970626292, 12.904415325212547, 12.812535610986583, 12.93701577547475, 12.872353894126551, 12.873877902630552, 12.778705576416915, 12.656995683989958, 12.79695854086603, 12.786900639074737, 12.855647444367092]
fps.lt:[8467.34492732429, 8262.307604745585, 8096.373391863201, 8680.412951369435, 8458.056695445553, 8258.663655999115, 8409.730871986101, 8399.986570598589, 8455.632557132452, 8021.180477486966, 8643.671656331544, 9502.23370636995, 8131.034826725534, 8692.51604220325, 8841.978675039096, 9163.64154301624, 8630.416302463027, 9080.451474039026, 9020.443575131523, 9574.430387906557, 8955.754867500815, 8684.102412349861, 9035.934744749795, 8829.560485343518, 9071.146064441189]
fps.ltu:[252.34661510852155, 239.3053502474582, 232.18855316384995, 263.01988618977674, 250.5662924086409, 237.50065100457184, 246.83051763398274, 250.94319717418415, 249.60374809337264, 225.62638109761102, 261.4136102873211, 316.25631399614804, 234.78515721982993, 265.1596577570709, 272.8906014595469, 296.4498587186973, 259.74342897699074, 291.6909568741979, 284.4889092924689, 323.30683446597584, 281.16107652351235, 262.8264758815986, 287.5622316991853, 272.7257482244582, 292.24454421189336]
fps.c2:[1.285069179309926, 0.5447750733628542, 2.6444356156407673, 1.9619782998640527, 1.4494499151329114, 0.48661207091845615, 1.7612663249427998, 1.3006890360130472, 1.0047157887994753, 1.258940948340296, 2.0589907603798023, 1.8273718128500673, 0.7744229759906948, 1.0249136486820645, 1.606227815802313, 2.2605346355002918, 2.410843570146335, 1.9161034285905116, 1.1757196687011977, 1.7465955031975768, 1.5024449730019507, 2.252120954495717, 1.0793854922841855, 3.6076264675446557, 1.54895782909101]
FC:[[3.8792326292083334, 3.8624702184187014, 3.874871692852045, 3.911528780950513, 3.9466924216245896, 3.9900194784330925], [3.8834785326176497, 3.901380324649106, 3.929869714764699, 3.9647739595322493, 4.000288086007471, 4.041861804868796], [4.005317435315126, 4.017942341120879, 4.060064407412247, 4.0947062459956305, 4.131668388644715, 4.174425491245066]]
FCE:[[0.03109949464345903, 0.017583595062380154, 0.011247157405756367, 0.008879162983457064, 0.007521138037948922, 0.006679433333247626], [0.023898624318616207, 0.013639497062283661, 0.008736242675134108, 0.006878705543052539, 0.00584410738153376, 0.005192102096897841], [0.019901651046661122, 0.011483885334271424, 0.007390823820856702, 0.005827118731573498, 0.004965571822912263, 0.004420541536399866]]
