Ri:[100, 130, 160]
Zi:[50, 100, 200, 300, 400, 500]
fps.ts:[1729.3549600028991, 5188.064880008697, 8646.774800014497, 12105.484720020293, 15564.194640026093, 19022.904560031893, 22481.614480037686, 25940.324400043486, 29399.034320049286, 32857.744240055086, 36316.45416006088, 39775.16408006668, 43233.87400007248, 46692.58392007828, 50151.29384008407, 53610.00376008987, 57068.71368009567, 60527.42360010147, 63986.13352010727, 67444.84344011307, 70903.55336011887, 74362.26328012467, 77820.97320013045, 81279.68312013627, 84738.39304014205]
fps.e0:[10848.941910784106, 10874.719129745004, 10845.538702380263, 10856.795932576324, 10859.814185535113, 10858.816811722287, 10861.936445918993, 10866.141446923944, 10855.544923433183, 10856.80306523238, 10853.15534928661, 10853.085557868355, 10857.217852301228, 10869.520120741767, 10860.883274851014, 10858.819916180924, 10848.805047981563, 10842.283119303302, 10852.888638904571, 10844.02384565471, 10866.057947581769, 10851.579834610686, 10849.369781221278, 10870.674495875606, 10861.307750903381]
fps.e0u:[10.086840330250965, 9.982653532893677, 10.11590431278987, 10.175539834367438, 10.203820276755405, 9.95376673029404, 10.025202315734465, 10.072421806257557, 10.038685703548172, 10.098435246545037, 10.11616886685459, 10.186729216780504, 10.058488135927497, 10.135159129872966, 10.08538700715577, 10.09285753136234, 10.080523913065093, 10.133088748174284, 10.084205984470753, 10.117816227428982, 10.164714350716446, 10.083943157372492, 10.076372389684693, 10.14382786540925, 10.118923152166255]
fps.lt:[6196.635946619348, 6015.144769927782, 6204.267609905951, 6131.117295952566, 6165.883654590464, 6030.406472652469, 5906.157476787083, 5908.46873052767, 6036.664848795892, 6071.774847013817, 6093.284592734089, 6204.162339675779, 6193.030313515042, 5975.136785324961, 6043.989784614066, 6077.077648585124, 6159.906180311085, 6191.338123416848, 6231.111251608031, 6171.192855348398, 5990.633994134564, 6163.803539883464, 6129.463319645767, 5912.657503428746, 6103.755460966336]
fps.ltu:[105.73357927016436, 98.7184767190597, 106.51634964620152, 104.30682257161152, 106.2791435623415, 99.99569569656377, 96.21019032671981, 96.80776894190596, 100.84106357594193, 102.15076097448923, 102.89186409510346, 107.14745057338808, 105.68748241453339, 98.84503918375869, 100.95962350229827, 102.3364843113354, 105.228969524457, 106.46545585664707, 107.43169280757708, 105.50069224161254, 99.94335551432033, 105.23662305511479, 103.68643165397923, 97.50096687437947, 103.28767800504258]
fps.c2:[2.797687860701563, 2.8068593034086287, 2.1832252595910275, 2.6022899049896657, 3.151493406584867, 3.0035344982876877, 2.6629950841958103, 1.7870962371724732, 2.933984985048321, 2.1662473057488834, 3.2718891412702096, 1.9035294743317275, 4.2106002522284385, 1.8881577924243165, 4.864058425221208, 3.639594309684144, 2.4973081540680484, 2.1611487967650893, 2.0312398548902393, 2.5030138702657356, 1.7038273959085404, 1.2365711991515964, 2.0908185963383263, 3.044233203273585, 2.5929269307018146]
FC:[[3.8361147514153333, 3.8219540796828597, 3.8588607509566617, 3.896988106088138, 3.9464861144218015, 3.998576731702285], [3.8827754139848993, 3.8762169837492326, 3.912167649123363, 3.9553684113763308, 4.004556402104034, 4.05770090780058], [3.9801235538053827, 3.9919470675775504, 4.05322635484048, 4.1039148171509146, 4.1570997393498645, 4.211523740919068]]
FCE:[[0.028204069117024933, 0.014612095164477288, 0.008930245642887075, 0.00693851053325831, 0.0058691171992599385, 0.0051982100425561895], [0.021903729679750964, 0.011352438723902679, 0.006915195515464228, 0.0053817711595446375, 0.004563279278529558, 0.0039580717984071204], [0.018089991944968832, 0.009593887251657864, 0.005757395816300665, 0.004388652215370158, 0.0037267426693926237, 0.003312226106105093]]
