Ri:[50, 100, 150, 200]
Zi:[100, 200, 300, 400, 510]
FC:[[4.102670504750093, 4.085552242474954, 4.0644341188547894, 4.082332093464815, 4.10300114006819], [4.084045018923119, 4.096554239594135, 4.105068301957351, 4.1170767147640355, 4.140920041219934], [4.198365291986454, 4.220870012834775, 4.241944940756721, 4.261501221777388, 4.289159143720181], [4.849630156348693, 4.868660554783456, 4.894881372180797, 4.920843400510181, 4.941083757751346]]
FCE:[[0.03728482088678922, 0.024959106723828964, 0.020100879063573066, 0.01740041815725726, 0.015519917536292829], [0.018896271096098243, 0.012760984361746951, 0.010256946466895499, 0.008827558294669182, 0.007829339266612953], [0.013245811803167626, 0.008967624315854688, 0.007234101960727053, 0.00623145888888751, 0.005526334052207054], [0.012052083371203715, 0.008144674946358782, 0.0065656031071215015, 0.005668837538108802, 0.005016788387693702]]
fps.ts:[1618339944.56478, 1618343183.96434, 1618346423.3639, 1618349662.7634602, 1618352902.1630201, 1618356141.56258, 1618359380.96214, 1618362620.3617, 1618365859.76126, 1618369099.16082, 1618372338.5603802, 1618375577.9599402, 1618378817.3595002, 1618382056.7590601, 1618385296.15862, 1618388535.5581803, 1618391774.9577403, 1618395014.3573003, 1618398253.7568603, 1618401493.1564202, 1618404732.5559802, 1618407971.9555402, 1618411211.3551004, 1618414450.7546604, 1618417690.1542203]
fps.e0:[10745.324251860962, 10742.078069482695, 10740.29309091943, 10766.783084746914, 10729.350553581437, 10759.088585559006, 10724.417314351564, 10724.500086945693, 10744.146413471732, 10667.424378998898, 10690.16740490608, 10658.901932329223, 10672.151137364779, 10695.68400750094, 10664.727657974454, 10693.822655657714, 10709.393653699623, 10671.85151977183, 10700.579514994766, 10694.062867543842, 10711.242225627624, 10679.473248875283, 10677.802129334686, 10681.122031538993, 10678.369318660867]
fps.e0u:[11.403268805918641, 11.379399721352666, 11.909277723202068, 12.729942336676643, 13.837658817524847, 14.978480753040877, 16.49041662764352, 17.531998308189824, 18.461595755395553, 19.391334281500946, 19.851391532028, 20.08729222655506, 20.680473570367916, 20.959416495831253, 21.52320126250124, 21.28062609635219, 21.93140019564402, 21.818217091853285, 21.893465423259517, 21.971407191808755, 21.638458995050783, 21.708787460041336, 21.984899289729057, 21.737057981176246, 21.746766683296133]
fps.lt:[15325.377133763037, 18459.811373925833, 19281.643506266915, 16275.270673223049, 19690.14358419113, 17597.413525637912, 18862.92550349591, 18862.727176514043, 14505.684971172419, 21819.139745747983, 18989.165348746978, 21710.001500479884, 22035.80676430859, 18904.871889239115, 23069.315623261682, 17491.50108260341, 16971.931326119007, 21355.976596319844, 17353.39031053233, 18347.39514374002, 16645.50736337866, 19273.01642838611, 18762.268586580176, 21796.844231067884, 17587.57302286251]
fps.ltu:[754.707650231238, 1088.2924346117786, 1240.8635267252446, 950.2055425906465, 1503.5341083516025, 1310.1385659399766, 1642.1849445691128, 1742.6956823274163, 1093.6584036215236, 2599.7017469682173, 2023.0787530298173, 2678.825927415467, 2828.341422074369, 2115.2700679302043, 3211.433623170975, 1833.6254943223084, 1781.7860028311682, 2782.7829344630136, 1854.6721163327763, 2094.5825692436224, 1690.8625544145361, 2287.308407513167, 2179.896924185976, 2892.580073785005, 1900.4809809706055]
fps.c2:[1.7884921228850152, 1.533177264179583, 1.2823101289467653, 1.008397651442259, 1.3687205575193895, 1.798734755815091, 1.835659073619882, 1.1617862956464418, 0.39457470754338103, 1.1769092536034738, 0.8775588979427583, 0.9832685778022299, 0.9120249710579201, 1.1359803567128048, 1.09682955167839, 1.5697488503119215, 0.7506194617137828, 0.835078855339918, 0.8343506192283723, 1.1672028213573173, 1.5763402599951084, 0.5597438467054416, 0.9372072304057297, 1.4983416662808082, 1.7544996472252494]
