Ri:[100, 130, 160]
Zi:[50, 100, 200, 300, 400, 500]
fps.ts:[1715.2280200004577, 5145.684060001373, 8576.140100002289, 12006.596140003203, 15437.05218000412, 18867.508220005035, 22297.964260005952, 25728.420300006866, 29158.87634000778, 32589.332380008695, 36019.788420009616, 39450.24446001052, 42880.700500011444, 46311.15654001236, 49741.61258001327, 53172.06862001419, 56602.5246600151, 60032.98070001602, 63463.436740016936, 66893.89278001785, 70324.34882001876, 73754.80486001968, 77185.2609000206, 80615.71694002152, 84046.17298002243]
fps.e0:[10946.191425139883, 10923.067969423359, 10910.817731743908, 10909.869912038295, 10917.159291279138, 10962.910386758635, 10911.41880695013, 10900.202227735426, 10951.139115581065, 10905.484155279359, 10943.110463032104, 10925.636438849288, 10911.319249903663, 10945.564469827808, 10929.612952957914, 10902.937232175605, 10919.339201377037, 10918.38057030229, 10929.594351580055, 10921.1354241073, 10920.4834979273, 10892.754409106567, 10903.821831468904, 10948.071143073535, 10924.466900078185]
fps.e0u:[16.094532172157418, 16.912213765765927, 16.335947786622278, 16.606839760936392, 16.521138364069785, 16.23760421106061, 16.561943664799486, 16.35747765997719, 16.404351094456384, 16.647260690730153, 15.892423455453489, 16.60814981367491, 16.715068498145655, 16.59807789108216, 16.68767451348422, 16.48360632344562, 16.139064598581506, 16.411285174139064, 16.444737512118, 16.79702510819287, 16.855030010615284, 17.037861520683567, 17.201562274909072, 16.73538597463597, 17.411405578271705]
fps.lt:[6241.067008762572, 6435.06900265233, 6513.145088682432, 6706.339694670842, 6758.8339295137, 6084.790502254014, 6691.603124627414, 6877.225893732524, 6258.141502762115, 6771.248471484969, 6301.151711032796, 6509.744685232328, 6633.980175230238, 6346.40922397346, 6470.7443344929825, 6693.418973557934, 6626.816642719031, 6511.291954728823, 6670.315369419719, 6644.728236536281, 6566.951782228476, 6851.5259885306195, 6734.659208828574, 6251.305205559798, 6597.093815077034]
fps.ltu:[171.96358503023612, 190.5051673633765, 191.03014109273192, 202.70793848354882, 204.37065419901666, 164.9218128806354, 202.63543669612014, 211.89482652881009, 174.7168719170692, 207.68105551354324, 172.59617454050243, 192.22075519439338, 200.68390937116482, 183.66678030518597, 190.41564219621665, 202.5258307757793, 193.81495036813638, 189.24021414201593, 199.96794663002723, 203.69930424692816, 199.0096990248896, 219.22728607950043, 213.38635893323416, 178.93388753407882, 208.1831408305395]
fps.c2:[0.40322599686499755, 1.077482564655141, 1.9184555430331522, 0.9053922178379457, 1.5755398237331333, 1.3416367766741817, 1.6252735164854255, 1.0472714683995292, 2.084256606521956, 0.6339349119241736, 1.848428050106075, 1.1395363101019353, 0.9020763373948164, 2.099291014482232, 1.2376056645083975, 2.2273623701712095, 1.6411770202173837, 1.2391461399727839, 1.252281650162902, 0.908011089169347, 0.6057278001388268, 1.4592065111618362, 0.6292858914996823, 1.2856940146164555, 1.4365758989992856]
FC:[[3.980917572430476, 3.9403184703073952, 3.9299636609385185, 3.9421036041403474, 3.971281068581201, 4.0170784207109556], [4.009602879713347, 3.973983616529758, 3.966458271964841, 3.9891100291782577, 4.026077920187515, 4.072881779229233], [4.118346525585127, 4.094665125207484, 4.095156479021121, 4.119305197486337, 4.163106314373999, 4.210678936769588]]
FCE:[[0.04339280398481033, 0.023979268049226673, 0.014830304323338516, 0.01146563332575885, 0.009657915133420817, 0.008542148962630019], [0.034047166084072676, 0.01872803612767361, 0.011448800495268462, 0.008869011252087673, 0.00750671028482624, 0.006657230616290426], [0.029478572098319708, 0.015918453812527905, 0.009687135781618166, 0.007515932644231901, 0.006247301616756115, 0.00555983532303933]]
