Ri:[100, 130, 160]
Zi:[50, 100, 200, 300, 400, 500]
fps.ts:[1732.7497800016404, 5198.249340004921, 8663.748900008202, 12129.248460011482, 15594.748020014764, 19060.247580018044, 22525.747140021325, 25991.246700024603, 29456.74626002789, 32922.24582003117, 36387.74538003445, 39853.24494003772, 43318.74450004101, 46784.24406004429, 50249.74362004757, 53715.24318005085, 57180.742740054135, 60646.24230005741, 64111.74186006069, 67577.24142006398, 71042.74098006726, 74508.24054007053, 77973.74010007382, 81439.23966007709, 84904.73922008037]
fps.e0:[10855.778379530968, 10862.956176317313, 10863.881852669669, 10862.338805975174, 10869.640903002075, 10870.659796134547, 10865.308969321633, 10869.76237737281, 10863.589375197012, 10858.829728674958, 10854.69574146279, 10865.80891571183, 10854.336895836284, 10840.959489102543, 10870.898189304597, 10860.167700816008, 10846.52799638406, 10869.716309017162, 10875.400251358227, 10845.251903234232, 10871.634811113581, 10852.413797097035, 10849.934284233113, 10866.427387728569, 10851.312860314618]
fps.e0u:[11.926070213326712, 11.90493177791538, 12.047996190405033, 11.91484345233882, 11.822033037000018, 11.748948663737746, 11.917925564606115, 11.846496278420195, 11.843166163582026, 11.933694295666433, 11.849818920207808, 11.9670058538451, 11.763117611534373, 11.867229842580945, 11.947028992654873, 11.942508964984444, 11.813273353698191, 11.779215983455728, 11.967979376721148, 11.936648767286929, 11.915540066755343, 11.883152314893396, 11.783416923479576, 11.979522955239732, 11.820360868881913]
fps.lt:[10879.376109217323, 10485.457554892535, 10640.838576691274, 10573.273514565399, 10160.472533284603, 10423.963991200482, 10638.585031540151, 10170.267076858034, 10484.611023446863, 10927.758674370527, 10698.22610412496, 10865.050112469735, 10887.2952046432, 11295.157641656197, 10379.251936215918, 10845.777670498117, 11063.732641729568, 10364.468505023839, 10331.921743242741, 11393.308168837288, 10453.687062196239, 10912.204436152135, 11400.559632962113, 10172.958943565309, 10958.430899878203]
fps.ltu:[389.7030729023242, 361.6567689775191, 374.38583823725963, 369.9080297393773, 339.15237417539595, 353.6555802452803, 371.6834463651007, 339.28196068231233, 359.16080065567604, 392.2829058880375, 375.12171121286343, 389.87018912365454, 385.4219936173917, 417.56927674392074, 354.3439894933695, 386.96704630564085, 400.4709185903843, 350.8675739096129, 351.53728968176534, 427.090116521005, 359.220038544341, 391.44252399055443, 423.245192874546, 342.2674485083825, 392.35874098021117]
fps.c2:[1.0941843702808596, 1.0157659564195933, 1.129348194165992, 1.718516090711381, 1.1984172873274008, 1.4745817997133501, 2.7489982396281407, 1.273746335877818, 1.9454230255910905, 2.8985760805676106, 1.4779990825255154, 1.2121581545061806, 0.9218336856070002, 1.100913628485179, 2.53237738948707, 1.3319100156724135, 1.665213397841423, 1.9428348481262154, 0.8001042496906747, 2.969984312472008, 1.1450196965590262, 1.945023482072429, 1.365314548180856, 1.2873106084447272, 1.6436824608721177]
FC:[[3.868907824564877, 3.876728422798546, 3.8894420850006246, 3.9058479992613266, 3.9305827306180876, 3.9561282948018843], [3.8809628981723283, 3.8945509955308966, 3.914619997591986, 3.940308173447871, 3.969203091758638, 3.997890325622312], [4.006766835935244, 4.021505054343401, 4.0382437678758185, 4.067591027311597, 4.095162841147432, 4.125392278141334]]
FCE:[[0.027490169452077093, 0.01675081714601011, 0.010957032894874154, 0.008374850174823579, 0.007096287198618802, 0.0062378891390767015], [0.021308069960978473, 0.012561023036425764, 0.00820970950759484, 0.0064488551664681135, 0.005487618045285827, 0.004842512068098993], [0.017731827915554572, 0.010658402122426466, 0.0069503506830853835, 0.005475036164404628, 0.0046637843274416856, 0.00412758550617449]]
