Ri:[100, 130, 160]
Zi:[50, 100, 200, 300, 400, 500]
fps.ts:[1750.333559999466, 5251.000679998398, 8751.667799997329, 12252.334919996261, 15753.002039995194, 19253.669159994126, 22754.336279993055, 26255.00339999199, 29755.67051999092, 33256.337639989855, 36757.004759988784, 40257.67187998771, 43758.33899998665, 47259.006119985585, 50759.67323998451, 54260.34035998344, 57761.00747998238, 61261.67459998131, 64762.34171998024, 68263.00883997917, 71763.6759599781, 75264.34307997703, 78765.01019997598, 82265.6773199749, 85766.34443997382]
fps.e0:[10895.552108643813, 10897.819844080865, 10902.104448171565, 10913.83703229908, 10910.043255716339, 10913.865326572928, 10914.03137804118, 10930.771740660595, 10890.305092398603, 10912.599220904203, 10908.902062555946, 10910.00326710263, 10902.735970028298, 10905.12017939583, 10915.791440635621, 10894.580578257795, 10907.675889181559, 10917.913774434437, 10895.051773421774, 10908.927004396191, 10910.858347356758, 10908.493629463313, 10908.251733468434, 10930.266851613354, 10884.48271174167]
fps.e0u:[13.872255486218245, 13.760629331843637, 13.761528537914634, 13.881502766742909, 13.822997882185602, 13.801057484432555, 13.975969643250428, 13.692845392068586, 13.884159380065974, 14.012998877569656, 13.68101323010888, 13.73101731173068, 13.94672691172975, 13.885540968030302, 13.69989935269471, 13.748760441776321, 13.886322714158888, 13.833833820345875, 13.796808736484177, 13.949765422101908, 13.684289593678574, 13.97178279858383, 13.850762149606279, 13.876576105125263, 13.844565141068655]
fps.lt:[12389.127357344274, 12870.356722661734, 12570.5094898, 11984.499125722667, 12245.194894041873, 12456.134968763803, 12066.75776358088, 12060.40441848869, 13646.995095855096, 11983.3210693774, 12207.26193465174, 12512.889761026916, 12791.589967231701, 12531.01704625522, 12233.990169731858, 13229.619749154794, 12717.4591921102, 12269.130359813282, 12784.452999000887, 12918.102611261089, 12627.314361654328, 12572.949293640208, 12374.08521384338, 11665.87054937577, 13506.974777649613]
fps.ltu:[588.1414242545919, 629.702885194384, 602.9513640993482, 547.7012869372184, 574.9012040802186, 590.0223053089367, 566.4575518956489, 545.8749209406856, 709.9907706264552, 556.5000349116082, 562.6776392572032, 597.1670069255044, 628.9563155561899, 601.4920833928455, 566.5060282157344, 664.7068436326836, 619.5328018865669, 576.3490913873767, 624.0687637649492, 642.7556979893826, 605.3845676732839, 608.4779898731744, 586.502523221375, 522.2700438420198, 693.2133572332464]
fps.c2:[2.123571054611119, 2.2617058452976804, 1.845086118898428, 0.9090264817519469, 0.9835051097909177, 0.7116863860329765, 0.6952143575265732, 1.2103761918403757, 1.736090229100223, 1.3521974632081504, 2.087117395761089, 1.5011585561007144, 2.5156689748803056, 1.29194836602815, 2.146399407518204, 0.8804122514906904, 0.8620130404322164, 1.0642897095500965, 1.2539462278809062, 0.9767900650907015, 1.7706155484751203, 0.9989154029534684, 1.1610091650428394, 1.3734358270710252, 2.000512054307755]
FC:[[3.8473581874827327, 3.854983597111044, 3.882095563924679, 3.911086589437091, 3.9338085985029396, 3.953013193788098], [3.9124982283736918, 3.9080536554934144, 3.9295090141192692, 3.9628405764945565, 3.985414091899306, 4.008479475581831], [4.024601486570354, 4.033028226476001, 4.052838391272198, 4.090097472639987, 4.115477103783058, 4.1413096463854675]]
FCE:[[0.030998110347215942, 0.019172293202693567, 0.012704552163940503, 0.010066246300432657, 0.008511926765399542, 0.00747991720801676], [0.02420032892517196, 0.014946146737153861, 0.00984315047561266, 0.007818389621741632, 0.006455060595579493, 0.005686899042467731], [0.020053542006901744, 0.012359172419142061, 0.008119714290110113, 0.006474529953127415, 0.00550535474931939, 0.0048735017441677905]]
