Ri:[50, 100, 150, 200]
Zi:[100, 200, 300, 400, 510]
FC:[[4.065370921424741, 4.052505936566552, 4.039266019807556, 4.054268871185937, 4.076159653185684], [4.042545638784966, 4.049035917640897, 4.053199220620943, 4.07198191823065, 4.09380171120827], [4.159928005309308, 4.159325381896796, 4.173920050271772, 4.2035487653547925, 4.231447634227086], [4.790123378131612, 4.828438108749278, 4.853299804587706, 4.878303777186775, 4.897747338547965]]
FCE:[[0.03688065627655822, 0.02505172852834225, 0.020021843026795202, 0.01729040309715495, 0.015322095155627841], [0.01858844574194011, 0.012570854237680106, 0.010081072272392695, 0.008711273754652978, 0.007705381228847427], [0.012541583926840497, 0.008454927420704006, 0.0067901505423701575, 0.005874175083458931, 0.005207530739714557], [0.011547942143178124, 0.007859263572727159, 0.006331274322782812, 0.005465702229112754, 0.00483577951731922]]
fps.ts:[1614606735.58722, 1614610142.56366, 1614613549.5401, 1614616956.51654, 1614620363.49298, 1614623770.46942, 1614627177.44586, 1614630584.4223, 1614633991.39874, 1614637398.37518, 1614640805.3516202, 1614644212.3280602, 1614647619.3045, 1614651026.28094, 1614654433.25738, 1614657840.2338202, 1614661247.2102602, 1614664654.1867, 1614668061.1631403, 1614671468.1395802, 1614674875.1160202, 1614678282.0924602, 1614681689.0689, 1614685096.0453403, 1614688503.0217803]
fps.e0:[10697.04786934569, 10710.219648477221, 10717.454806198277, 10705.438076600269, 10703.25773540168, 10700.5564233473, 10705.230756701198, 10691.759762634169, 10711.082600923448, 10713.627436084604, 10741.706272082289, 10693.350797652662, 10710.378239961598, 10703.514744533291, 10666.488252400164, 10716.571040801726, 10695.83628580637, 10732.246300947987, 10690.98633241341, 10715.072305550897, 10683.524237672114, 10709.149040600212, 10696.529695694744, 10699.773103656282, 10719.196750736426]
fps.e0u:[16.79385658680143, 16.97589400135287, 16.667353606451073, 16.81747704472072, 16.867505392040876, 16.913160054280603, 16.83952470891948, 17.085556456560887, 17.14063772033226, 17.013759887725534, 17.083978359773162, 16.929294477503966, 17.09620383240104, 17.058314233832885, 16.92701956864825, 16.900260624624785, 16.94525278776234, 17.046468001182365, 17.028095573032065, 16.95933890784773, 17.24459355522313, 17.115013550414158, 16.872634454381792, 17.12228261478859, 16.876587821975498]
fps.lt:[18818.23258010491, 18333.957201676836, 17562.692791583253, 17598.74284874422, 17967.93460653943, 18179.61571014948, 19191.901873197497, 19723.77599790585, 18911.962627462275, 17177.297704918365, 15902.391070773581, 18774.27305794396, 16366.146474917225, 17224.372474905176, 22183.597542986925, 16850.311861611997, 20296.279633399266, 16435.63547772718, 20586.579839452763, 16957.56065880448, 20947.27339742949, 17212.02704867535, 18753.372377116113, 17551.283645803218, 16886.33565218386]
fps.ltu:[1687.418922085223, 1603.3097060907214, 1449.0061812058657, 1473.1277496524594, 1528.0053675124618, 1580.9237968249543, 1741.4117231537691, 1870.593660339425, 1712.414899314362, 1415.7133016873738, 1215.785848602946, 1678.2188949439762, 1292.9587080381045, 1429.2628529118006, 2345.627986565361, 1351.2469843728918, 1973.9348120861298, 1295.8539996483842, 2036.530533606497, 1379.670142302543, 2121.2434245966324, 1424.8503143679125, 1677.7588623275888, 1478.5689165751176, 1353.5321351039963]
fps.c2:[0.9834118442864779, 1.3864091169213246, 1.197037739735964, 0.7872697242982996, 0.9209557648591136, 1.1293249221722965, 2.368649667683939, 0.8042210905186775, 1.760972634137429, 1.2314659826253636, 1.6653106826782642, 1.9432755096145407, 0.884844848123361, 1.2895357970762882, 1.2744500867451003, 1.7114694886923598, 1.10926925895999, 1.6425603140515088, 1.0408855794014795, 2.575527329248566, 1.2521520615033321, 1.7045600096142282, 1.7491192082859799, 0.8608216937024147, 1.310688455693728]
