Ri:[100, 130, 160]
Zi:[50, 100, 200, 300, 400, 500]
fps.ts:[1715.9181599998474, 5147.754479999542, 8579.590799999238, 12011.42711999893, 15443.263439998627, 18875.099759998324, 22306.936079998013, 25738.77239999771, 29170.608719997406, 32602.445039997103, 36034.28135999679, 39466.11767999649, 42897.953999996185, 46329.79031999588, 49761.62663999557, 53193.46295999527, 56625.299279994964, 60057.13559999466, 63488.97191999435, 66920.80823999405, 70352.64455999374, 73784.48087999344, 77216.31719999312, 80648.15351999283, 84079.98983999252]
fps.e0:[9942.95680641454, 9977.986096677685, 10028.648131870183, 10039.399830475319, 10050.170658032921, 10045.416868070255, 10042.257395987604, 10043.421052035425, 10056.3015950973, 10074.777913238178, 10082.629099315393, 10042.630504317687, 10087.619623264995, 10076.819828705044, 10050.981878655773, 10073.14929525802, 10095.096812636672, 10070.528354014206, 10097.555076125895, 10081.068402575434, 10104.746620644763, 10082.022141947835, 10116.889666777348, 10098.687695016313, 10090.770786248679]
fps.e0u:[15.450462504157477, 15.623965004829882, 15.501850398201515, 15.942695940135456, 16.07331004726573, 16.054526096329727, 16.06698932610595, 16.056549542936953, 15.847506910817176, 15.994145397342624, 15.83814549022006, 15.760765575570337, 15.702992845603003, 15.702640677836113, 15.807132132106014, 15.82181386418816, 15.62274588757511, 15.682820018186305, 16.062874587009883, 15.71804941233913, 15.87615052502086, 15.542457597801029, 15.737663407874884, 15.713793356904434, 15.804368938517394]
fps.lt:[6725.869633275219, 7104.000288873976, 6850.431585127232, 6992.418796183153, 6747.075049154473, 7019.541389313219, 7152.687493175222, 7007.153638018977, 7148.758725025931, 6789.674384007059, 6786.688087026674, 7254.079525114105, 6842.8334852675125, 7121.257310750611, 7474.885015436121, 7129.026229720121, 6824.144534608997, 7144.247586907318, 6927.748768464355, 7232.414999511792, 7024.416487673254, 7118.0622515606865, 6916.617461285181, 7224.040990688566, 7158.339591777157]
fps.ltu:[205.70659849005233, 232.26849422703137, 215.79522135525943, 231.8940915595477, 214.37190888191276, 230.93597783429752, 241.66162667785537, 231.07969895665445, 237.82923840426204, 216.51627984005805, 212.89544301723012, 243.83396437970157, 216.00138367484914, 231.8108187136774, 258.52916261831865, 236.00544445215803, 213.18640664710728, 235.88908702056963, 226.1746020902513, 240.34211609086756, 230.18097519151974, 232.43120712739616, 219.90355567852183, 240.17335736121652, 237.9479544806615]
fps.c2:[1.1788276324791567, 1.597110842904064, 0.8257339365506079, 1.0279802253091703, 1.288280332846587, 2.9873368959522475, 1.2816749811874344, 1.359009924845851, 1.2377995809631959, 0.6608029234558684, 1.0056010338598416, 2.016851146818293, 2.0538504774352817, 2.0560477857085155, 1.8874069315709858, 1.789344473420018, 2.3830278814991845, 1.2524265650717044, 1.1108055514960977, 1.9812674558085475, 1.25316000082309, 1.4646194629202058, 1.3672590105958873, 2.195130528647442, 0.944532194078451]
FC:[[4.1723460696878405, 4.129015530538369, 4.168353705705568, 4.220049330862292, 4.267747312221419, 4.311838138218507], [4.246263870038231, 4.208614861907259, 4.229601423105567, 4.267988837021768, 4.312704039460826, 4.358257501276315], [4.362644650193258, 4.337090757370912, 4.357023216001891, 4.391839810989218, 4.43900870238355, 4.482328705658106]]
FCE:[[0.047182590273952156, 0.025847150233737744, 0.016327372401332856, 0.012723019864226413, 0.01070764325924344, 0.009401918186833643], [0.038010516152424886, 0.02060498965449246, 0.012667160073616731, 0.009827749380791352, 0.008290173463271433, 0.0072954191714685165], [0.031674801572938435, 0.017484925894248226, 0.010684671003015931, 0.008266003870823132, 0.006984729222034578, 0.006150469726248643]]
