Ri:[100, 130, 160]
Zi:[50, 100, 200, 300, 400, 500]
fps.ts:[706.6564199972153, 2119.9692599916457, 3533.282099986076, 4946.594939980507, 6359.9077799749375, 7773.220619969368, 9186.533459963797, 10599.84629995823, 12013.159139952659, 13426.471979947091, 14839.78481994152, 16253.097659935951, 17666.41049993038, 19079.723339924814, 20493.036179919243, 21906.349019913672, 23319.661859908105, 24732.974699902534, 26146.287539896963, 27559.600379891395, 28972.913219885828, 30386.226059880257, 31799.538899874686, 33212.85173986912, 34626.16457986354]
fps.e0:[10598.251362972756, 10596.833255704425, 10610.288147507496, 10635.306233510595, 10639.17763052311, 10623.46382947595, 10629.530149137443, 10645.165254913338, 10653.331297469449, 10654.591375657665, 10642.476189122322, 10626.013729620287, 10683.892274209265, 10627.087331198114, 10647.337840980012, 10668.48921013768, 10700.050209511888, 10662.928657272658, 10678.413806240538, 10666.325055518504, 10665.213071519818, 10672.755540455533, 10716.64338096231, 10673.857362554994, 10687.60400381056]
fps.e0u:[19.95245815608341, 20.27398533944004, 20.032187752928948, 20.175209553884777, 20.08868857764543, 20.053671881737884, 20.779875758729368, 20.615181682441055, 20.23969075416079, 20.015783899348815, 20.15752576519847, 20.252788603446884, 19.9113141533019, 20.235674733044764, 20.289211812942376, 20.24592870302338, 20.328909242784675, 20.019740279328477, 19.986412826522137, 20.20662306194108, 20.057722098479218, 20.116579142268208, 20.221560331836532, 20.224116303336324, 20.153016488025898]
fps.lt:[5951.274012316284, 6072.657828981519, 6016.61995068489, 5983.824994076845, 5810.866291433535, 6032.718789487564, 6113.97460700842, 6087.806890831133, 5836.348914066938, 5851.969727588972, 6066.045326554607, 6267.7975901531645, 5673.711402707438, 6204.452356757778, 6070.267594104765, 5873.356588884992, 5651.227227106164, 6049.321679880123, 5786.742835284506, 5834.431432801732, 6169.911486850228, 5998.29919104866, 5465.965603131492, 6014.173064882349, 6036.044611922326]
fps.ltu:[196.91939372693287, 206.69897316223737, 201.8314991312838, 199.52446594915858, 188.73992189109327, 203.00428198667612, 213.62820694122885, 210.4357252751326, 190.82425308539212, 190.59313949148165, 204.27494121506274, 219.6486975890686, 177.77858648522542, 215.41373647921907, 207.38006669046936, 192.35905176182763, 179.36788203912232, 202.85144879726226, 187.52577781020565, 191.27372262400365, 210.054857604867, 200.29261218593274, 166.79387562273456, 201.9870437888521, 203.38692700240009]
fps.c2:[2.246496722715137, 1.6452425556480654, 1.8078405302778184, 2.399129933542205, 1.053816112388082, 1.4473275525007525, 1.1982435623952636, 1.627191852594021, 1.194163959069959, 1.2510943675784356, 1.3358453504839196, 2.1865109684193778, 2.1538293647632387, 0.5914803924240472, 1.7237410193713834, 1.107200802469432, 0.9198256906859826, 1.7256601401107892, 1.2960690981223841, 1.5163528238070447, 1.4850896301887673, 1.7145591786978065, 2.2374303656514836, 1.6461900933285192, 1.3893215127288365]
FC:[[3.700756360708255, 3.8135294858459154, 3.869548630529975, 3.907508486451719, 3.962156781842841, 4.0184819455464735], [3.76087023606679, 3.8611431569519743, 3.9169208471530057, 3.9754949095397545, 4.025233278616342, 4.076432494743765], [3.8936720613440086, 4.001747100011351, 4.050973866062583, 4.1004290215531745, 4.155154417514463, 4.202470001470405]]
FCE:[[0.05429790135223902, 0.02997614415402264, 0.018420586497216413, 0.01428492560613061, 0.011662117598234012, 0.010254365164827257], [0.04312162034421818, 0.023545511313126086, 0.014162289453892469, 0.01081141254678312, 0.009074264329052683, 0.007988618641713281], [0.036852881618710746, 0.019205398288362246, 0.011632366388429974, 0.00907638444549622, 0.007657056620196826, 0.006758356282094011]]
