Ri:[100, 130, 160]
Zi:[50, 100, 200, 300, 400, 500]
fps.ts:[1249.0803999996185, 3747.2411999988553, 6245.401999998092, 8743.56279999733, 11241.723599996567, 13739.884399995804, 16238.04519999504, 18736.20599999428, 21234.366799993513, 23732.527599992754, 26230.68839999199, 28728.849199991226, 31227.009999990463, 33725.1707999897, 36223.33159998894, 38721.49239998817, 41219.65319998741, 43717.81399998665, 46215.97479998588, 48714.13559998512, 51212.29639998436, 53710.4571999836, 56208.61799998283, 58706.77879998207, 61204.939599981306]
fps.e0:[10820.276517803564, 10869.280915493235, 10891.446204348933, 10888.922260029323, 10904.189108133814, 10910.453335845303, 10900.877902584698, 10862.99893643063, 10871.463037516942, 10873.342256387077, 10882.268949965268, 10878.5088391655, 10868.880155409921, 10858.53663173092, 10831.861394251117, 10826.709989957326, 10844.999951620184, 10866.296072108158, 10828.187910569304, 10821.166351140106, 10832.452803940294, 10844.112296338932, 10828.851826749586, 10854.032934055545, 10841.908939712457]
fps.e0u:[12.609514090331471, 12.494773877830923, 12.599298053713447, 12.397671619641311, 12.058933692720663, 11.985567512862994, 11.960434704429282, 12.003436508522496, 11.997040162111544, 12.072733662601982, 12.374307360283646, 12.794580635176589, 13.104405011563655, 13.497086390132463, 13.889758943933696, 14.185904766047138, 14.365957590266937, 14.668494787922109, 14.592479786297611, 14.79136915375941, 14.966980223642402, 14.970643071067716, 15.044727620967006, 15.036295881867042, 15.055234201239388]
fps.lt:[6085.887453023702, 6415.288974009533, 6396.528626665597, 6504.682958379338, 6275.969180247959, 6275.6896287173295, 6248.572483222338, 6629.593749417355, 6374.253545468075, 6489.999847005791, 6304.5024399440235, 6373.219746930494, 6307.8831525730075, 6348.718768260532, 6770.86841856868, 6747.573386702818, 6685.962866555348, 6258.602962724522, 6785.231773725419, 6909.9765833713545, 6659.255308553226, 6480.305065665272, 6776.358635729722, 6534.335390134747, 6722.721050379535]
fps.ltu:[126.87802059845671, 139.46257763574766, 139.3240430452758, 142.6065743908003, 130.5298359778614, 128.56958394029556, 127.47126663892693, 143.3017407966465, 132.99104836465912, 138.47450433852765, 134.3711421173297, 141.55470293324066, 142.83209730054074, 148.09315615805974, 173.6410174608648, 176.29009132897534, 175.33946479661, 156.8781875310047, 183.19006083988904, 191.48726785854944, 181.0116428907007, 171.82772278529447, 187.91306811427754, 174.55629460621694, 187.31267929321697]
fps.c2:[2.530466296165947, 1.4289381649597421, 1.4157277663990422, 1.91923861371555, 1.4167896064856484, 0.5260853436188037, 0.8526995999680275, 1.650865257673353, 1.3456134919387783, 1.4808606456010243, 0.6813393836611054, 1.200573581645045, 1.0334300069124576, 1.1703036822081054, 1.0021226406771948, 2.183415233582965, 1.320308744470041, 1.597068080785384, 1.8774285934864687, 1.7725213559934165, 1.7187478961522595, 2.5055379509190705, 2.35598500287814, 2.2330126786490805, 2.096259092112388]
FC:[[3.7731134240461803, 3.8373104980018664, 3.8552281165924773, 3.89788900546015, 3.9422468070448695, 3.986610740876825], [3.8309935338537624, 3.884425554271655, 3.9011449527167374, 3.947647828512321, 3.989712033708254, 4.037566843633961], [3.9334004613994384, 3.994083923665569, 4.012301849382097, 4.06171626793659, 4.1077075349088545, 4.154389070450371]]
FCE:[[0.03670267346227854, 0.01970464485390166, 0.011793463609238738, 0.009085234009043042, 0.007464753578664538, 0.0065930729967999015], [0.028832205858299646, 0.015300629580574512, 0.008938635950303574, 0.00691124233387996, 0.005819130365264136, 0.005153550010467921], [0.024492072758867486, 0.01256183877250832, 0.0075171935890819795, 0.00583108670433351, 0.0049273374490407295, 0.004370303961097778]]
