Ri:[50, 100, 150, 200]
Zi:[100, 200, 300, 400, 510]
FC:[[4.054192690035745, 4.080852354035429, 4.046953447275982, 4.058305318893897, 4.076528000387062], [4.009065471304291, 4.03980315047936, 4.058177640907157, 4.07661230724546, 4.105667211462598], [4.111888813439977, 4.152745344340871, 4.194735974247855, 4.218409409991037, 4.242282144994192], [4.717669123514123, 4.776836627191318, 4.820979318578643, 4.8550038436569025, 4.8767331282692465]]
FCE:[[0.05251930837473689, 0.03629790932633837, 0.028420039840490453, 0.02418991618326684, 0.021345754654280617], [0.024907863830189992, 0.017125910324368204, 0.01364751725758275, 0.011693863990867245, 0.010243952913930135], [0.017126870105530517, 0.011647369166511969, 0.009375798179758917, 0.008065628294105441, 0.007118368479403911], [0.01615022543725147, 0.01098231768996699, 0.008873327382917332, 0.007662786446118794, 0.00676631014986836]]
fps.ts:[1610805761.94282, 1610809403.78446, 1610813045.6261, 1610816687.46774, 1610820329.30938, 1610823971.15102, 1610827612.99266, 1610831254.8343, 1610834896.67594, 1610838538.51758, 1610842180.35922, 1610845822.20086, 1610849464.0425, 1610853105.8841403, 1610856747.7257802, 1610860389.5674202, 1610864031.4090602, 1610867673.2507002, 1610871315.0923402, 1610874956.9339802, 1610878598.7756202, 1610882240.6172602, 1610885882.4589002, 1610889524.3005402, 1610893166.1421802]
fps.e0:[10042.999666076168, 10019.283212492799, 10063.00781413434, 10086.416277001577, 10048.939810895237, 10008.455956748487, 10074.80157393412, 10086.16456947664, 10052.974376412738, 10055.400594334787, 10112.116938067355, 10077.435710300371, 10080.94624626367, 10066.706345107988, 10045.015418199944, 10102.40929877962, 10066.824679088395, 10084.175580758252, 10044.603892740677, 10031.034749909035, 10086.626890242878, 10079.50241497669, 10059.142013220013, 10061.494306055127, 10074.624791547416]
fps.e0u:[22.610439569542038, 22.68827807587201, 22.171538499324456, 22.143704394580272, 22.11451327524901, 22.310348555957273, 22.244024175298865, 22.5958908016468, 22.400378563772595, 22.61318561669361, 22.091970606123667, 22.116898852064686, 22.596035345685685, 22.640913031097547, 22.65479533796054, 22.023638119291903, 22.506036457671254, 22.902298714649916, 22.465344735242276, 22.80274082579617, 22.68384550404039, 22.56254772326529, 22.070375268398312, 22.260369396855417, 22.086376169415775]
fps.lt:[21858.35854507557, 24051.258739294884, 17436.245618557365, 16074.858641584042, 21134.778403351855, 25987.184626868726, 17706.964425788847, 16339.543213069875, 19626.469543341093, 19074.14235034787, 14678.961629202855, 14546.040077300378, 16280.90456889161, 17137.371618349414, 19154.615201346067, 14718.171453538305, 18054.300482705636, 17064.261681403146, 23328.92955670369, 22570.871179047084, 16616.042099517093, 17343.498221913793, 18725.473175205007, 18306.687537976755, 15790.034394467264]
fps.ltu:[3230.533488825852, 3897.5969685759424, 2025.3206709373765, 1708.788316213652, 2951.207771363186, 4518.485948762891, 2103.4851396029735, 1778.032878796082, 2559.6378527625207, 2460.8083980966835, 1425.8116460261713, 1394.558136273046, 1770.564365988069, 1988.002094351116, 2483.955196878599, 1430.7974548329832, 2201.2364326480993, 1978.0564931898368, 3647.9851958186196, 3478.2127907295812, 1869.3739487708333, 2030.4982964456099, 2342.5253910520373, 2256.1047685680655, 1668.696561376397]
fps.c2:[1.3310777068264381, 1.0294372799876876, 1.0850718037947502, 1.944751506729658, 1.789922270322345, 1.7384432291227785, 0.9341329860386309, 1.0277524916963658, 1.8710131869944366, 1.3063099327564056, 2.4348999104764197, 1.597603524281272, 1.23086929576921, 1.328391720874812, 1.4796802002511729, 1.9255055615802514, 1.1994753221363692, 1.3139438829045742, 1.9437552717465443, 0.5985698697988113, 0.7852464026283049, 1.3586107331221422, 0.6477358437141862, 1.5658946804502567, 1.046683789162524]
