Ri:[50, 100, 150, 200]
Zi:[100, 200, 300, 400, 510]
FC:[[4.042726987912288, 4.033898820512375, 4.033351435474894, 4.052112071783338, 4.068622861360486], [4.022751443523435, 4.043047162391237, 4.059774469992899, 4.080131110828374, 4.099845717583009], [4.1097215649142536, 4.144687826987208, 4.171710785856136, 4.199794319434173, 4.226495750566], [4.737159142445081, 4.785827714542406, 4.8259214422216905, 4.853502690876364, 4.873738545295578]]
FCE:[[0.04653929177620632, 0.03154179142557775, 0.02528761241017702, 0.021617711674522557, 0.01897018253652525], [0.022472612571350293, 0.015381215041680735, 0.012379867951997782, 0.010686757021853385, 0.009418426660744607], [0.015603422105399552, 0.010659566909815194, 0.00859687355534563, 0.007426179205942246, 0.006557580326554578], [0.01411152475115381, 0.009649375276131574, 0.007808195905957644, 0.006724596199066846, 0.005937762679009588]]
fps.ts:[1607277746.02424, 1607281202.5367203, 1607284659.0492, 1607288115.5616803, 1607291572.07416, 1607295028.5866404, 1607298485.0991201, 1607301941.6116, 1607305398.1240802, 1607308854.63656, 1607312311.1490402, 1607315767.66152, 1607319224.1740003, 1607322680.68648, 1607326137.1989603, 1607329593.71144, 1607333050.2239203, 1607336506.7364001, 1607339963.2488801, 1607343419.7613602, 1607346876.27384, 1607350332.7863202, 1607353789.2988, 1607357245.8112803, 1607360702.32376]
fps.e0:[10037.81554868048, 10002.58289281016, 10025.24235738132, 10011.466935036575, 10011.195817208938, 10063.721139103869, 10070.196052771851, 10041.591478731869, 10028.181211689762, 10030.187840022934, 9999.101164648522, 10000.160308043145, 10027.42320393157, 9999.40092387006, 10023.681073916861, 10012.716585856175, 10049.903953652582, 9998.722110112283, 10042.484099604198, 10059.639614417032, 10035.381233227985, 10011.854189006786, 10026.90920021113, 10030.770363457861, 10017.257106465024]
fps.e0u:[19.857115218942045, 19.83900800812945, 19.94703311684691, 19.991863553246752, 19.933970275718135, 19.797738304558486, 19.8540483069473, 19.665967308418146, 19.238733134235872, 19.843123843218397, 19.775010708177128, 19.921566246161465, 19.874444879738704, 19.741369550093182, 19.769719955813752, 20.155605819781485, 19.486635422138917, 19.868401009134267, 19.740796784667157, 19.632065971923687, 19.71675385156342, 19.888649254585236, 19.56744205740334, 19.40715747010638, 19.3839100905724]
fps.lt:[16277.210966928176, 18040.403136388046, 16719.045209826247, 17723.28285867301, 18446.471856611, 13368.402398834965, 13476.2230835431, 14900.779478052254, 16419.287343522636, 15502.709049379111, 19357.878167504503, 18406.216368997702, 17005.07079045666, 19345.679113156544, 16527.574221190636, 17457.557216465142, 15162.210387157567, 17466.93539256999, 16167.939295799368, 12904.204291433685, 16185.73735452376, 17194.113656716483, 16341.538055751775, 16095.68445495505, 16982.993480700294]
fps.ltu:[1579.6373089365336, 1944.4522294718822, 1658.9322918437747, 1877.9552145448379, 2013.8815334428778, 1061.3286321612748, 1078.796647423635, 1304.3851679217985, 1548.3865371717438, 1420.0433999733264, 2212.933737900525, 2006.6353699432173, 1711.1155642232866, 2197.065233148868, 1619.8876896726663, 1824.9599605171882, 1337.3938147069214, 1821.7504862873473, 1535.9182090429388, 982.5683319003454, 1540.2447515978247, 1769.2580776875695, 1560.2888714947849, 1520.9459347335862, 1684.6519480744805]
fps.c2:[1.7785287948532114, 0.6034893108665182, 1.3264073691585974, 1.6654149407966352, 1.470340718052206, 1.3814198902359496, 0.578959425612878, 1.4025411198366176, 1.6403156006361792, 1.86882284436786, 1.0491338743122638, 1.6903317534809486, 0.6885137728687309, 1.135220922899617, 1.1663811752397661, 1.9080035747820814, 1.6821257904559543, 1.0239668547440823, 1.2911551873537104, 1.4995062030286634, 1.0214890672873802, 1.7187037211893732, 1.4723344497072073, 0.7663098509067948, 0.899975977059539]
