Ri:[100, 130, 160]
Zi:[50, 100, 200, 300, 400, 500]
fps.ts:[1459.9981199979782, 4379.994359993934, 7299.990599989891, 10219.986839985846, 13139.983079981805, 16059.97931997776, 18979.97555997372, 21899.971799969673, 24819.968039965628, 27739.964279961583, 30659.96051995754, 33579.95675995349, 36499.952999949455, 39419.94923994541, 42339.945479941365, 45259.94171993733, 48179.937959933275, 51099.93419992924, 54019.93043992519, 56939.92667992115, 59859.92291991711, 62779.91915991306, 65699.91539990902, 68619.91163990498, 71539.90787990093]
fps.e0:[10850.133597280941, 10830.472418921136, 10834.480281736547, 10818.924346254187, 10855.024662901778, 10846.238464083368, 10830.238497091586, 10833.867125823559, 10847.184412079072, 10857.339639877362, 10836.673773223984, 10889.886504650101, 10860.620481810707, 10822.299246432147, 10842.109923422035, 10853.76363704724, 10807.020070694507, 10841.385128626905, 10846.95202312486, 10826.22828323934, 10863.764631008644, 10865.971654638453, 10839.329960142297, 10827.839863562494, 10821.738587543074]
fps.e0u:[15.592475729450486, 15.759628408614125, 15.696972997669395, 15.863216225131273, 15.748616279621436, 15.694554882839705, 15.859471596872194, 15.779355556513359, 15.857822907292908, 15.783135721737413, 15.59069860917835, 15.560269856292983, 15.689972731136441, 15.994247569394144, 15.690396302184167, 15.706248149744496, 15.862916263238436, 15.661057096059615, 15.96865081487426, 15.886473182736887, 15.669027493945055, 15.659980443176343, 16.021920918160923, 15.772137284842144, 15.812434756164212]
fps.lt:[11030.565191742966, 11978.051214856127, 11510.285813789187, 12000.753083482043, 11319.7973021434, 11411.060954781935, 12055.425806150588, 11911.646280728206, 11606.920157382638, 11383.456744146757, 11795.987998557617, 10173.572247950371, 10699.54970022849, 12171.854120773443, 11860.699627282951, 11435.331838449405, 13091.200199431887, 11877.651279878643, 11473.301362377411, 11694.744359085968, 11230.293778476858, 10939.833127395143, 11987.863478132653, 12301.751800022408, 13340.133448128587]
fps.ltu:[528.8911325501598, 625.7685961715234, 577.6650040629664, 630.0926330773481, 556.8615700595645, 564.2189441966586, 636.6865979787369, 621.7382896559849, 592.1633710926424, 567.4200990532978, 603.3910319419639, 448.4634694266561, 500.52966009345, 656.4356631867973, 612.7142723992655, 572.9113880308399, 747.9751108856112, 615.5923572463136, 584.5635326693239, 606.4424932684517, 552.0378388591737, 516.4050290640596, 637.142909017667, 658.8594500232063, 782.3759781051309]
fps.c2:[1.1236513454679413, 0.6026386630754165, 2.071031727694244, 0.9225914016016964, 1.4081915377161036, 1.6562337143578607, 1.6010127888932995, 1.5757718788675001, 0.8759850501733571, 0.6364031739877269, 0.63124279427577, 2.059146492358009, 0.8536125600954414, 0.541558824018066, 1.5686599772399037, 1.8784622381497278, 0.5440490301264366, 1.656883495193132, 1.92268778619317, 2.0144006878041854, 0.9594902213968234, 0.5956051810736072, 0.9438520415549004, 1.7499203452085093, 1.4120462554237838]
FC:[[3.7837837639579632, 3.8031953734592534, 3.8456017188969254, 3.8927782630859546, 3.914756304717221, 3.9391272787933063], [3.8466443295191137, 3.8620606936752426, 3.8938545802699878, 3.930081774592271, 3.9566255006606093, 3.9867280291093934], [3.979440567976355, 3.9953593493246884, 4.029042152872412, 4.069618186572877, 4.093351601803681, 4.124393439451545]]
FCE:[[0.035671133486390484, 0.021437256300796615, 0.014205833375281975, 0.011309074669410722, 0.009573066077503056, 0.008436200120314737], [0.027302912634226444, 0.01666957770474089, 0.010984650574477377, 0.008731736236410445, 0.007430581586941626, 0.006424484834535841], [0.02279410803861715, 0.013941782837253587, 0.009174310351280766, 0.007293546433593588, 0.006200893921912823, 0.005507549280076289]]
