Ri:[50, 100, 150, 200]
Zi:[100, 200, 300, 400, 510]
FC:[[3.93385788919561, 3.949764827491112, 3.9817061723201665, 3.983121095759706, 4.011334084140275], [4.001393356904968, 4.02268061037423, 4.047707600592933, 4.054948633230147, 4.074637003935422], [4.1094573386219055, 4.130531235722785, 4.1595278349839315, 4.1806972843963095, 4.205709221384637], [4.431153466429526, 4.467829756147828, 4.513368606461589, 4.547768575135479, 4.577288658079168]]
FCE:[[0.02945550774413655, 0.02020373414271816, 0.016394016054230468, 0.014048955848627706, 0.012360662314628887], [0.01494689495827651, 0.010274791542581738, 0.008307946301491544, 0.0071295461651124355, 0.006274270911696949], [0.010381810170731306, 0.0070718192864609895, 0.005718440840304668, 0.004918678007947074, 0.004340956877140088], [0.00900546980003676, 0.0061184675004555995, 0.004944598718333959, 0.004262355259884376, 0.003763647343116297]]
fps.ts:[1623409690.9325, 1623413147.4235, 1623416603.9145002, 1623420060.4055, 1623423516.8965, 1623426973.3875003, 1623430429.8785, 1623433886.3695002, 1623437342.8605003, 1623440799.3515, 1623444255.8425002, 1623447712.3335004, 1623451168.8245, 1623454625.3155003, 1623458081.8065002, 1623461538.2975001, 1623464994.7885003, 1623468451.2795002, 1623471907.7705002, 1623475364.2615004, 1623478820.7525003, 1623482277.2435002, 1623485733.7345004, 1623489190.2255003, 1623492646.7165003]
fps.e0:[10585.363682271121, 10644.189345132623, 10633.5611622909, 10639.50145240161, 10651.213072627059, 10638.13239904173, 10610.485425605078, 10645.488397591344, 10632.285645795191, 10606.148898590127, 10645.126781889663, 10666.425322587496, 10637.868077298284, 10658.201092111382, 10668.400378671631, 10668.949700535291, 10653.535793463168, 10658.269483095686, 10656.860324226589, 10659.398583190832, 10663.574651090492, 10659.820790843489, 10668.14873102395, 10663.640928319386, 10673.975000571043]
fps.e0u:[14.333534526475683, 14.297551265576267, 14.530318756608873, 14.33276535081278, 14.343975117040378, 14.386050934782654, 14.479291431956772, 14.381082608359543, 14.49834156378104, 14.452347308684496, 14.368767370069628, 14.337158354448212, 14.320294416483218, 14.384406290059102, 14.432962537024228, 14.26153532086468, 14.38252547476875, 14.499715965978218, 14.320692453588721, 14.351617918670415, 14.38284014017678, 14.371000550207153, 14.312267300355568, 14.346253970323527, 14.349343350853282]
fps.lt:[26152.122238306958, 22922.2668840244, 22969.149282421517, 22575.597945792655, 23082.870688971954, 23479.491123582564, 25974.540554308023, 22446.49268033877, 24147.989627534684, 32260.160439944295, 25083.71923451759, 23198.861161946737, 25813.51903856939, 23311.422097918672, 21430.86245738631, 20510.448879673102, 24901.86637037717, 23000.137006954286, 23493.733210427625, 23240.502794755554, 22746.071583316963, 23774.75372966774, 23522.491562449417, 23798.267342489016, 22318.600063452748]
fps.ltu:[2770.8430822296887, 2133.646642829201, 2165.1492814495505, 2067.8802281759995, 2155.2770270187193, 2246.4565566717583, 2774.1407567709166, 2047.830348414617, 2381.019446419835, 4242.2961562509745, 2548.8686300368504, 2186.8819116155473, 2698.4925711778556, 2213.3605893192116, 1865.5542196364597, 1699.288240580139, 2519.6825923640176, 2159.010016498455, 2236.3514621112063, 2186.2683838559587, 2107.6135704382664, 2295.5893684704347, 2242.549636767723, 2299.32441718316, 2016.458664678295]
fps.c2:[1.7548820166630832, 1.5244378466728898, 2.508213411999603, 2.7622664093603637, 1.5372215156221598, 1.8579583094812944, 2.300856832331193, 1.6909808692533908, 1.597627098221634, 1.7093381791286977, 1.443107946760074, 1.1155265946925685, 1.1654886053518867, 1.8811757341296238, 2.1528851013613566, 3.2002591950295907, 1.195567519460724, 2.4761012315971724, 2.2123912014707656, 2.4652842572262297, 3.3495044295899055, 1.6348872617464147, 2.5015555964837612, 1.3632906285793653, 2.9382141172315666]
