Ri:[100, 130, 160]
Zi:[50, 100, 200, 300, 400, 500]
fps.ts:[1721.78, 5165.34, 8608.9, 12052.46, 15496.02, 18939.58, 22383.14, 25826.699999999997, 29270.260000000002, 32713.82, 36157.38, 39600.94, 43044.5, 46488.06, 49931.619999999995, 53375.18, 56818.74, 60262.3, 63705.86, 67149.42, 70592.98, 74036.54, 77480.1, 80923.66, 84367.22]
fps.e0:[10565.320176441057, 10605.040430052153, 10616.390952696036, 10638.180557211115, 10630.724635923287, 10647.377449311649, 10671.655567257398, 10681.24137953999, 10709.091277563759, 10704.81566860266, 10708.749606485471, 10717.316486666132, 10759.908399011954, 10740.133312252574, 10751.063468393799, 10739.24034478207, 10763.611571292306, 10731.141357969967, 10759.554193766111, 10780.344335230999, 10782.829606532647, 10762.192000544766, 10764.251668904544, 10785.207303126263, 10782.258936986367]
fps.e0u:[12.980366917814338, 13.009771370464925, 12.817492188324502, 12.741681093817704, 12.706553252679186, 12.576444339266349, 12.629058142889637, 12.837243962430579, 12.655084121461732, 12.77025970220886, 12.71309851929696, 12.839275767805098, 12.8747179748044, 12.672825035821207, 12.856085430692932, 12.707177558575491, 12.724504755381348, 12.716834793680738, 12.764921115613571, 12.736712873394799, 12.791027952935869, 12.771311659487736, 12.817344774906468, 12.633163952922969, 12.866906784411661]
fps.lt:[10744.88417431013, 10191.494206147454, 10413.03904199642, 10149.699199987117, 10734.642934031346, 10819.891094398976, 9974.196739970057, 10123.471599591305, 9812.659281564014, 10010.937365659296, 10301.021793992972, 10202.624673720422, 9316.917812493728, 10204.366575464284, 9943.622355993495, 10519.14529735002, 10020.88774184004, 11124.307974057861, 10616.871236029088, 10120.839230094443, 10182.613533614263, 11000.597565490676, 10974.627770306446, 10424.613023396392, 10877.355375888175]
fps.ltu:[426.55265338324295, 383.69473265649145, 393.1009055116694, 372.63139338191553, 416.2253204713185, 416.47315816711466, 355.92328521170447, 372.0469351958702, 343.13300107517364, 359.0378145136853, 379.6351787372646, 374.66708017870496, 311.1756037115643, 371.2864996735693, 354.41885316785323, 395.3075754816, 358.3328496253617, 441.23459210084144, 401.9276786672862, 365.2550711340179, 369.6050981978926, 431.0237480249273, 430.0544022812598, 384.18352483439196, 424.5764909916584]
fps.c2:[1.324513385177983, 2.3345135233601813, 1.502152818527551, 0.6673357699011112, 1.2828911898906503, 0.7001574614110747, 2.828585148105662, 0.88836410312535, 1.450596146959132, 1.903757740331538, 0.785737276867375, 1.7454217136540144, 1.098610489114057, 2.038227325929012, 1.0633528493332005, 0.7364504219125235, 0.46881815306617514, 1.5039295801291774, 2.211017242779109, 1.606356051596274, 2.5160823585621586, 2.2138308365455233, 1.0231801940167147, 2.5144114563983564, 0.5035483817049885]
FC:[[4.089116472462923, 4.096891929404292, 4.124356701581316, 4.13439953711319, 4.163961133777377, 4.192134997075032], [4.1246524665403514, 4.137879676668089, 4.158124224159774, 4.182063705421028, 4.214907419033747, 4.245521027572822], [4.223757660072378, 4.2504298229990685, 4.281075069203921, 4.307119788268791, 4.34194445158869, 4.368895527856712]]
FCE:[[0.03228786117614166, 0.01903712976418986, 0.012316799515234456, 0.009639582038779062, 0.00817578833672666, 0.007236197363380156], [0.025036548496077945, 0.014840216038682637, 0.009552719785818025, 0.007528599078948551, 0.006402692227387395, 0.005678788126847013], [0.02018364848033081, 0.012495071831576146, 0.00811732049326134, 0.0062530512633995824, 0.00532988342360453, 0.0047218534876121605]]
