Ri:[100, 130, 160]
Zi:[50, 100, 200, 300, 400, 500]
fps.ts:[1772.2967600011825, 5316.890280003548, 8861.483800005914, 12406.077320008277, 15950.670840010644, 19495.26436001301, 23039.85788001537, 26584.451400017737, 30129.044920020104, 33673.63844002247, 37218.23196002483, 40762.8254800272, 44307.419000029564, 47852.01252003193, 51396.60604003429, 54941.19956003666, 58485.793080039024, 62030.38660004139, 65574.98012004377, 69119.57364004612, 72664.16716004848, 76208.76068005085, 79753.3542000532, 83297.94772005558, 86842.54124005794]
fps.e0:[10937.543169846072, 10987.711552017277, 10975.506444242503, 10968.53686496321, 10968.285094982835, 10972.128934346041, 10980.006350879092, 10972.249101891983, 10988.670174285879, 10975.423526321156, 10978.654849005723, 10991.60369517972, 10986.483822705382, 11001.57323257528, 11008.194734482782, 10995.467305296806, 10996.849682860764, 11015.45010371372, 11021.168235926489, 10992.311445828205, 10990.27365816826, 11023.575020185395, 11026.351838989769, 11001.059372676234, 11004.607998454996]
fps.e0u:[12.708851032415023, 12.471006203626782, 12.647663194871772, 12.495522415673278, 12.6399369823841, 12.775343745558253, 12.658650338842445, 12.831526477481695, 12.663147769919258, 12.697401617366351, 12.564394257497185, 12.587004685917558, 12.459070317583098, 12.507056113872766, 12.450714518016923, 12.457297730471081, 12.597199477022457, 12.44600041859406, 12.447238857485418, 12.572530055660515, 12.527819884488801, 12.5325863576513, 12.596778920726832, 12.548546887466703, 12.62573832572502]
fps.lt:[8094.814289249605, 7364.853472778067, 7494.97291470065, 7675.135818152701, 7736.217597894038, 7428.976709737925, 7536.350509391, 7656.027516933365, 7281.438748203835, 7611.6142766601, 7720.478554741804, 7493.424612686847, 7753.758182296225, 7609.634955556954, 7304.59564100259, 7693.973489401944, 7479.547208419707, 7400.180877577449, 7434.552402554276, 7669.256817593283, 7738.761222640109, 7181.130431602589, 7253.027557142709, 7535.459101063813, 7659.736466143083]
fps.ltu:[229.16084157302112, 187.02418151989193, 195.7400878820878, 203.70103571746478, 209.06171505023286, 194.3041727739665, 198.00696426857795, 207.15099426479483, 185.59262309911017, 202.38000043507708, 206.6098537461103, 193.6669240082163, 205.4750958311649, 199.38488873201027, 182.74177776757037, 202.4006628302173, 193.81058332079732, 187.24085489018552, 188.3714487464684, 203.25056301635394, 206.085123731024, 178.42745757713618, 181.58052996132096, 196.01182057644866, 202.52347295074645]
fps.c2:[1.5366714807855975, 1.2228295615768177, 1.8022831653407183, 2.7553980983764528, 1.2017026308087242, 1.7367828190704921, 1.225780980838464, 1.1651706404528561, 3.3039733050954343, 1.0209042881549222, 2.960809279881472, 2.2873902495843104, 1.3262044169124556, 1.5100852807805063, 1.5910840379209985, 0.8186237131443294, 1.8802439643051838, 0.6080057441865249, 0.7834299553870179, 1.8269140210821033, 1.0523188491113074, 1.0989548878618582, 1.100913828266345, 0.9721544462158851, 0.6512367045707996]
FC:[[3.7965383919989346, 3.825703783630339, 3.856225090751707, 3.8908891933922964, 3.924953938106163, 3.957099518356074], [3.8627718354468126, 3.8701522866825453, 3.9004128880613296, 3.936255251675895, 3.9721385176784345, 4.008553368140222], [3.9773761824344356, 3.9899085177701505, 4.027302560992309, 4.062215590429434, 4.104865097212344, 4.1427747249751015]]
FCE:[[0.02910656441629103, 0.0169481619264178, 0.011023546325038202, 0.008702879334309336, 0.0073870999878932935, 0.006400934004454236], [0.02239216681949733, 0.013165961731622567, 0.008520201917550327, 0.006736434325587783, 0.005589870427626406, 0.004977213003831205], [0.019154680291027414, 0.010885775749169444, 0.007048407871846766, 0.005568120361206552, 0.00465734482191729, 0.004149195050906839]]
