Ri:[50, 100, 150, 200]
Zi:[100, 200, 300, 400, 510]
FC:[[3.9467716072706676, 4.021440008231397, 4.06522727182404, 4.071729338634636, 4.096271977013853], [3.990478175325072, 4.0254478720353255, 4.053556449902911, 4.086297941598083, 4.121063657646408], [4.096498078128871, 4.139609122960178, 4.184194827709989, 4.221202062750716, 4.260382464226065], [4.7292925171338105, 4.774663969445295, 4.821783566105658, 4.858666522270887, 4.892023116522977]]
FCE:[[0.04418922425735216, 0.029495326307163075, 0.023838955151611503, 0.020364298119468098, 0.018048925099995578], [0.022370406571206924, 0.015326761920752049, 0.012168974356283842, 0.010347510299032305, 0.00919934827673289], [0.015516119307047176, 0.010660961134813277, 0.008477105574999429, 0.007352951193948074, 0.006380487361801483], [0.014096008411821528, 0.009690584278707202, 0.007877942833482159, 0.006829139719386231, 0.0060692659179697826]]
fps.ts:[1608382215.5191998, 1608385681.4516, 1608389147.3839998, 1608392613.3164, 1608396079.2487998, 1608399545.1812, 1608403011.1136, 1608406477.046, 1608409942.9784002, 1608413408.9108, 1608416874.8432002, 1608420340.7756, 1608423806.7080002, 1608427272.6404, 1608430738.5728002, 1608434204.5052, 1608437670.4376001, 1608441136.37, 1608444602.3024, 1608448068.2348003, 1608451534.1672, 1608455000.0996003, 1608458466.032, 1608461931.9644003, 1608465397.8968]
fps.e0:[10099.724466115995, 10118.001522587007, 10110.675065798494, 10111.593366627816, 10109.83089475178, 10097.701006902627, 10133.375127808784, 10078.91110789677, 10122.875737792767, 10107.111509074457, 10108.636566343428, 10104.19581359633, 10104.77485564627, 10112.253990336043, 10104.509175537964, 10065.045351350402, 10087.480620443446, 10118.35091670597, 10082.442821306171, 10132.07995825311, 10119.279957415694, 10088.92653063514, 10105.498878003786, 10083.068746857392, 10087.694080140038]
fps.e0u:[19.778085348675464, 19.751311749603307, 19.841911646898723, 19.823867501086486, 20.04014577105146, 19.8480274817205, 19.848623041029285, 19.8342277538553, 19.856895209068316, 19.77150248870396, 19.841275122074652, 19.6690691820609, 19.735725285025, 20.07680028771139, 19.87296426087917, 19.833380770543187, 20.067977536329774, 19.655865792038945, 19.797908820670084, 19.79716073681029, 19.9020766172878, 19.792792014039733, 19.808955681611614, 19.99975385428129, 19.973190858880432]
fps.lt:[13542.134503236404, 12180.466620615738, 12567.484952435818, 12779.204507562665, 12319.018328891761, 13078.083513621543, 11267.83200114768, 13587.986712757933, 11391.326123959823, 12362.046693349188, 13096.570364883788, 12201.841605168935, 12745.30738948378, 12233.09450189996, 12187.60479258063, 14408.723183166054, 13183.086258153955, 12358.328060963626, 13427.820839360675, 12463.170023541232, 12070.570095696825, 13343.715962357497, 12725.166456037978, 14555.635818276705, 13285.722562144707]
fps.ltu:[1086.267712390909, 876.7751430847368, 931.3205610920663, 962.6301470499371, 911.7356914571062, 1016.7555767756618, 760.9307225083307, 1091.860810977246, 776.4986783211525, 903.6256299898374, 1017.9822188001384, 877.1591930744365, 967.2602149031977, 902.398511511782, 890.4968352034145, 1231.7138807689519, 1048.124337222649, 904.7278246700682, 1070.82720771365, 921.804820230831, 865.1400085814229, 1066.8248139132052, 965.6407892138283, 1267.5763254459043, 1061.3592105448597]
fps.c2:[1.0059737423242054, 0.3359723438875864, 1.6992651045718312, 1.819755637115007, 1.294209995695711, 1.6939256387490407, 1.0609626042977132, 1.5948370928450848, 1.7648831990534184, 2.5748348093804134, 1.1118116808104934, 1.487022542505026, 0.4001529468783464, 0.6867703236649642, 1.37506943392171, 0.7232559676336467, 0.5197993015920258, 1.739112890252368, 1.1043303986505189, 1.224058100148736, 1.0561737883130105, 1.5548789807154302, 1.1360130971292597, 1.7544732061613877, 1.880086817696455]
