Ri:[100, 130, 160]
Zi:[50, 100, 200, 300, 400, 500]
fps.ts:[1725.014619998932, 5175.043859996796, 8625.073099994659, 12075.102339992523, 15525.131579990386, 18975.16081998825, 22425.190059986115, 25875.21929998398, 29325.248539981843, 32775.277779979704, 36225.30701997757, 39675.33625997543, 43125.3654999733, 46575.39473997116, 50025.423979969026, 53475.45321996689, 56925.482459964755, 60375.51169996262, 63825.54093996048, 67275.57017995833, 70725.59941995621, 74175.62865995406, 77625.65789995194, 81075.68713994979, 84525.71637994767]
fps.e0:[10872.579195073356, 10859.523874644565, 10884.85322891761, 10857.264662729198, 10857.846001070437, 10854.291687613159, 10891.266107403471, 10859.466740923188, 10892.969252415998, 10848.743428850814, 10870.832806929337, 10873.870811399818, 10882.132901650662, 10876.18156539127, 10893.46121087948, 10889.074165048147, 10876.058806541398, 10893.13409037791, 10881.01736062212, 10862.300420322119, 10899.90655730103, 10908.537054620145, 10853.759533974286, 10889.512222900707, 10857.8562755101]
fps.e0u:[16.200503217202048, 16.08035750345519, 16.18667691109672, 16.240415431704992, 16.287895296879256, 16.14094426189626, 15.955655944801979, 16.248232379616788, 16.245048191411286, 16.069014908879023, 16.265390604331266, 16.300869202949176, 16.08650190594974, 16.10002640218897, 16.074693058415242, 16.313048976044797, 16.28738319245104, 16.196783033067828, 16.37672824903065, 16.32318529996078, 15.976084158651798, 16.29828994206958, 16.128922461615968, 16.1187225187578, 16.267973594456283]
fps.lt:[12049.153067667714, 13084.189810671372, 11598.49541519895, 12148.125676934986, 12719.913957681421, 12446.528661348993, 11389.973648549996, 12796.322530397692, 11499.09446977186, 13108.4819676166, 11972.964162529166, 12185.538492712441, 11832.075112697354, 11827.075088728034, 11179.434799310435, 11074.446237917715, 12079.232061174353, 11325.787650087796, 11882.042572449674, 12094.656863552438, 10733.565065049905, 10407.211181924138, 12840.751302621391, 11218.077185714194, 12598.391780170747]
fps.ltu:[652.0822658388838, 767.580677354023, 603.889990801851, 661.0728710925783, 717.593201898667, 698.1660200530933, 575.5166302659417, 739.9903746202085, 594.4770857472454, 767.5234792275096, 640.1242283877774, 672.6758368389363, 627.3007073527334, 629.7944450067915, 560.8733899203839, 556.8864281139746, 662.5315000944214, 574.7530602921366, 638.0474791618934, 657.2638800512315, 512.4720117240026, 488.96082785435794, 734.4730643323678, 564.3945186203688, 715.0205313593182]
fps.c2:[1.3528893911011062, 1.2643721154529668, 1.4877547911990578, 1.0806993197420154, 1.643583533012285, 1.9052189970401154, 1.6524440587186655, 0.7946649157482016, 1.6952757003124692, 1.0899042752518846, 1.121614271291745, 1.1040099493200373, 1.619451196395447, 1.0528035193870087, 2.201684871162623, 1.4624716917399914, 1.010567038011663, 1.459913834522586, 0.6652789566394979, 0.6860159229470877, 1.6964178945362594, 0.6850207870194557, 2.101969635491455, 0.7527130987624295, 1.9915272681868084]
FC:[[3.8112814973360245, 3.8131737288907637, 3.848051327046169, 3.876715909053904, 3.9122849176016867, 3.942465287167684], [3.852647209119053, 3.879037374747272, 3.9168238351428184, 3.946167796439962, 3.9786316312597476, 4.00547769931828], [3.992670401724168, 4.010125452845816, 4.043934016363366, 4.075158714478392, 4.1090859093562155, 4.140167714219878]]
FCE:[[0.034983246495653555, 0.02187587643802802, 0.014554373443618748, 0.011575274760462127, 0.00985324275406124, 0.008734468271285233], [0.02748034587826599, 0.01709398574942187, 0.011432788441158515, 0.009055716674629068, 0.007717425321293412, 0.006842053630875383], [0.023873990858740497, 0.014349177375087216, 0.00949784517183292, 0.007528630479089899, 0.006420924618134189, 0.00557874403072586]]
