Ri:[50, 100, 150, 200]
Zi:[100, 200, 300, 400, 510]
FC:[[4.042105008436513, 4.0403052164477025, 4.030963774703376, 4.02586325198855, 4.063895200868932], [4.00018070644676, 4.03948561126759, 4.049569933689051, 4.056087710843773, 4.0862093869421345], [4.117547270424473, 4.163327365472553, 4.186651649037137, 4.19872233372636, 4.230519123160081], [4.761434226414127, 4.826798298320502, 4.858298652111081, 4.873402855565291, 4.896455168507967]]
FCE:[[0.04839531500779814, 0.03297327141526913, 0.026438530871066557, 0.022699648299615856, 0.020107859589705252], [0.023070975756923504, 0.015822773259103036, 0.012733037186539871, 0.010954084386344416, 0.00953897850343079], [0.015752839910606047, 0.010786843282711168, 0.008544632826734956, 0.00736313693854738, 0.006540878224861701], [0.014566032633727927, 0.010003166236227864, 0.00809962776851127, 0.0069894516569954926, 0.006197741089056535]]
fps.ts:[1608638575.1494198, 1608642035.55226, 1608645495.9551, 1608648956.35794, 1608652416.7607799, 1608655877.16362, 1608659337.5664601, 1608662797.9693, 1608666258.37214, 1608669718.77498, 1608673179.1778202, 1608676639.58066, 1608680099.9835, 1608683560.3863401, 1608687020.7891803, 1608690481.1920202, 1608693941.59486, 1608697401.9977002, 1608700862.4005404, 1608704322.8033803, 1608707783.2062201, 1608711243.6090603, 1608714704.0119004, 1608718164.4147403, 1608721624.8175802]
fps.e0:[10004.447233655083, 10007.987297021598, 9997.45595388364, 10022.742466635971, 10031.027318652385, 10009.511834678238, 10048.98415742352, 9996.714063965484, 9993.608265827786, 9996.368643386844, 10014.443078582195, 10031.942925145537, 10040.117270143564, 10015.168294589817, 10025.541327155346, 10011.101267112768, 10034.404345413648, 10066.005046759123, 10011.316012528909, 10023.758808642602, 10012.50032167623, 10022.554302415387, 10042.541644631981, 10029.402440423908, 10027.286272945137]
fps.e0u:[20.146104171747588, 19.903346558807332, 20.156525251457484, 20.224512503487812, 19.919938983536493, 19.955433355464727, 19.962147045019556, 19.87163391895312, 19.906088364840503, 20.189744685743467, 20.203540564065314, 19.92595167832369, 20.247533066327744, 20.273054581422155, 20.122452760694717, 20.287878862968373, 20.238949160807447, 19.868673232474375, 20.277590152699652, 20.344029913276202, 20.65626595968389, 20.515818007162096, 20.458000328617356, 20.45534111654012, 20.681347085244006]
fps.lt:[19153.53045766656, 20030.618535788617, 21906.141465685516, 20179.2940902228, 17752.095293170045, 18216.94354880117, 15758.021961485456, 20459.304382522063, 22933.504964156273, 21816.33228981508, 20510.541150698828, 20317.684992116192, 19479.22101473774, 21655.33157368042, 20933.546080012733, 23738.199843357197, 18723.98404214134, 19428.594398108646, 22430.309267445027, 24573.463753117612, 23397.37307467264, 21948.56080343939, 24024.181479801828, 22877.183897017592, 21939.308149769582]
fps.ltu:[2230.3395557822855, 2424.94800384792, 2919.4396936163294, 2465.0371241446096, 1884.8034528617202, 2002.0792970993516, 1504.84752544803, 2523.4172783644117, 3185.0362784589393, 2877.4567916334718, 2591.015477076779, 2502.672209252471, 2312.0618054397964, 2862.8173483578503, 2671.719876825278, 3468.471701364161, 2160.5016424692426, 2274.611618587537, 3124.7353210022734, 3684.9961234808497, 3397.691190472794, 2999.149755592852, 3535.4332114732943, 3229.7679748067235, 3004.225805776368]
fps.c2:[2.5986063491022446, 2.2253080077787946, 0.709840907020524, 1.4671418024335998, 1.3201824466900407, 1.676284720981703, 0.9840078448645256, 2.0288879262360413, 1.4844931855853267, 1.478715110039908, 0.9539816055231215, 1.8289953983456555, 0.8641339539622861, 1.540757281239689, 1.8506673173551649, 0.6652597028826628, 1.1411009908491812, 2.404344816960514, 1.1058199422760917, 1.661986550001745, 1.6254975321166212, 1.5588531847857692, 1.2525235249397442, 0.46374603905537737, 1.1221965308341397]
