Ri:[100, 130, 160]
Zi:[50, 100, 200, 300, 400, 500]
fps.ts:[411.59220000267027, 1234.7766000080107, 2057.961000013351, 2881.145400018692, 3704.329800024032, 4527.514200029373, 5350.698600034713, 6173.883000040054, 6997.067400045395, 7820.251800050735, 8643.436200056076, 9466.620600061415, 10289.805000066757, 11112.989400072096, 11936.173800077439, 12759.358200082777, 13582.54260008812, 14405.727000093459, 15228.911400098801, 16052.09580010414, 16875.280200109482, 17698.46460011482, 18521.64900012016, 19344.833400125503, 20168.017800130845]
fps.e0:[10858.348859162525, 10817.583923043314, 10850.46834446848, 10867.040999499699, 10803.064189212639, 10829.46578641252, 10816.042980065658, 10794.868222824955, 10807.80329421783, 10811.914174600248, 10859.67574926778, 10750.163655656166, 10903.841651138904, 10806.47836308371, 10820.43283845275, 10844.953924681571, 10754.940648019397, 10797.567729166994, 10819.15570652832, 10796.618923592343, 10753.229553858717, 10766.815247019147, 10836.098917169815, 10813.062100721234, 10810.736895283762]
fps.e0u:[29.7639774870028, 29.690919487351955, 29.52088195136896, 31.159902620618855, 30.092013352242425, 30.6958170337952, 30.247833066420746, 31.45187970421215, 31.160193316389975, 30.45192979156762, 30.110059838666462, 31.372905688304503, 29.70544240892458, 30.539483173564385, 29.497553892676383, 30.458354751669255, 30.616251393193455, 30.356870637136858, 29.49492149333408, 31.469195984891606, 30.609966989082164, 30.806797466743756, 30.59381648005438, 30.802354159246484, 30.68187758383565]
fps.lt:[6603.370113676008, 7270.430290289942, 6251.75949053452, 6123.02843817183, 6771.792299992992, 6677.609884715646, 6878.367205383341, 7145.241078188337, 6860.41390155389, 7190.810038890662, 6538.2696081798695, 7793.270227421484, 5787.689051064917, 7174.631354729473, 6455.292187620898, 6225.580596325007, 6997.878692861779, 6396.595219113046, 6018.867709353059, 6203.125967963584, 6777.679887523161, 6274.8332145348095, 5804.358539890488, 6417.416948873765, 6408.325457047347]
fps.ltu:[356.96738743135916, 430.90485768082465, 321.78391259068525, 321.2003855654577, 381.295803541596, 380.8090099339798, 397.7874066200228, 439.7844099746512, 399.81013371437166, 432.9202173337439, 357.54185004593273, 523.1736082519548, 275.78002798688794, 434.264715333378, 344.6568361990723, 328.98686108260176, 420.0485675457405, 356.71582239922566, 296.2226589453617, 336.64145286254325, 394.2578679068686, 338.02292565189356, 287.0732099623335, 348.09760099094905, 357.46423120905587]
fps.c2:[1.8425178382757654, 0.9665007085601608, 1.5816306877319053, 0.8876083262402201, 2.647641258366673, 1.202145538547819, 1.9171824274982199, 1.2498238081089843, 0.941700007615929, 2.1925397385603245, 0.9565003831493756, 1.3929753926228257, 0.9857061439706128, 1.3685101970136502, 1.9214741944167117, 1.8447901154485296, 1.1601270414531517, 1.6652894122465915, 1.7937588780470368, 2.948726298173343, 0.32143358633004754, 2.4888713114348247, 2.1319289138419233, 0.8001205683909054, 1.766925557075651]
FC:[[3.9882205223528984, 4.262851205631008, 4.270304742781558, 4.329377346109888, 4.332129689100044, 4.4404832316636185], [8.307970248431936, 7.701167976558517, 7.4719854602758735, 7.367699051209515, 7.26428046859003, 7.214276531106932], [9.360058231227779, 9.099505790105498, 8.693174189755856, 8.46249563699505, 8.30956925769524, 8.21862570488094]]
FCE:[[0.15475049080343023, 0.09134535838442427, 0.06019876595267212, 0.046434156079987014, 0.038929510877437866, 0.03496995583717593], [0.23860543371600063, 0.10130228918214913, 0.05789176839725818, 0.042191086473042476, 0.034241717553652, 0.029356610997953465], [0.1987793079951935, 0.0897054171969669, 0.05041008908236877, 0.0370523371559895, 0.029881062700859665, 0.025467264401166045]]
