Ri:[100, 130, 160]
Zi:[50, 100, 200, 300, 400, 500]
fps.ts:[1737.6637399959563, 5212.991219987869, 8688.318699979782, 12163.646179971694, 15638.973659963607, 19114.301139955518, 22589.628619947434, 26064.956099939343, 29540.28357993126, 33015.61105992317, 36490.93853991508, 39966.266019906994, 43441.59349989891, 46916.92097989083, 50392.24845988273, 53867.575939874645, 57342.90341986656, 60818.23089985848, 64293.55837985038, 67768.8858598423, 71244.21333983421, 74719.54081982613, 78194.86829981803, 81670.19577980995, 85145.52325980186]
fps.e0:[10901.719940303961, 10934.999879621562, 10910.803466479036, 10896.223873789077, 10900.525849696402, 10922.580700483497, 10913.533508169447, 10926.926716420985, 10926.142404997949, 10933.946629418608, 10931.694029925211, 10931.23754787414, 10916.281347258342, 10930.767925784416, 10930.689699449049, 10935.095784915402, 10905.72900938088, 10927.370471435293, 10950.041988463316, 10943.49318664899, 10936.625697455376, 10932.897020228065, 10961.411814569368, 10913.860978619332, 10917.898563359538]
fps.e0u:[12.048348297854707, 11.914888472720717, 11.951489226673768, 12.286317869550219, 11.83254892810723, 11.921938119889301, 12.075464635858578, 11.983410347521286, 12.65189620484865, 12.11290590898193, 12.130920990373072, 12.014952528877332, 12.145108685065331, 12.00797656471182, 11.998799015825394, 11.962586796821684, 11.966905530924707, 11.912095076430797, 11.994276394157405, 12.02242558543863, 11.923879822404276, 12.000477234323299, 13.018682194149013, 14.40576507753606, 14.457434027242167]
fps.lt:[6546.863204260716, 6248.575171101917, 6414.657322431692, 6580.406838092361, 6513.12828640663, 6303.096499350915, 6470.450555264483, 6319.396331982623, 6307.309986398355, 6158.215371956684, 6160.256957225895, 6335.0361905275195, 6434.369898716536, 6216.143917408794, 6289.496052599651, 6160.246168766964, 6571.638621862436, 6259.733052385862, 6036.452677604406, 6146.50090920278, 6200.007531418346, 6287.697197366309, 6000.416965093359, 6509.623115546397, 6408.837083737787]
fps.ltu:[141.30789439499694, 126.73439710855054, 134.71197019722362, 145.2125552944261, 137.66292140740933, 129.8680257436894, 137.57833321303306, 130.78665185865816, 136.94638090866476, 124.7401965088133, 125.19530372701853, 131.78300948730435, 137.14190254816617, 126.83688076420643, 129.66301576410277, 123.56959113082978, 140.86801189412856, 128.34010392824, 119.15147687890088, 123.55384234685822, 125.83746419726634, 129.67317640591625, 127.3552094236989, 167.332951456889, 162.5570515163384]
fps.c2:[2.036056438651299, 1.4912593577380895, 3.286990117849131, 1.566501120242587, 3.088843700345128, 2.8804219626710013, 2.6007527308557203, 1.6656074616084229, 1.971143201456557, 1.8646888204615901, 1.948139345351304, 0.9264735049014342, 1.7942060083186002, 1.0331815740016572, 0.6968895601022032, 0.7610887730452931, 2.4555173179805525, 2.834363617883893, 1.2890517679743856, 2.243540931230548, 3.0614374088573766, 1.9315602113494728, 1.386538766675139, 1.5391775324990107, 1.1909731011080262]
FC:[[3.8334764192953745, 3.870444120288445, 3.9072233878395517, 3.935598681736694, 3.9814080816565482, 4.033472947441933], [3.8909558639743915, 3.896257526936653, 3.939131962692639, 3.981670921554496, 4.026089480903954, 4.08031321006241], [3.990946886704695, 4.023904840797643, 4.071051295792681, 4.115065075207786, 4.161801784077231, 4.20897289661626]]
FCE:[[0.031377544731218586, 0.01777048957473052, 0.011054827755647204, 0.008573502506412038, 0.007088397729074581, 0.006304319652892466], [0.025045529035447284, 0.013450416292280113, 0.00855622616270204, 0.006499333342988617, 0.005514764058766348, 0.004803799354901659], [0.02135701999377003, 0.011411975203494384, 0.006918864585424669, 0.005392571878804366, 0.004576696509534833, 0.004066251663573354]]
