Ri:[100, 130, 160]
Zi:[50, 100, 200, 300, 400, 500]
fps.ts:[1770.811700000763, 5312.435100002289, 8854.058500003815, 12395.68190000534, 15937.305300006868, 19478.928700008393, 23020.552100009918, 26562.175500011446, 30103.79890001297, 33645.4223000145, 37187.045700016024, 40728.66910001755, 44270.29250001907, 47811.9159000206, 51353.53930002213, 54895.162700023655, 58436.78610002518, 61978.409500026704, 65520.032900028236, 69061.65630002976, 72603.27970003129, 76144.90310003281, 79686.52650003434, 83228.14990003586, 86769.77330003738]
fps.e0:[10929.716980642, 10911.790941527819, 10933.769643464204, 10923.923614236912, 10923.972383554765, 10909.366279151582, 10920.580447369106, 10919.995642730171, 10942.600215032016, 10908.177154280429, 10918.595155921514, 10906.326608436613, 10903.279698602644, 10924.032739508735, 10922.806750834252, 10922.938035732757, 10926.836658160466, 10923.243880542097, 10911.175644096886, 10911.775985266775, 10932.814987368436, 10914.354619700778, 10920.438774774853, 10914.268589585885, 10928.943340703563]
fps.e0u:[10.671379860614007, 10.718525066077811, 10.602347744158186, 10.593226486131714, 10.606819437142397, 10.655434401859612, 10.662740819300437, 10.544185175486085, 10.576113001713376, 10.650229172047014, 10.683316639968378, 10.56282258960798, 10.76312387436798, 10.549615940056858, 10.737457076337625, 10.564550662240478, 10.630485783013123, 10.717001696481088, 10.573543126176396, 10.61415659619216, 10.594735536457156, 10.64901468127594, 10.610438095247822, 10.6042997267632, 10.496352863477881]
fps.lt:[5517.0037666913895, 5601.068690258755, 5465.018249564501, 5512.2283012167, 5502.629709793228, 5570.54412414925, 5537.019279796802, 5517.577560695346, 5307.941727255399, 5574.60983006986, 5441.883761825432, 5595.497718525676, 5624.506276501528, 5481.389443125661, 5491.144088573066, 5487.011390792335, 5506.35847352477, 5452.587935163073, 5486.655095937056, 5553.187090907879, 5330.781081367272, 5512.661545763294, 5471.258857767016, 5570.067877297941, 5409.194065706405]
fps.ltu:[88.83521414645845, 91.43226594395394, 86.31629766751506, 88.04960384216338, 87.41614657691478, 90.44625703301304, 88.96249261669803, 87.73959540321287, 81.43207671268864, 90.33921968499854, 86.24237336634991, 90.54161933301911, 92.45430227962356, 86.68607333731825, 88.01163104304625, 86.68282816942279, 87.70197117183851, 86.51912923734449, 87.03888027172815, 89.39820667822224, 82.2682522654953, 88.11969192471803, 86.47117418171511, 90.00807521067132, 84.16109578858364]
fps.c2:[1.0335239124780182, 1.6520633691938325, 1.5289856196311584, 1.2585712369722433, 2.697014267432245, 1.7246546864254515, 2.11933580844256, 2.6920263110110616, 1.5924525015329682, 2.307934644036589, 2.5186883270984426, 2.1401021835445273, 2.468019560914002, 2.2372673883427114, 2.4853412061416877, 3.668563268803614, 1.3878674501032096, 2.2239809032684072, 2.6953492375791797, 1.4234954037509682, 2.2915362815197464, 2.699962070058338, 1.9034730347729103, 2.5374624798498218, 3.537770924711147]
FC:[[3.6979203464582935, 3.7489016858715676, 3.7991633263809534, 3.8654273368427154, 3.93970264070357, 4.010356690407353], [3.73034571206302, 3.7682497266633384, 3.8224795426522773, 3.891744139722261, 3.9644369227982064, 4.0335814376843135], [3.8139880398666763, 3.8332771236338408, 3.907194296333167, 3.9692446525577063, 4.042665385345994, 4.111547321585993]]
FCE:[[0.02854542171680536, 0.015240064273408573, 0.009431919601910999, 0.007032007454916673, 0.006020012719639554, 0.005386622741288732], [0.021366779345794208, 0.011767815096929002, 0.007245435572442945, 0.005407606402305004, 0.004633586885292363, 0.004148374560607197], [0.018179800007761593, 0.009509872822915412, 0.005727644702653672, 0.004495709526325206, 0.0038606907807326608, 0.003459469323421645]]
