Ri:[100, 130, 160]
Zi:[50, 100, 200, 300, 400, 500]
fps.ts:[1919.8796400022507, 5759.6389200067515, 9599.398200011252, 13439.157480015754, 17278.916760020256, 21118.67604002476, 24958.435320029257, 28798.19460003376, 32637.95388003826, 36477.71316004277, 40317.47244004726, 44157.231720051765, 47996.99100005627, 51836.75028006076, 55676.50956006527, 59516.268840069766, 63356.028120074276, 67195.78740007877, 71035.54668008327, 74875.30596008778, 78715.06524009228, 82554.82452009678, 86394.58380010127, 90234.34308010578, 94074.10236011028]
fps.e0:[11243.018750192605, 11267.559939627534, 11242.176538379268, 11245.390318495607, 11262.969173306787, 11256.451849311376, 11240.156139450157, 11243.88609119749, 11268.022553611676, 11256.301737647127, 11236.244930842506, 11236.1126873146, 11230.145336228305, 11248.277981886198, 11258.921314669533, 11236.898234878037, 11242.20650090366, 11231.186697596871, 11255.273641489051, 11226.734262369433, 11237.351893917208, 11236.973371430971, 11242.578312891448, 11224.062771184506, 11251.67969907633]
fps.e0u:[11.089343687459376, 10.910634559199963, 11.015687296971253, 10.908603368185226, 10.961421463434048, 10.958458809924995, 10.912113881921686, 10.908257171028202, 10.942266087374573, 11.152262949262688, 11.120675659355621, 11.010705842341986, 11.110607325463087, 11.107084013053768, 11.014686243497696, 10.988785596882842, 10.887413222557727, 11.113086764868164, 11.289651666130446, 11.026650973224584, 10.933617657885547, 11.02715141769166, 11.017112104953029, 11.100212697887539, 11.048834365866787]
fps.lt:[3747.3905607541433, 3722.62307477661, 3756.6034424292316, 3738.6573827615002, 3713.034781985861, 3734.9025657803236, 3778.58890430128, 3792.2179581417026, 3662.167855083624, 3726.126291312102, 3803.168017619235, 3800.557146619586, 3868.9945056497454, 3743.117141949509, 3746.642799912111, 3799.914463040665, 3786.112542102139, 3820.5253599554785, 3759.072406783266, 3901.762982841847, 3823.750091152791, 3835.608378825503, 3800.780199971329, 3904.177247611941, 3758.8071722042096]
fps.ltu:[43.98245224623477, 42.492433728506626, 43.76710940496441, 43.039716969467335, 42.64936839864944, 43.16461031479218, 44.13385286459705, 44.47705032599566, 41.37487752000754, 43.39448070716832, 45.591215699137784, 44.821576477323404, 46.79135613348662, 44.2357520254522, 43.48076500562981, 44.98860900098858, 44.49457377737118, 45.58780867539909, 44.8661117449024, 47.412311961370506, 45.34089520218213, 45.79646106147553, 44.748622885998834, 47.68300885510314, 44.37948204968014]
fps.c2:[2.1540532300516912, 1.4785156026598938, 1.6097586314134995, 1.6148767138723743, 3.2930246231147566, 1.4590050779567387, 1.1543727488083493, 2.282796687226693, 1.3028281820529477, 1.908187063274462, 3.252032216324798, 0.9922927977169193, 2.0418352243375697, 1.483510073158802, 1.8755381730978071, 0.7901827314229928, 3.6575760875840126, 2.319345104259436, 1.9943155173040412, 2.2703286450828504, 2.1022011154112934, 2.371550142582129, 2.377896152051378, 2.005527902861737, 1.4415697911770085]
FC:[[3.629459963106388, 3.691123141336987, 3.795826539561985, 3.891258406467479, 3.980566939554559, 4.054064044703095], [3.712311334172501, 3.7342811252270613, 3.839020781034482, 3.9441742499311827, 4.021158689178341, 4.093740344533749], [3.796200538742352, 3.8308202385170564, 3.9451171388601893, 4.033926783419537, 4.111462810956774, 4.185991024248615]]
FCE:[[0.026634580481781824, 0.013816494950287658, 0.0089930803360862, 0.007246265150361818, 0.00628768408670887, 0.005749030204652172], [0.02136769211931016, 0.010760643581412061, 0.00694611951134201, 0.00550350352403329, 0.004855670465326107, 0.004447916413217519], [0.018176409830983477, 0.009102917308660969, 0.005607413685031263, 0.004595302272190601, 0.004062987067541052, 0.0037322266180740207]]
