Ri:[100, 130, 160]
Zi:[50, 100, 200, 300, 400, 500]
fps.ts:[1422.9736600017548, 4268.920980005264, 7114.868300008773, 9960.815620012283, 12806.762940015793, 15652.710260019303, 18498.65758002281, 21344.604900026323, 24190.55222002983, 27036.499540033343, 29882.44686003685, 32728.39418004036, 35574.34150004387, 38420.28882004738, 41266.23614005089, 44112.183460054395, 46958.13078005791, 49804.078100061415, 52650.02542006492, 55495.972740068435, 58341.92006007195, 61187.867380075455, 64033.81470007896, 66879.76202008247, 69725.70934008597]
fps.e0:[10078.41646504404, 10131.171137483636, 10112.503548270588, 10105.148272459342, 10143.398151480409, 10133.523404777841, 10154.82471974951, 10143.126781746503, 10158.471361398226, 10098.756595391307, 10141.298872234622, 10123.682276219846, 10145.316768309705, 10146.529877056933, 10113.673954503774, 10125.25609000508, 10134.526284001571, 10164.875221737819, 10128.318756453295, 10142.148489857513, 10165.439402189695, 10134.959472648452, 10145.877379897567, 10142.018645779484, 10175.095960503982]
fps.e0u:[16.942580632907106, 16.941243155701592, 16.964402943219056, 17.140151191941577, 17.327662334398067, 17.125960342179795, 16.999970467693778, 17.01852400182267, 17.09370721773587, 17.41553692088314, 17.12887705435002, 17.191431355400855, 17.17542340903378, 17.193679596308698, 17.437449526073028, 17.186326091150534, 17.2051181119643, 17.38016275971378, 17.199070380362333, 17.178570804932818, 17.365013976138748, 16.93460944639215, 17.254649819201934, 17.417013785625883, 17.531621843164242]
fps.lt:[6684.205937515997, 6818.869781302288, 7098.561163023654, 7344.650965348473, 6903.368148556211, 7252.494454703208, 6748.37662988978, 6906.169620663875, 6628.173447112899, 7748.093732311184, 7014.173198359288, 7309.46837579725, 7128.7154137494435, 7065.025907594114, 7365.102175786973, 7057.257733964655, 7160.95900043026, 6844.438691136368, 7178.652773877462, 7154.498549659425, 6630.538041522896, 7243.941280454104, 7019.6293606500885, 7034.264112914146, 6581.072839424879]
fps.ltu:[223.21600443057955, 231.96289279160197, 253.60254532789244, 270.4977235640959, 240.78044658064144, 263.82317522441394, 227.4644442363885, 235.31377175729338, 219.069869818829, 303.768912151604, 247.03531048190536, 269.56573928415986, 254.1535963340613, 251.52027315612298, 275.90593376248916, 250.35382071858675, 256.6716484131438, 235.98711547469168, 257.0524760107211, 257.38129824144966, 220.89184919913944, 260.89900054162297, 249.4198007749449, 251.46591333395705, 219.5517965298766]
fps.c2:[0.9009293402260017, 1.2832777440417833, 1.411034067246918, 0.6316339738049386, 1.969356178008546, 0.5125005064689486, 1.004886438039042, 2.0055784838237787, 1.0820285126498652, 1.1389919424948598, 1.2614405796049435, 2.472599957499884, 1.8420086309298216, 1.1288811421352125, 1.723396660963302, 0.9892959679935145, 1.719875769732218, 1.4534269811322345, 1.4672340217064481, 1.621533429198878, 1.7480246164902746, 1.809139796148616, 1.308649617153899, 1.1462631100421439, 1.9832930489231893]
FC:[[4.148947426245048, 4.037192889620087, 4.086895611661442, 4.127540100137999, 4.181538963056577, 4.223187047424289], [4.145724790512576, 4.056262873337285, 4.111395973295172, 4.151291453627397, 4.221743326159932, 4.266262718116581], [4.2743195709528194, 4.222622074827958, 4.247513681714419, 4.293780409498109, 4.350104385476917, 4.40421502765465]]
FCE:[[0.05114451378287314, 0.0286858924859417, 0.01779579359499742, 0.013773807623154515, 0.01137470538902419, 0.009961408877902578], [0.03922320544112405, 0.02182194193183132, 0.013552827477741104, 0.010520428913856511, 0.008765492996206698, 0.007699213081911874], [0.033072818346809654, 0.018315451842628006, 0.01121407577266472, 0.008717469645740864, 0.007369991515690641, 0.006385100332026139]]
