Ri:[100, 130, 160]
Zi:[50, 100, 200, 300, 400, 500]
fps.ts:[1768.0177799987794, 5304.053339996338, 8840.088899993896, 12376.124459991455, 15912.160019989013, 19448.195579986572, 22984.23113998413, 26520.26669998169, 30056.30225997925, 33592.337819976805, 37128.373379974364, 40664.40893997192, 44200.44449996948, 47736.48005996704, 51272.5156199646, 54808.55117996216, 58344.58673995972, 61880.62229995728, 65416.65785995484, 68952.69341995238, 72488.72897994996, 76024.7645399475, 79560.80009994507, 83096.83565994262, 86632.87121994019]
fps.e0:[10820.790187580442, 10827.368007959521, 10821.589197838834, 10801.555985276456, 10826.712734623365, 10830.26675673712, 10809.569250337165, 10818.840446897246, 10823.429614821735, 10842.354107088258, 10831.889116712071, 10810.710993660794, 10822.984233238525, 10814.771972835972, 10811.686906251205, 10834.28755844853, 10851.608460560328, 10832.193311881168, 10831.524227086173, 10828.761143505439, 10811.607848827169, 10825.010252727297, 10812.100063326194, 10812.13667686067, 10810.473069885447]
fps.e0u:[14.499111004060762, 14.468665894306573, 14.459243458119259, 14.773112460155192, 14.579649716530055, 14.431141919370335, 14.573081488892143, 14.714732082617545, 14.530923556852606, 14.5032723081759, 14.416217014503125, 14.45818544490405, 14.681666127247233, 14.588246096394661, 14.593976857214443, 14.502366066381798, 14.790829463977493, 14.739846698347652, 14.484495484101698, 14.66552970385412, 14.62175245036657, 14.678862236307761, 14.764216916444193, 14.67883161155949, 14.697835111700607]
fps.lt:[11680.466410877836, 11189.027631102312, 11525.07515839007, 11841.75684481689, 11641.547506242463, 11017.856400082539, 11795.73015325227, 11457.556770919131, 11792.922150807677, 10973.398814538004, 11495.574826979182, 12342.077570614929, 11797.76572717828, 12076.939254511153, 12578.28087465215, 11541.178223795732, 10818.561765080234, 11500.319257795007, 11126.991460363553, 11634.278080394359, 12321.732667512531, 11925.26511813587, 12508.927774984619, 12188.346875263585, 12504.458801921213]
fps.ltu:[549.5048110118869, 504.37691967041695, 535.708902443907, 576.4110990912878, 547.3122948194734, 485.84914156865915, 564.8179593789703, 535.8555975310541, 564.3073027883453, 484.88886890221306, 529.653996995978, 614.6541753067526, 567.1252362576822, 588.1668643653934, 642.8571519965384, 536.5403451325527, 477.06680844937773, 539.5553612898693, 500.92442538666546, 547.3082553755414, 616.4424286029445, 578.275175634344, 638.7567821374295, 606.4824116465824, 637.4393175169082]
fps.c2:[1.6946236650022517, 1.481070519143434, 1.006655110256841, 1.122805220359052, 1.8285405278425517, 2.9742762548945154, 1.3854814704533207, 1.4994993233164815, 1.2755143444508716, 1.554260440166881, 1.6727548683435318, 1.9347580273771239, 1.7693371351814404, 1.5728983268072396, 0.6212186229286647, 2.253956087670623, 1.7519154241342805, 1.5059225530728995, 2.4906871380601143, 1.235670069482179, 0.7337023565232255, 1.0117734919146046, 1.0840310208127053, 1.9622560522448675, 1.2109019066320206]
FC:[[3.828608401747527, 3.8539260978570002, 3.8987488615526753, 3.925358229186194, 3.9500809546110207, 3.9728868579775156], [3.8812905689513446, 3.890213629355679, 3.938905486172746, 3.960510871177898, 3.9886530896841106, 4.0140094746206], [4.002606896699325, 4.015289159956441, 4.060548558457991, 4.08936816399074, 4.11559953963256, 4.143257801346588]]
FCE:[[0.032663296623398445, 0.020138843989607268, 0.013452628395221433, 0.010632423041896917, 0.00903132779007678, 0.007945640429141617], [0.025579706302697302, 0.015514881946806263, 0.010383038528367848, 0.008197010441947206, 0.006795314952847477, 0.005994171705777059], [0.021934381612139543, 0.012847660937863114, 0.008550436679922087, 0.006790735872008548, 0.005783433381057654, 0.005120806362810785]]
