Ri:[50, 100, 150, 200]
Zi:[100, 200, 300, 400, 510]
FC:[[4.005837408549938, 4.027509287674346, 4.020622151149214, 4.051540779609592, 4.072286730680842], [4.016888904098469, 4.038493614041288, 4.051635147724785, 4.078134661032833, 4.1058269591032195], [4.128288030832034, 4.156727910455532, 4.183638912330751, 4.210045445131481, 4.243461121123801], [4.765994852206869, 4.819833484284659, 4.861423860119484, 4.889966961852121, 4.9097910221495615]]
FCE:[[0.03889070250753099, 0.02658668506428225, 0.021411013168198042, 0.018571814043724804, 0.016283754586408128], [0.01953272933043947, 0.013362002499613498, 0.010753188366509632, 0.009309102280849612, 0.008211586261574765], [0.013593638171887057, 0.009276594116409784, 0.0074871133822405084, 0.006475450646900626, 0.005730705271015173], [0.012421144246438628, 0.008469504286258056, 0.006855536989963241, 0.005924818273033713, 0.00522433127636473]]
fps.ts:[1604228652.46338, 1604232097.0121403, 1604235541.5609002, 1604238986.1096601, 1604242430.65842, 1604245875.20718, 1604249319.7559402, 1604252764.3047001, 1604256208.8534603, 1604259653.4022202, 1604263097.9509802, 1604266542.4997401, 1604269987.0485, 1604273431.5972602, 1604276876.1460202, 1604280320.69478, 1604283765.2435403, 1604287209.7923002, 1604290654.3410602, 1604294098.88982, 1604297543.4385803, 1604300987.9873402, 1604304432.5361001, 1604307877.0848603, 1604311321.6336203]
fps.e0:[9993.840863884558, 9976.721924585876, 9988.356967029746, 10030.516317537249, 10021.600375562744, 9996.880471460858, 9995.416643196835, 10013.88233246714, 10020.55260950679, 9993.814917011065, 9975.922919181656, 10015.085427187489, 9972.450436137307, 9981.853152454785, 9995.264047160977, 9989.599539988187, 10000.272002472502, 9995.994082237255, 10023.151416571061, 10044.767373475586, 9961.61164297574, 10004.74737321399, 10006.920640154132, 10011.54363316073, 9998.781124671357]
fps.e0u:[17.446762808165833, 17.416980079837952, 17.391125249304732, 17.228268094885426, 17.250388725134137, 17.29462813281323, 17.292205744121016, 17.21049487444754, 17.150873109614416, 17.421945032766768, 16.99920560434163, 17.318545869415253, 17.372047246485995, 17.25147629705214, 17.261979450646383, 17.299252695745444, 17.353061763663813, 17.174976272191046, 17.44200518003651, 17.23461554672619, 17.39219082279428, 17.505882735819828, 17.350580040718334, 17.27953447787037, 17.495013740708664]
fps.lt:[15572.833392250606, 17940.773590999852, 15890.18007120646, 13804.519388865874, 13952.40098587915, 14771.710103306443, 16207.372661496813, 13908.078372840639, 15176.47640322307, 16307.567619134355, 17356.22210834399, 15228.402583020285, 19417.596927168175, 17701.62789000421, 16608.704683316642, 17455.10280292339, 16197.771845782068, 15921.080963993514, 13804.165553723951, 13401.49306517087, 21863.520970145426, 14703.05922063565, 15551.88850033271, 16412.144477803075, 15588.669948962422]
fps.ltu:[1260.975805091767, 1688.1586530894365, 1320.3573508646002, 980.2034473042706, 1011.701742534424, 1138.372907985278, 1359.0308392474615, 999.3821669158435, 1179.9465584481907, 1384.9693646131075, 1541.9552800715915, 1205.2074396608784, 1962.249720943171, 1624.51951438847, 1434.5292319895193, 1586.0217109186997, 1370.3843984792977, 1303.994002101955, 998.0007942450695, 932.7843638107163, 2485.6940759056492, 1137.649700122901, 1250.6673841893426, 1390.6730780716296, 1273.8751097919148]
fps.c2:[1.259577693427996, 1.423461370948331, 3.061310317942427, 2.1017919750139153, 1.0705184153942824, 2.330927144866757, 1.6888521071371072, 1.4386663615573845, 1.1382252942548994, 1.3122417989334718, 0.9689781410321541, 1.6287488465642939, 1.1949366996558362, 2.5358324580485903, 2.409711377372557, 1.5385949485093762, 1.2947868992687732, 0.9568399135405131, 1.1041833648368509, 0.8112698466447401, 1.5171261722858087, 0.5870220504600606, 0.8323294268864422, 0.9034491226817776, 1.3021848770501907]
