Ri:[100, 130, 160]
Zi:[50, 100, 200, 300, 400, 500]
fps.ts:[1705.9605399990082, 5117.881619997024, 8529.802699995042, 11941.723779993057, 15353.644859991075, 18765.56593998909, 22177.487019987107, 25589.40809998512, 29001.329179983142, 32413.250259981156, 35825.17133997918, 39237.09241997718, 42649.013499975204, 46060.934579973225, 49472.85565997124, 52884.77673996925, 56296.697819967274, 59708.61889996529, 63120.5399799633, 66532.46105996132, 69944.38213995934, 73356.30321995735, 76768.22429995537, 80180.14537995338, 83592.0664599514]
fps.e0:[10889.080177180209, 10903.671989648594, 10928.49962873489, 10861.703069008814, 10901.66335287815, 10900.871829661986, 10916.536346536044, 10885.980515310372, 10974.079942380973, 10923.061643608253, 10943.549932933776, 10926.357561606006, 10943.354337122633, 10926.420792942043, 10935.560014683862, 10936.839823253664, 10941.968970864578, 10931.941170049133, 10897.953055085849, 10928.13204748233, 10914.30077005951, 10918.404106424956, 10935.105926331948, 10902.804706873605, 10900.722991363964]
fps.e0u:[17.571715598632018, 17.572684587584877, 17.33594999228484, 17.289669581278446, 17.152282894439494, 17.23457011104242, 17.58452950883439, 17.235057348294575, 17.2522852951256, 17.254346279732296, 17.06728149335579, 16.846547129825154, 17.23788434489769, 17.09150264144969, 17.08944191081556, 17.129187632917407, 17.2249492156599, 17.16175743531432, 17.116957851497926, 17.051889941397086, 16.907509141994083, 17.07353329488181, 17.266045683297836, 17.203015974697863, 17.07140205804155]
fps.lt:[6627.455581418468, 6572.295719771183, 6316.034046969662, 7178.129227256878, 6980.95690702268, 6992.552897550837, 6606.721268277812, 7130.51431317748, 6028.71358075067, 6554.330917692039, 6361.156923448499, 6415.597409541486, 6332.200915701953, 6450.690752645966, 6437.228056956865, 6328.689080653348, 6329.69895453834, 6289.787075041553, 6852.363978330451, 6490.215083601625, 6405.604763018421, 6346.533909246691, 6158.946351950049, 6702.366538100015, 6758.883182801518]
fps.ltu:[214.46377479117726, 210.5908226852781, 190.7641623165582, 246.068140557172, 229.05690990099225, 232.2339966316546, 209.5243374672876, 238.91415835153404, 172.71420709975615, 203.04140012145905, 189.3624318586399, 191.0392175826287, 189.8118412425625, 195.21015251262966, 194.35733038069787, 186.83713765164342, 189.4345272589689, 186.74912291823125, 219.68748640689245, 197.5262729740893, 190.58333799948446, 189.0296948790109, 180.06550908649322, 213.78424499862717, 214.83385332704935]
fps.c2:[2.2487930335504895, 1.2748000403922624, 1.2952728182490376, 0.8273931019564261, 1.7828221865114757, 2.4673089488901514, 2.2026657716916556, 0.7390617554570011, 1.1661990830311628, 2.0350279142380154, 1.1531271394270666, 0.4954456021647211, 1.0145121900191814, 0.8637180699985962, 1.7056704930001045, 1.4159563184985502, 0.7713080232315542, 1.0941485955791297, 1.1958767509100547, 1.2585753194448697, 1.3230250397177312, 1.9841927852659778, 1.7964060797136994, 1.767905350969182, 1.4859927764887664]
FC:[[3.8798626115749593, 3.897764998771058, 3.946939862106098, 3.982371302730592, 4.029870759570405, 4.054732183187973], [3.9492834602973055, 3.9536143570147626, 4.008345493394336, 4.058968177784302, 4.098187145519801, 4.1287127042058485], [4.079206259586685, 4.094903882961066, 4.1625554990223925, 4.216904903938979, 4.261167617236691, 4.296368541747216]]
FCE:[[0.04294927282832328, 0.02441963844213799, 0.01565990065343371, 0.012273143270908211, 0.010425153529153566, 0.009228561137802177], [0.033557068899773494, 0.019044605726938058, 0.01223540143741877, 0.009492082019401389, 0.008052156748150954, 0.007131040705376464], [0.028761886997993334, 0.015992412399786188, 0.010133822382973619, 0.007985257254186685, 0.006788644772338076, 0.0060239400953450385]]
