Ri:[100, 130, 160]
Zi:[50, 100, 200, 300, 400, 500]
fps.ts:[1744.5927199983596, 5233.778159995079, 8722.963599991797, 12212.149039988517, 15701.334479985235, 19190.519919981954, 22679.705359978674, 26168.890799975394, 29658.076239972113, 33147.26167996883, 36636.44711996555, 40125.632559962265, 43614.81799995899, 47104.003439955704, 50593.18887995243, 54082.374319949144, 57571.55975994587, 61060.74519994258, 64549.93063993931, 68039.11607993602, 71528.30151993275, 75017.48695992946, 78506.67239992617, 81995.8578399229, 85485.04327991963]
fps.e0:[10821.355496454811, 10825.409819923201, 10832.37952373337, 10815.277195757255, 10821.301466977999, 10812.905547466655, 10827.480880718442, 10825.643519639656, 10827.104699416232, 10826.975071448374, 10825.092940974371, 10817.970797270134, 10817.972355383603, 10823.140597863558, 10810.29906978801, 10815.41106528729, 10821.150417917468, 10810.273134275461, 10820.283584622071, 10803.805757389966, 10829.988251882953, 10827.687870621734, 10820.285758441256, 10815.260838537772, 10827.744009415752]
fps.e0u:[6.439224847046897, 6.42535179670209, 6.432027440909495, 6.428781298587562, 6.432617776882175, 6.461503903900615, 6.438643897597911, 6.4306686956506205, 6.446836772319733, 6.455606750989491, 6.436490718726517, 6.48956789023612, 6.482252266414854, 6.4487781272547995, 6.450391425229237, 6.494045128261364, 6.440483282656813, 6.454962431572387, 6.476219408070781, 6.515686127806672, 6.462534194171441, 6.479718642274455, 6.42045769769612, 6.47380714253041, 6.495852495977508]
fps.lt:[7389.105464648724, 7379.483912714079, 7284.218163705357, 7561.162611457455, 7446.65802831364, 7636.308189085821, 7323.237796987101, 7494.681413779177, 7387.271824386689, 7541.241107627881, 7444.12423906494, 7592.6225082031015, 7484.743607413603, 7603.48931994111, 7663.113383006796, 7579.457413600601, 7587.5945911412955, 7681.214425619181, 7563.603273241316, 7677.925773394219, 7417.925490530854, 7379.705290805504, 7640.738969415166, 7628.6361026298255, 7424.0058763792995]
fps.ltu:[97.89724602891111, 97.26400634735631, 94.5779761791253, 102.09660102992737, 98.91169606939009, 104.5509336816265, 95.55878263486413, 100.33492617946455, 97.4512113291291, 101.81570457936796, 98.80645219313628, 103.38574788778853, 100.4504122492752, 103.10245970614508, 105.09757447464726, 103.18856207288977, 102.58548990308256, 105.51834522486625, 102.32634307422875, 106.24468974107906, 98.33572474347788, 97.77009439959667, 103.92865300385692, 104.24496308074433, 99.08714307427738]
fps.c2:[3.693658807003984, 3.7133620742240927, 4.352303107653494, 2.4067769573953663, 3.1203490946396686, 3.161310323273369, 2.3022930434006086, 5.46124476045016, 2.5229492849650716, 3.2792811808692357, 2.268987113403529, 1.5756317457684805, 2.505091593032169, 4.164257273887065, 3.78082278226651, 3.3010087534083263, 3.6166313822041496, 2.6519645846703677, 4.473578467343298, 3.1085948386861393, 4.293636159826096, 2.9295920291521464, 3.4091326314325063, 1.6005169281574725, 4.214618540714158]
FC:[[3.8361762217318414, 3.8456870865114285, 3.8735331114848863, 3.9102631973428053, 3.9517341196186067, 3.990803343504169], [3.877036737614331, 3.882457898699672, 3.9170300783873335, 3.9593448954403336, 4.008236394308449, 4.048324503195811], [4.009249295925587, 4.020503913115921, 4.0602384016317385, 4.101738634987512, 4.149205703124004, 4.191443271763408]]
FCE:[[0.015989324382877486, 0.009169071822040522, 0.00586911634598813, 0.0046101155193161, 0.003917110502122578, 0.003465989137941286], [0.01257114939022419, 0.007119009430885359, 0.004550275472596942, 0.0035771270090841256, 0.0029872045037449275, 0.002646685490845387], [0.010555272433386982, 0.005955860317141094, 0.0037949321742435883, 0.0029838794228911375, 0.002489558497717298, 0.002211931067678234]]
