Ri:[100, 130, 160]
Zi:[50, 100, 200, 300, 400, 500]
fps.ts:[1719.2259600019454, 5157.677880005836, 8596.129800009727, 12034.581720013619, 15473.033640017507, 18911.4855600214, 22349.93748002529, 25788.38940002918, 29226.841320033072, 32665.29324003696, 36103.74516004085, 39542.197080044745, 42980.64900004864, 46419.10092005253, 49857.552840056414, 53296.00476006031, 56734.4566800642, 60172.90860006809, 63611.360520071976, 67049.81244007587, 70488.26436007976, 73926.71628008365, 77365.16820008754, 80803.62012009144, 84242.07204009533]
fps.e0:[10888.664189891933, 10880.28888215177, 10874.442561149606, 10896.298641358826, 10889.868395685391, 10911.863819828477, 10870.368296298477, 10889.770123349408, 10895.4203219894, 10877.968005783705, 10884.559667645159, 10876.462294972842, 10864.401228232602, 10859.695094350882, 10856.18517755644, 10865.638179234204, 10855.069825096896, 10890.883425715436, 10862.807949595885, 10846.616811560505, 10875.923870619898, 10868.019240365433, 10878.758055664823, 10862.151622301966, 10844.879439194956]
fps.e0u:[12.958949671708709, 13.188699296560994, 12.920747981596778, 13.02141504252143, 13.06034572996984, 12.951161895380766, 12.992646978246274, 13.197731617911428, 12.92900523751102, 13.108748228360868, 13.106170955459522, 13.12981437713676, 13.081299787874789, 13.431959558440315, 13.172628370369962, 13.007400014250972, 13.090063104231469, 13.154685148690515, 13.007192203191842, 13.009566601285393, 13.089360294133094, 12.969547182587377, 13.130388443511546, 13.057749402324678, 13.143735025903096]
fps.lt:[9486.304230949827, 9453.381227809987, 9441.857432641142, 8911.877643706372, 9299.987378411708, 8782.410858772699, 9482.937972116582, 9054.440886173055, 9128.117096225258, 9249.346473106367, 9008.513420613772, 9194.466162469625, 9512.710057733128, 9591.531579262924, 9751.042774537418, 9589.902086198326, 9743.573329215147, 8897.766674288967, 9602.189118796368, 10286.889470004968, 9265.024152326023, 9489.614563563842, 9397.133727614186, 9646.061564971313, 9777.560212146867]
fps.ltu:[322.8121734384359, 325.1010650320453, 318.74767912194426, 285.32533177672025, 312.2024212031411, 277.454412024435, 322.98256103253965, 299.4128033399816, 298.6114751890242, 308.0243549176912, 293.99893891699134, 305.45268475800196, 327.3641307807393, 341.5630741434509, 344.75981947429557, 331.71660008599235, 342.8707486621059, 286.21732961960726, 331.5507794794534, 379.7337377359828, 309.35395141989557, 321.52197774241495, 319.16128235938737, 334.7498438239453, 345.1143986334355]
fps.c2:[2.0149664501130067, 1.7951259759115112, 1.9898425909826523, 1.7031891296070858, 1.8437887811676492, 1.1890125553772029, 1.6447048986153379, 1.9555393990318288, 1.5459771382734906, 1.6739052332751656, 2.1012866333037534, 1.4569574775440575, 1.1080296990629632, 1.2751039014570937, 2.660525311182473, 1.892302513976556, 1.7184522252902892, 2.0519583849134335, 1.4571438517852253, 1.2443890156090778, 1.917554349628695, 1.255801314574089, 2.4325701337038366, 2.3675937393489868, 2.246696225041276]
FC:[[3.8203946463865748, 3.820297082466249, 3.8582132863863188, 3.8743135860551354, 3.906725928566819, 3.9385537359272353], [3.8631583251814234, 3.853931777747529, 3.8826057283970905, 3.9114564927690463, 3.9464117716107903, 3.981081285065842], [3.963186758485433, 3.9840059575181095, 4.0197593193235805, 4.04854506352688, 4.080285822944421, 4.114967999132823]]
FCE:[[0.03140680731850058, 0.018240924390404388, 0.011907559084938471, 0.009231803650614828, 0.007611678905924176, 0.006732102556472794], [0.023805642063020844, 0.014096560900385439, 0.00909452250641624, 0.006938394187388092, 0.005894362828920225, 0.005227701339284621], [0.019916373851153767, 0.011626658431265448, 0.007487530387489012, 0.005868646566703396, 0.004994207192165868, 0.004439273610780448]]
