Ri:[100, 130, 160]
Zi:[50, 100, 200, 300, 400, 500]
fps.ts:[463.1827600002289, 1389.5482800006866, 2315.9138000011444, 3242.279320001602, 4168.64484000206, 5095.010360002518, 6021.3758800029755, 6947.741400003433, 7874.106920003891, 8800.472440004349, 9726.837960004807, 10653.203480005264, 11579.569000005722, 12505.93452000618, 13432.300040006638, 14358.665560007095, 15285.031080007553, 16211.39660000801, 17137.76212000847, 18064.127640008926, 18990.493160009384, 19916.858680009842, 20843.2242000103, 21769.589720010757, 22695.955240011215]
fps.e0:[11248.750833338043, 11249.709244822414, 11245.013293907981, 11237.731308902716, 11189.790130871752, 11211.321446105072, 11214.194012603164, 11213.293455947613, 11233.177463718494, 11197.636500710776, 11160.916299575465, 11177.422417972237, 11237.064483518438, 11149.293888071139, 11187.807002489933, 11188.63394053445, 11167.234395336935, 11207.139000067567, 11182.684778977342, 11194.860627192396, 11192.861627215725, 11177.643476996023, 11189.153630490706, 11185.808014556182, 11192.095006307252]
fps.e0u:[22.617367405170498, 22.422383832271695, 21.887840126754366, 22.358955599465563, 22.59395676530488, 22.168489001177704, 22.304795038729193, 22.36599975995817, 23.06918780356265, 22.850421649012098, 22.651360842167243, 22.703632135714404, 22.792824404432253, 22.613277744140653, 22.62786831369508, 22.53850264083854, 22.439817404721943, 22.55080108803904, 22.70515749448318, 22.412109690538653, 22.09831876250113, 22.282717716616695, 22.5061280147174, 22.832499312354972, 23.066758610240154]
fps.lt:[3163.112672338945, 3186.4827009645683, 3175.308755175083, 3250.6983674416474, 3287.57256254924, 3334.128127824623, 3336.4045495483797, 3352.9905137088886, 3331.5422317599982, 3463.3614096994916, 3489.7736536180096, 3477.0796555753423, 3285.1559089951343, 3579.5566666420004, 3527.645404621703, 3462.647514331015, 3535.383049522113, 3385.3346423331736, 3538.3097187496746, 3499.70569278219, 3501.3314761771585, 3552.030386298507, 3482.142304596264, 3535.0017122535655, 3527.722525594179]
fps.ltu:[62.98212978883687, 62.752507422807355, 60.83721640648416, 65.38212730850503, 68.05825024163556, 69.08969226170993, 69.42525105675578, 70.09151486078807, 71.61292697002638, 76.01214719485398, 76.42625029570227, 75.96014323418804, 69.07670015607431, 80.69941661911494, 78.50596024701306, 76.17129734648512, 78.17769634814846, 73.66140603766834, 80.28211773316353, 76.72499075108568, 77.03774094776615, 79.29101700441048, 76.41394677140883, 80.93377235654907, 80.15791694202251]
fps.c2:[1.302733122810841, 1.5118174635422803, 1.3383478215418398, 0.9786263809653631, 1.8889592977177467, 1.9374507476153668, 1.182782876813229, 2.324863252435695, 1.0400481770031726, 2.0591440943205717, 1.675732161977637, 0.9753947519433286, 1.2842362920102484, 1.122979187727577, 0.8078755973686244, 1.8084700957098068, 2.7460885122009957, 0.9920510480313833, 1.4036273719653691, 0.7053999778765874, 0.9385959845993482, 1.3437678476959083, 1.0120900093029006, 0.8097306667812117, 1.5401954319036977]
FC:[[3.68951486688008, 3.818783678931435, 3.95098656876354, 4.043371216264429, 4.165027922160943, 4.288945673299357], [3.79294543910042, 3.89679281952595, 4.005214423065626, 4.092671331681378, 4.206499523217796, 4.325219673401542], [3.93660760197284, 4.0432745591023505, 4.138984674405727, 4.236765533375987, 4.353959488353803, 4.471902851297272]]
FCE:[[0.05656226766012582, 0.03022049877240362, 0.018665935589172105, 0.015273667512208714, 0.01367649450151802, 0.012527232779691174], [0.044668988953968404, 0.023444897807409854, 0.014643678504559972, 0.011897535516073999, 0.010615097833031589, 0.00969523584085602], [0.03808438767610081, 0.01960188228165877, 0.01239136586189565, 0.010148671523032242, 0.00889234075973725, 0.00809792462543625]]
