Ri:[50, 100, 150, 200]
Zi:[100, 200, 300, 400, 510]
FC:[[3.961052617475914, 3.9999473043082667, 4.00601189891284, 4.031826617972952, 4.03931300774551], [3.995046006642581, 4.029224564190051, 4.048593912208567, 4.072008802518127, 4.086345592551777], [4.140656165548043, 4.1579749146185145, 4.17844613271579, 4.203522717461407, 4.2256592499496275], [4.799728364273209, 4.831833144431196, 4.861757852863561, 4.881894753347185, 4.899162808407172]]
FCE:[[0.03409248960730656, 0.023225277937328707, 0.01873732075429751, 0.01632469458989396, 0.01434516665229288], [0.017036213758335972, 0.011695705489829279, 0.009468772112892999, 0.007755841316120371, 0.006847447124849607], [0.011429055114406719, 0.007737095796583877, 0.006235044395852813, 0.005387754217068189, 0.004760557100875976], [0.010541668838992265, 0.007164756667372253, 0.005794669651634598, 0.0050000001535053995, 0.004422475843395385]]
fps.ts:[1613393261.61664, 1613396674.1539202, 1613400086.6912, 1613403499.22848, 1613406911.76576, 1613410324.30304, 1613413736.84032, 1613417149.3776002, 1613420561.91488, 1613423974.4521601, 1613427386.98944, 1613430799.52672, 1613434212.0640001, 1613437624.6012802, 1613441037.1385603, 1613444449.6758401, 1613447862.2131202, 1613451274.7504, 1613454687.2876801, 1613458099.8249602, 1613461512.3622403, 1613464924.8995202, 1613468337.4368002, 1613471749.97408, 1613475162.5113602]
fps.e0:[10673.4845882581, 10697.230322145426, 10724.552348638996, 10701.358372233402, 10727.012725035427, 10714.07909101505, 10733.407990705971, 10716.656722535397, 10724.076390707483, 10707.303305160376, 10709.380283782408, 10728.580035601455, 10721.485870688892, 10721.987952174806, 10710.58420259812, 10754.528251434862, 10692.843038891964, 10711.85884685086, 10718.740177671543, 10698.918492588864, 10743.850999196213, 10724.57808134035, 10739.243538550407, 10729.077600283414, 10737.401592201186]
fps.e0u:[15.431419358912999, 15.503845261046768, 15.499591290259561, 15.499033011199376, 15.491506382748545, 15.79742498004281, 15.678490896316033, 15.786109126331825, 15.545824423888227, 15.516061536316313, 15.514386564463049, 15.713614434418378, 15.61042909102132, 15.642437921718816, 15.543344295761973, 15.56741636914007, 15.739835201091111, 15.62647836411353, 15.752513092280694, 15.625146081331046, 15.674872936324196, 15.586203107165723, 15.439432113015641, 15.712191565157584, 15.86414363307554]
fps.lt:[19948.21914440001, 19407.12359687845, 17451.63051292135, 18775.22811004936, 17512.188103020457, 19196.074913026867, 17134.11331471048, 17319.822045207286, 17798.387552398195, 20652.190739344598, 19160.92227118073, 18309.99681794118, 18385.47615246596, 17568.999842904068, 19123.347425913347, 16166.022052223212, 20084.63200058113, 19230.764985155565, 18466.13227995754, 20195.296948955, 15780.800319177115, 19061.813767913405, 17312.355461209638, 17661.73326748943, 17229.265820477798]
fps.ltu:[1735.1475627792572, 1648.7917409904155, 1338.7177308706432, 1547.4249093423123, 1344.8258711730243, 1632.2082525304786, 1293.0174661828753, 1334.904566326702, 1391.9461947700026, 1864.8701543544014, 1602.945414683306, 1482.8666451533588, 1490.9553804608277, 1361.0541576041433, 1597.3337824939429, 1143.8720137193386, 1781.5617665920984, 1634.930941289189, 1509.7252307248511, 1797.9992727132412, 1098.3441328369352, 1591.1834607924836, 1305.113375745491, 1378.212223370224, 1325.9446612117974]
fps.c2:[2.5605502855214692, 0.7189700886090685, 1.6264983702703601, 1.1063167859671668, 1.4167522465512365, 1.5144950604870877, 0.8250626983950897, 0.694116009531015, 1.2739997230205113, 2.4689661701493013, 1.7865945413176947, 0.9630905609186999, 1.8973015627994316, 0.7345519942267569, 1.1915827416920572, 2.1632819044221274, 2.0214448684043305, 1.1070545602382582, 1.442257367287806, 1.2374903454172461, 1.4561402609783347, 1.3701374887762001, 1.4666373713182697, 1.2893376803791166, 1.443352490095791]
