Ri:[100, 130, 160]
Zi:[50, 100, 200, 300, 400, 500]
fps.ts:[2988.3554200029375, 8965.066260008813, 14941.777100014688, 20918.48794002056, 26895.19878002644, 32871.90962003231, 38848.62046003819, 44825.33130004406, 50802.04214004994, 56778.75298005581, 62755.46382006169, 68732.17466006757, 74708.88550007343, 80685.59634007931, 86662.30718008519, 92639.01802009105, 98615.72886009695, 104592.43970010281, 110569.15054010869, 116545.86138011457, 122522.57222012043, 128499.28306012631, 134475.9939001322, 140452.70474013808, 146429.41558014392]
fps.e0:[10817.862111872631, 10832.419629420627, 10813.009640923228, 10824.044178742706, 10844.951388998501, 10804.997831402148, 10822.795606656528, 10839.603893644122, 10828.514633423321, 10817.52638070797, 10832.569432018367, 10825.621845091808, 10834.287190764791, 10849.045140120015, 10845.387954151132, 10818.469548033845, 10841.77681197976, 10833.684893389682, 10826.346540502354, 10825.010889217207, 10823.571614498484, 10822.40132429166, 10830.165670285967, 10840.78496716179, 10832.030340172652]
fps.e0u:[10.393504507966503, 10.564634179377562, 10.558925718217802, 10.44195529330245, 10.418948182847158, 10.5899333995337, 10.404542146837088, 10.49853405826148, 10.574675851970206, 10.441236511599296, 10.52273080128132, 10.485061192093237, 10.451070684051581, 10.486613082830413, 10.526262595953954, 10.566260448246332, 10.490928995703914, 10.461080000204847, 10.595482585734125, 10.566371080767327, 10.489258265179433, 10.505890206930678, 10.463725090000512, 10.550456144863215, 10.491708189355235]
fps.lt:[11777.652535566092, 11089.080139794807, 11967.833525720758, 11413.733238254557, 10971.794379111929, 12088.501366570563, 11450.094874506785, 11147.6029456067, 11563.341232297731, 11766.97571646876, 11427.432747755507, 11434.423395900167, 11160.850522107967, 10849.655677282493, 11110.803291639613, 12052.826153787799, 10719.979728521987, 11294.956252935952, 11429.940929945149, 11517.757596010886, 11884.470110015258, 11480.617257161837, 11298.409717341032, 10932.24988256161, 11262.61637231451]
fps.ltu:[399.725859151049, 359.2934402403075, 418.5134659569974, 379.37331581867875, 347.06239833049705, 429.81104433824606, 378.9702105046867, 363.5331773070523, 393.3555495692854, 400.5671575882645, 382.35119558709744, 381.05350582382687, 362.513229194686, 342.6195253096585, 361.3821801048225, 426.7566999721019, 336.0720850026678, 368.881699054676, 385.13513521716214, 387.795084385651, 411.74522896573404, 384.6224930719615, 371.6347174980519, 348.62272299134116, 368.20183614302744]
fps.c2:[2.0576529237307133, 3.1439178311229434, 1.951663917775374, 2.375587122478098, 3.435831042778314, 1.3147305063233787, 2.9555182303115584, 1.2471528317084433, 0.37996164249469955, 1.6569072508569147, 2.1961128505012724, 1.663817925870504, 0.7102115166810854, 1.481058556330922, 1.6048567397590832, 2.771309860752372, 0.6683747854638094, 1.5712846640328295, 1.3308469368454388, 1.8642209457331964, 2.3642017635801134, 0.6156417447586239, 1.4380212699192128, 3.0822636923798776, 1.9684014897044249]
FC:[[3.8299097511604776, 3.845318953638645, 3.8723837538970063, 3.89175047139251, 3.9222814180152854, 3.9428719555513303], [3.8616518941025144, 3.9003007515329, 3.922031062771216, 3.941718917687976, 3.969191922994974, 3.994173457292256], [3.9947689839370457, 4.030231152684767, 4.052938561099619, 4.072436961259249, 4.10011215554551, 4.128708205799256]]
FCE:[[0.02375534067616646, 0.014473133585267351, 0.009608720355290847, 0.007564667811084898, 0.0064262597573062925, 0.005655935605588417], [0.018407512819193766, 0.011301966816953005, 0.0074421393766963845, 0.00585793518643086, 0.004980603923480794, 0.004402485553041739], [0.01580740205604701, 0.009683561375449914, 0.006183439328895133, 0.00487646190791114, 0.004151311292034851, 0.0035929558023903574]]
