Ri:[100, 130, 160]
Zi:[50, 100, 200, 300, 400, 500]
fps.ts:[1611.8073799991607, 4835.422139997482, 8059.036899995804, 11282.651659994124, 14506.266419992447, 17729.881179990767, 20953.495939989087, 24177.11069998741, 27400.725459985733, 30624.340219984057, 33847.95497998237, 37071.569739980696, 40295.18449997902, 43518.79925997734, 46742.41401997566, 49966.02877997398, 53189.643539972305, 56413.25829997063, 59636.873059968944, 62860.48781996727, 66084.10257996559, 69307.71733996391, 72531.33209996222, 75754.94685996056, 78978.56161995887]
fps.e0:[10774.280017355806, 10797.503301048015, 10790.503228589101, 10792.7846434187, 10774.85421310141, 10789.084477361654, 10800.69224207273, 10838.067275140265, 10802.906638694187, 10792.120492682929, 10808.009753825138, 10803.064098192921, 10823.886624198492, 10809.820508993575, 10818.195797057024, 10824.993648195197, 10810.97333174601, 10807.351236722441, 10797.47935870414, 10826.262155121134, 10836.516441549615, 10810.22795921272, 10825.308492982196, 10797.781544220636, 10804.480205524687]
fps.e0u:[17.22913650524307, 17.55365823588477, 17.196675453455853, 16.873080024719712, 17.11392923384053, 17.153335333400424, 16.92845563569042, 16.86989641321172, 17.386365881289635, 17.197194619919987, 16.892726966895804, 17.007002556774, 17.30814282445956, 17.160847205133308, 17.220399268179523, 17.32316492804144, 17.271364524235107, 17.050339329293458, 17.382328003685977, 17.168781309888367, 17.069002748099074, 16.95269623681013, 17.1966198485665, 16.985658136722368, 17.210323466265052]
fps.lt:[10647.291944735629, 10388.97735028362, 9782.150161127705, 10285.712206829005, 10806.767835069826, 10603.392946812295, 10385.6027329154, 9622.72750433995, 10173.276609534965, 10158.76484754126, 9759.891311940479, 10121.586502416536, 9521.93432494166, 9837.639844238252, 9645.386435201211, 9936.443015377068, 9933.784500943393, 10176.971569608872, 10307.331578866066, 9981.431704129256, 9579.337679775357, 10120.949404758352, 9735.959702039223, 10115.255988384175, 9855.764138916284]
fps.ltu:[547.8129608099485, 527.5936983068696, 459.8816735355042, 498.11123332324274, 557.7312912754888, 533.4114786901331, 509.30235446894363, 437.6148350949616, 499.29559962899214, 494.11755327862517, 447.4455565273536, 487.8931752672284, 436.8591145798433, 462.91256536518136, 447.6936829467989, 474.2260188852947, 471.06925118211734, 489.98738082862434, 513.7743529330776, 476.85093004987675, 436.4069432914108, 485.8135227023632, 454.4142790423066, 486.01068936317836, 466.1224098641556]
fps.c2:[1.140430352087326, 1.2476866399406554, 0.5034119641706861, 1.659957459050923, 2.11673659374694, 0.6841005061758898, 1.3880994111642013, 1.0757173043198198, 1.1108088802942195, 1.2692109965619016, 1.0249753280147473, 0.6472250469345452, 0.809345655542886, 1.7637795287576856, 1.7269706483329723, 0.817009046050672, 1.2771764026687602, 1.241106078881514, 1.0439920108172867, 1.0501840024830467, 0.9352094428760906, 1.0411891599201217, 1.3188163036361003, 1.6089154996250594, 1.0432356407482688]
FC:[[3.7819092716855507, 3.819399571077133, 3.863777395798873, 3.8814782726983963, 3.9066899182482135, 3.9478476665886473], [3.850842161707433, 3.8524489220412708, 3.9052537674455383, 3.9286139368485853, 3.951516743938005, 3.9892620540008714], [3.9681944963571087, 3.985000496899904, 4.025721073630867, 4.054449026030709, 4.0798984452116365, 4.119723488181512]]
FCE:[[0.03824993827653606, 0.023221913366245097, 0.015351053098029099, 0.01203020419320604, 0.010223007950099576, 0.009126964850326982], [0.030364629031231445, 0.01807330332410729, 0.011924995536082157, 0.009391783244437736, 0.007985650866802557, 0.007128127060692462], [0.026089509317463153, 0.015474246527332265, 0.010115005788409287, 0.008009099680566798, 0.006844158532535688, 0.005825903410239165]]
