Ri:[100, 130, 160]
Zi:[50, 100, 200, 300, 400, 500]
fps.ts:[1641.960680003166, 4925.882040009498, 8209.80340001583, 11493.724760022164, 14777.646120028494, 18061.567480034828, 21345.48884004116, 24629.410200047492, 27913.331560053823, 31197.252920060153, 34481.17428006649, 37765.09564007282, 41049.017000079155, 44332.938360085485, 47616.859720091816, 50900.78108009815, 54184.70244010448, 57468.623800110814, 60752.545160117144, 64036.466520123475, 67320.3878801298, 70604.30924013615, 73888.23060014247, 77172.1519601488, 80456.07332015515]
fps.e0:[10845.191139223287, 10860.010835888863, 10853.228566218902, 10889.07449161102, 10857.896025477685, 10852.589661309048, 10865.820004558489, 10839.588970912733, 10845.864708714706, 10867.02355464763, 10852.229434763878, 10860.005020894503, 10858.904396440996, 10860.800502529048, 10866.064675531106, 10866.239285344836, 10862.941465525293, 10847.551439634697, 10851.006693750014, 10841.673800345805, 10843.919358464553, 10856.78579089089, 10850.058126217946, 10852.52580199171, 10873.91640800983]
fps.e0u:[12.590296140482627, 12.56966440899048, 12.618800630626543, 12.393475065544663, 12.474092918770333, 12.477273759010991, 12.678992079497753, 12.435789186929961, 12.500435716045176, 12.538950993193378, 12.499699708538698, 12.59370005621101, 12.486215521899805, 12.555627606743633, 12.565566165255309, 12.375896035854844, 12.67901030221602, 12.579292772251565, 12.60948823598622, 12.545065105423365, 12.649905739795015, 12.636091140228839, 12.599070512885461, 12.611847131797424, 12.533197814294356]
fps.lt:[11004.857185281735, 10415.747865845571, 10415.149518589684, 9896.736776076372, 10892.895579405147, 10792.42077239002, 10347.139594408438, 11522.322198437318, 11398.183429962039, 10539.49894935197, 10802.209472828143, 10804.692704970075, 11043.449423440818, 10606.843080864895, 10680.025953866983, 10857.733802302682, 10718.30884624747, 10944.84281843031, 10830.20563817258, 11278.504299022257, 11165.543897708882, 11261.26670733253, 11302.032635565121, 10973.493081083472, 10036.202195695161]
fps.ltu:[420.70972825238084, 377.69010891131995, 377.95268400926614, 334.4206310568658, 408.0418328053328, 402.47316790902056, 373.8363181716276, 457.3210425888277, 447.2528449813617, 382.4350541123347, 402.56074491233244, 405.8327525516293, 418.3741498777125, 390.64594145933745, 396.06281014495283, 403.1965963841506, 399.86496538697486, 415.66405156738216, 409.1238704687675, 442.3281438378579, 434.50523082554423, 440.42943498637254, 444.5334828579965, 419.945589015864, 348.49079861977646]
fps.c2:[1.8511959717093758, 1.4016574113569753, 1.1788571129436092, 0.9477149069282429, 1.8011671408796084, 0.6986541647695342, 2.1912277451278737, 1.9060315629788696, 1.877338788640111, 1.012916278806795, 1.5418258960916058, 1.3660352480693407, 1.5663591197212745, 2.1207903430351482, 1.9447963011610458, 1.4489435442227574, 0.8223949867189485, 1.2880726320079658, 1.6040152517237707, 0.5662853941236721, 1.5024974858360856, 2.9193514609101356, 1.0837596598755597, 0.45882297350779244, 1.9149245886398019]
FC:[[3.8247359916414045, 3.8375176402208013, 3.8730964855519647, 3.890398015123984, 3.911764495440167, 3.939896039774959], [3.8737165075624116, 3.894610708831544, 3.914130898403432, 3.940424431474994, 3.9666353715781435, 3.994563768962676], [3.988488644065492, 4.017054012254682, 4.036939306178558, 4.066592976952516, 4.0955561405861225, 4.124583984722325]]
FCE:[[0.029147414226905907, 0.017490866230731192, 0.011513843898356925, 0.009029955074993686, 0.007640676907544221, 0.006714654731768529], [0.022591901057953678, 0.01358726843349946, 0.008852220052153796, 0.006979786883967044, 0.005930197845858414, 0.005101647877679352], [0.019311903315016032, 0.011313083845660151, 0.007323250449510951, 0.005791705523148785, 0.00493028410772779, 0.004359825724843283]]
