Ri:[100, 130, 160]
Zi:[50, 100, 200, 300, 400, 500]
fps.ts:[968.534779996872, 2905.6043399906157, 4842.67389998436, 6779.743459978104, 8716.813019971847, 10653.882579965592, 12590.952139959336, 14528.021699953078, 16465.09125994682, 18402.160819940567, 20339.230379934314, 22276.299939928052, 24213.3694999218, 26150.439059915545, 28087.508619909288, 30024.57817990303, 31961.647739896776, 33898.717299890515, 35835.78685988426, 37772.85641987801, 39709.925979871754, 41646.99553986549, 43584.06509985924, 45521.13465985298, 47458.204219846724]
fps.e0:[10798.512849564642, 10776.747577765756, 10790.328274954496, 10792.025789386313, 10831.564268575574, 10821.354584883202, 10785.234752111437, 10806.058573031587, 10817.600614564995, 10801.507245479399, 10829.708039141255, 10809.378882081364, 10806.58659456889, 10818.579995398144, 10829.653267307302, 10796.19441806745, 10842.431122502356, 10832.681081986264, 10814.348587847844, 10817.919375874075, 10801.497198334517, 10805.693131555281, 10831.06274768979, 10819.728428451532, 10812.361747818284]
fps.e0u:[13.82411309802883, 12.777979091531694, 13.056212922206289, 12.228683328525024, 12.410875222412376, 12.269327107265811, 12.314764122408228, 12.529493000552097, 12.606389261702239, 12.755108816080256, 12.767275040999209, 12.52314372298987, 12.696262099880963, 12.097111460302166, 13.38394503533318, 12.74010752264624, 12.61522375823819, 12.250911255552419, 12.75698442477567, 13.065011793335184, 12.94950613155905, 13.292835791992584, 12.597527002431345, 12.724572848720856, 13.118033763742664]
fps.lt:[5977.615851870019, 6138.151313554217, 5982.569119668743, 6176.04219582236, 5622.342176770288, 5710.518849152033, 6300.794538930774, 6122.920117989275, 5872.580855471579, 6009.191809648338, 5722.758577359352, 5959.894382555954, 6018.627103268094, 5717.643697409468, 5832.40099752996, 6146.297468533607, 5585.372586424682, 5782.257620896432, 5975.904815409794, 5911.697914740747, 6234.99555486183, 6030.755282102622, 5797.098270267332, 6101.615165636982, 6043.702064703988]
fps.ltu:[137.21943558150343, 135.53839354406492, 131.7995425691822, 131.89151541550558, 109.75555632597201, 113.93712828882629, 135.9723692475246, 130.2313388182685, 121.8818919053512, 130.10020945445694, 117.40139164551843, 125.78288004112039, 128.59143814769823, 111.80533949219213, 127.28216074430911, 134.27178595784682, 110.21692617343176, 116.5012619824694, 127.19304289021368, 127.90381957894319, 141.77335998117738, 135.84350299350834, 120.22042232730152, 132.21553859274323, 134.02661152960312]
fps.c2:[7.186425065947135, 4.669708100987587, 5.569103638237897, 10.94953264146585, 6.822085296539819, 4.4299001629422525, 6.882095844425293, 5.6616586230655646, 6.1186831084079305, 6.010268041961843, 10.00807253423385, 7.307246087856983, 5.104640341604247, 6.193155919444195, 5.050179360814853, 9.09286704158886, 5.714026429835703, 4.535363911119041, 6.232914295814276, 6.931953868798486, 3.3461395409118753, 3.751318008170896, 9.183410193975067, 4.549028644023928, 6.167094238922035]
FC:[[3.8122216779622735, 3.928845420748323, 3.970154275410973, 4.053607264010314, 4.124462732709686, 4.183992445351033], [3.863096725707667, 3.9698322886688695, 4.018726819479248, 4.101035746219547, 4.171401957798999, 4.231776786768528], [3.960724459846023, 4.083970852163213, 4.166357955195993, 4.238324475898072, 4.315759260033836, 4.376013866763731]]
FCE:[[0.03414685566297738, 0.018543035218876937, 0.011542500151225531, 0.009114933137825992, 0.007845022515757884, 0.007012228056916176], [0.02713331986636284, 0.014381367943091711, 0.008991263359862573, 0.0070741611057583646, 0.0060904275230787615, 0.0054507906771044425], [0.02306171404576145, 0.012251045292311332, 0.007538268953631363, 0.006004875058653257, 0.005113445793790863, 0.004572673652097057]]
