Ri:[100, 130, 160]
Zi:[50, 100, 200, 300, 400, 500]
fps.ts:[1678.3889199972152, 5035.166759991645, 8391.944599986076, 11748.722439980505, 15105.500279974938, 18462.278119969367, 21819.0559599638, 25175.83379995823, 28532.611639952658, 31889.389479947087, 35246.16731994152, 38602.945159935945, 41959.72299993038, 45316.50083992481, 48673.27867991924, 52030.056519913676, 55386.8343599081, 58743.612199902534, 62100.39003989696, 65457.16787989139, 68813.94571988581, 72170.72355988025, 75527.50139987469, 78884.27923986912, 82241.05707986355]
fps.e0:[10878.396246304716, 10883.439105652877, 10858.477880114307, 10881.679064552418, 10870.56123584037, 10872.153837495884, 10876.449808052794, 10872.378567754486, 10857.133489736485, 10851.20189934805, 10863.877996513678, 10859.821241241418, 10876.815381181212, 10889.573475416717, 10883.824424360371, 10872.409040074008, 10903.298935463446, 10881.796645565537, 10892.63431820841, 10914.684614501355, 10892.61639370901, 10899.161763594891, 10873.529597127574, 10886.847201860326, 10882.04198622489]
fps.e0u:[17.067643565668494, 16.822884398633743, 16.772421199443357, 16.823237185072564, 16.676691170927043, 16.68456069247091, 16.708482492558, 17.154725657461213, 16.736843686193332, 16.559728924967875, 17.06345413745269, 16.85854538872305, 16.94710597275108, 16.7915726914907, 16.84891401186546, 16.996228075037045, 16.920485544063872, 16.855049584079815, 16.82360076712551, 16.72977537673253, 17.230385083662682, 16.85629867150927, 16.967013784037373, 16.825981920138094, 16.962482933745488]
fps.lt:[12584.269055756438, 12081.132956744357, 13372.030906791808, 12542.419337760426, 12239.515139443422, 12776.667460998571, 12695.094518455247, 12583.376816635564, 13165.35190004758, 13950.072149499432, 13409.170535541414, 13157.178469516835, 12269.848125249022, 12115.500827266404, 11800.977775593234, 12680.374764766417, 10781.989428010462, 11866.618822792578, 12362.69629991669, 11235.795290378006, 11789.935337979998, 11630.760197877431, 13066.786668420102, 11670.795303055513, 12455.879652675852]
fps.ltu:[744.8768237545809, 677.7739997291045, 820.4310465955464, 731.5728550452117, 693.7468915530782, 754.8020152187803, 746.5688267277259, 745.6962866338479, 801.5645476830007, 889.580556973283, 846.5479844295272, 811.8165187556107, 706.0214636188134, 683.3041449848744, 649.7021111333906, 759.6864554239496, 546.4170201832956, 657.3502447011489, 710.0483916212099, 584.1682811347101, 659.5847424854574, 630.1000814851371, 805.3045216282894, 637.5455934857507, 721.9392815375038]
fps.c2:[1.577993180906908, 1.3514240853413502, 0.8280885086369238, 1.4085479649155686, 1.0703260148320832, 2.320573234380938, 2.6764613853569985, 1.160910101742482, 1.5191469439909009, 1.2072578395232287, 2.133907230696493, 0.7707308879283659, 1.1171510663392752, 1.1136430276940765, 1.6162529880373133, 1.4331060336602153, 1.3327693112831194, 0.6516222465011746, 1.2270874640471718, 1.880896535624725, 0.8438865346659128, 1.3503533831614936, 0.7711544050226489, 0.8257671314346013, 0.8169107656839973]
FC:[[3.8558909966293804, 3.8937997486939255, 3.9061930072808573, 3.926402265806507, 3.9319508440861513, 3.953490832028354], [3.869706639628589, 3.9208833421494824, 3.936839493007752, 3.9627305121626466, 3.979218014791947, 4.002675454043313], [3.9866759592622616, 4.038220420293683, 4.067055170315526, 4.0971783618362725, 4.114489207796547, 4.139403032542884]]
FCE:[[0.03774444153429169, 0.0236804267931282, 0.01563276626299476, 0.01240607633975663, 0.010400908924935521, 0.009132842606870417], [0.029234193799793518, 0.01816240922781154, 0.0120292280136218, 0.009558409176363636, 0.008084671774079228, 0.007126329158994569], [0.024079526004531678, 0.01503268117142996, 0.009974725935991526, 0.007931267299292586, 0.0067258940541905935, 0.005809167913055072]]
