Ri:[100, 130, 160]
Zi:[50, 100, 200, 300, 400, 500]
fps.ts:[1739.7417600011825, 5219.225280003548, 8698.708800005912, 12178.192320008278, 15657.675840010641, 19137.159360013007, 22616.642880015374, 26096.126400017736, 29575.609920020102, 33055.093440022465, 36534.57696002483, 40014.0604800272, 43493.544000029564, 46973.02752003193, 50452.51104003429, 53931.994560036655, 57411.47808003902, 60890.96160004139, 64370.44512004375, 67849.92864004611, 71329.41216004848, 74808.89568005085, 78288.37920005321, 81767.86272005558, 85247.34624005794]
fps.e0:[10772.424285263522, 10766.723052460791, 10747.670768844448, 10729.557109280498, 10725.232110254483, 10730.555186286869, 10745.522336674892, 10725.486386352291, 10740.057606385479, 10719.05927050255, 10748.589561264003, 10754.603276805783, 10753.241470834015, 10758.271097132592, 10779.181383460998, 10774.139155289497, 10783.256022565762, 10790.730409187701, 10767.146763885414, 10779.297102757522, 10775.5523154715, 10779.979809037288, 10787.414490557096, 10774.636409361452, 10810.305015301992]
fps.e0u:[12.315966697291243, 12.496449596873335, 12.551413244675762, 12.534205495856728, 12.443369095129247, 12.515393659834915, 12.625552562396562, 12.571293606264922, 12.637813114454076, 12.882015938811415, 12.548632390371786, 12.76156136316773, 12.714176354729263, 12.569303647473491, 12.618578309138657, 12.730941134262038, 12.774211414410033, 12.538076462978921, 12.791694120928033, 12.76610114494847, 12.778993971249605, 12.800467010436028, 12.881678610949331, 12.970819914092854, 12.96995258483247]
fps.lt:[4074.161203269045, 4073.7124272728515, 3854.8316931245367, 3776.2961033861993, 3762.1516589663424, 3658.3373064847497, 3604.6010679650317, 3653.920610409575, 3567.05464952357, 3781.3285260870875, 3692.716638546791, 3681.3899271224013, 3687.6378612162657, 3691.599725127328, 3635.100295405845, 3599.239006299073, 3568.838270528483, 3554.818881683899, 3568.6609745439005, 3492.392881270312, 3512.75598631084, 3540.016657776693, 3555.464914513164, 3586.4681639501005, 3480.8668006754315]
fps.ltu:[58.93393038549083, 60.601666356709735, 54.595132234274686, 52.37290756316561, 51.15766777531581, 49.2163701898657, 48.152588331164786, 49.381261439387934, 47.17954429803988, 53.50010528943896, 50.04417275825404, 50.65072833190098, 50.46267864126224, 50.23996567860202, 48.95510344645298, 48.277053252717806, 47.458995324677396, 46.55087658444251, 47.95696600214999, 45.567597344417536, 46.3372414474104, 46.930741814185, 47.200282267424484, 48.380589453349025, 45.82395792817717]
fps.c2:[1.1716266799450359, 2.0723445578788744, 2.9094578996584137, 1.885275530637158, 3.0863229438355546, 1.7622407517954999, 2.181038952512255, 2.3186245447216978, 1.353110305295449, 1.01803925807584, 2.0766448417336667, 1.0928610049201692, 1.1676456112642675, 1.2347029325749568, 2.5037555409109737, 1.3785990876031329, 0.8640987672279203, 0.905083052444601, 1.0910172379589198, 1.9531711367997435, 1.7209446543598355, 1.5479821014700113, 1.6934303639918338, 1.9616306787227056, 0.7092033402372546]
FC:[[3.745482568860493, 3.773999854487529, 3.8618017362645705, 3.9421664148516773, 4.012064651136782, 4.1092811228916215], [3.789534980455442, 3.84373347036644, 3.9149622663861785, 3.9957222140027695, 4.0915937935758215, 4.168197843845324], [3.8936424395764657, 3.937989755357352, 4.029376018412241, 4.127042958690874, 4.209635274073958, 4.292965877774811]]
FCE:[[0.03541757043772642, 0.016806076937776634, 0.010520455733095993, 0.008593274868662815, 0.007569488256424691, 0.00677498258372081], [0.02767229220685845, 0.01317451410854386, 0.008188682487540193, 0.006687223779701129, 0.005773469542043185, 0.005274478974738299], [0.023439420014407512, 0.011134052201822868, 0.006824874494039545, 0.005515313445201428, 0.004851526459329939, 0.004444693921160356]]
