Ri:[100, 130, 160]
Zi:[50, 100, 200, 300, 400, 500]
fps.ts:[1535.339599995613, 4606.018799986839, 7676.697999978065, 10747.37719996929, 13818.056399960518, 16888.735599951746, 19959.41479994297, 23030.093999934194, 26100.773199925425, 29171.45239991665, 32242.131599907872, 35312.8107998991, 38383.48999989033, 41454.16919988155, 44524.848399872775, 47595.527599864006, 50666.20679985523, 53736.88599984646, 56807.565199837685, 59878.24439982891, 62948.92359982013, 66019.60279981136, 69090.2819998026, 72160.96119979382, 75231.64039978504]
fps.e0:[10891.881645433652, 10910.683654864315, 10881.166506159117, 10907.44844942197, 10892.989116109102, 10898.159044464866, 10897.337334151449, 10892.100636610056, 10890.048291801097, 10903.566147924032, 10915.03255018687, 10901.609988292208, 10900.334806925766, 10888.630085142015, 10912.754513998123, 10929.275562780353, 10917.17400650841, 10901.769346166779, 10910.618329032171, 10918.041759489086, 10891.71441571456, 10906.531266715527, 10888.771831203552, 10898.269431910054, 10911.770539793268]
fps.e0u:[11.269980058646281, 11.263455433611984, 11.383460226496664, 11.3519430830077, 11.308476837389664, 11.355483531718654, 11.319639526879604, 11.33261010794642, 11.313627820547993, 11.31066699981859, 11.233678342167282, 11.306082887179771, 11.381657181442899, 11.391774732778932, 11.349088393358599, 11.276265459387693, 11.332462263351331, 11.321712277417042, 11.359305054398043, 11.327265426407006, 11.324874459439076, 11.295261646887676, 11.30107798634843, 11.418630901510843, 11.196580250624734]
fps.lt:[5759.161745172204, 5622.656625096616, 5795.68038265743, 5593.981196951899, 5756.713583934975, 5710.978341532051, 5658.133740166001, 5730.900698398164, 5695.440306953592, 5611.712325195913, 5613.2325491435895, 5609.131400736492, 5658.720164060447, 5795.726517535982, 5583.081493157415, 5421.57735623004, 5521.412132806227, 5666.999824762007, 5656.656120760707, 5562.237079487713, 5739.3681061997795, 5608.827634399604, 5755.839216300041, 5751.404635795566, 5633.609890972089]
fps.ltu:[101.86272016291738, 97.46967739917038, 104.33212017771815, 96.81017447867131, 102.6198652569176, 101.11719563240528, 99.37317867598297, 101.59459961387113, 100.19989823081198, 97.34277298968154, 96.93981462586865, 97.13377175783377, 98.82229817440232, 104.31307233517454, 96.09732699065935, 91.22318162344375, 94.34398699170673, 99.27699054017239, 98.83845225447728, 95.3920698422046, 102.32142847715397, 97.32298627285965, 102.19429527290949, 102.4698374505394, 97.44776714909165]
fps.c2:[3.3843954171049004, 1.7393116809443068, 2.910148539003624, 1.5718868078624664, 3.406815790238381, 1.2021672647418404, 2.623545287077851, 3.5586012749362013, 1.7419743873183138, 1.2412403311167348, 2.152800898458877, 1.9830453076207495, 2.6578779806199906, 1.3879959120516077, 1.9106563502604677, 2.496923465269999, 2.1480060422958696, 2.5167784166050122, 2.2992638830090857, 1.5445915110235306, 1.8835627978570122, 4.1007113278075105, 3.072651802963855, 2.7334710497912416, 1.4791607119597623]
FC:[[3.8925587377934248, 3.827925020782628, 3.8604509623710737, 3.9117854738016806, 3.973808604844385, 4.02597429811664], [3.926854178948659, 3.8760382563112943, 3.9108692486092393, 3.963427564911694, 4.0226152757839175, 4.077427642659505], [4.051360331832269, 4.003879388377118, 4.0448231835618955, 4.092311206758974, 4.149361517747709, 4.2045887681874206]]
FCE:[[0.031444721953285446, 0.016371519465913215, 0.010038840697360355, 0.0076691897672284915, 0.006493238650438396, 0.005752343271476284], [0.02447647704945186, 0.012786761101373256, 0.007794660659541345, 0.00593909925369078, 0.005038670674934812, 0.004476598567969449], [0.02094891402510529, 0.010581338342638526, 0.006447069144891274, 0.005024823920591849, 0.004274066446897145, 0.003720029106504667]]
