Ri:[100, 130, 160]
Zi:[50, 100, 200, 300, 400, 500]
fps.ts:[1734.419660000801, 5203.258980002403, 8672.098300004005, 12140.937620005607, 15609.77694000721, 19078.616260008814, 22547.455580010414, 26016.294900012013, 29485.13422001362, 32953.97354001522, 36422.81286001682, 39891.65218001843, 43360.49150002003, 46829.33082002163, 50298.17014002323, 53767.009460024834, 57235.848780026434, 60704.68810002804, 64173.52742002964, 67642.36674003124, 71111.20606003284, 74580.04538003444, 78048.88470003605, 81517.72402003765, 84986.56334003925]
fps.e0:[10860.926578848745, 10873.830365410546, 10873.084109064077, 10862.261915516114, 10858.145722345273, 10849.680879038066, 10863.744675659576, 10866.047065754468, 10876.869019832644, 10876.216848163047, 10869.25084344846, 10864.640305069353, 10862.646795409639, 10856.909815004476, 10876.175157897187, 10868.445323460766, 10862.054630619648, 10848.095501859136, 10877.935433798166, 10858.751419023834, 10865.91669337616, 10871.842775038675, 10866.769085653425, 10865.20511638194, 10869.147845713642]
fps.e0u:[10.089517774596523, 10.154204994727163, 10.11250514751491, 10.111436069802515, 10.160338326022037, 10.122686570421653, 10.082942764681572, 10.151929671800747, 10.131557887417747, 10.076237737043716, 10.073017261324727, 10.120599768033717, 10.189504267855424, 10.169413270346428, 10.09451487193716, 10.159656557300638, 10.151442413733626, 10.24125816127676, 10.135197944759529, 10.053201504995794, 10.068610356065438, 10.192695128406335, 10.111255479356288, 10.110861162143696, 10.221334830194177]
fps.lt:[6077.1755689788, 5997.012245285305, 5939.770919706995, 6068.771218200461, 6040.126451220168, 6197.35501303966, 6066.990588102183, 6098.558822868748, 6105.793036897231, 6028.918723965435, 6224.192763423741, 6158.909059401185, 6309.965346382346, 6214.278154831123, 6091.807099966445, 6155.153353204567, 6171.516496926354, 6322.447362711914, 5988.656734430165, 6266.427062440114, 6160.271152627151, 6151.814787715594, 6258.673652532956, 6198.785603473913, 6154.0013201658885]
fps.ltu:[102.25804183699864, 99.92864313676569, 97.33290138177604, 101.7602651293001, 101.44788565192194, 106.79491274763416, 101.42760952602573, 103.172056512382, 103.56872070707111, 100.36991375600597, 107.01572368150269, 104.70930903976047, 110.68432616929954, 107.09670736568899, 102.45501681051475, 105.42563185081156, 105.5597648633277, 111.76545863258514, 99.4216350894881, 107.96902277989912, 104.41861454816114, 105.50143353450457, 108.03767789206849, 105.87162699034698, 105.38663445075265]
fps.c2:[3.4741720096739614, 1.969307401888326, 2.7754661881106717, 3.1112073442836623, 3.8217637325068075, 3.556152602981986, 2.396770495369174, 4.540475339817618, 2.277147232717183, 3.2794102712247013, 1.8601767111899574, 3.242621795344932, 2.1949999120883743, 4.548692355131779, 2.828608928173869, 1.280746330073162, 3.666213148912921, 3.1672981264265254, 1.9668523382115022, 2.012447925627621, 3.5949912304303386, 2.0479779951615984, 2.037705924774261, 2.8642510536669388, 2.8109788924653674]
FC:[[3.811195282524472, 3.8069027726061773, 3.8469126165195275, 3.902016515729887, 3.9552255843663406, 4.007453353996679], [3.8623720899173177, 3.858523250557011, 3.90403565475131, 3.9512095607230746, 4.003218017175894, 4.05557190441001], [3.9813207146774015, 3.977382126100699, 4.032971861669087, 4.086400116343436, 4.142670593431033, 4.197206265338534]]
FCE:[[0.027725904321580397, 0.014470348675533803, 0.008953150812205532, 0.006986506681483005, 0.005919004303997103, 0.005111546531502039], [0.02171385965658386, 0.011293551435556638, 0.006956258478726888, 0.0054237294358033235, 0.004485766479727583, 0.003978442270390454], [0.01804152809253405, 0.009592073559094449, 0.005758778089361154, 0.0044989131678765835, 0.0037377996790232708, 0.003320602518405151]]
