Ri:[100, 130, 160]
Zi:[50, 100, 200, 300, 400, 500]
fps.ts:[1699.898299999237, 5099.694899997711, 8499.491499996186, 11899.28809999466, 15299.084699993135, 18698.881299991608, 22098.67789999008, 25498.474499988555, 28898.27109998703, 32298.067699985506, 35697.86429998398, 39097.66089998245, 42497.45749998093, 45897.2540999794, 49297.05069997787, 52696.84729997635, 56096.64389997482, 59496.440499973294, 62896.23709997177, 66296.03369997024, 69695.83029996871, 73095.6268999672, 76495.42349996566, 79895.22009996415, 83295.01669996261]
fps.e0:[10755.588517863545, 10744.332448219628, 10756.202980500957, 10721.739556743609, 10728.111320620486, 10723.344817755627, 10727.108654643876, 10737.861608400506, 10732.3571960073, 10722.649098664058, 10753.615534587254, 10752.162390746003, 10751.7226525836, 10745.453740817304, 10742.537783830287, 10731.568463701908, 10767.370884075257, 10753.562966481784, 10767.46554032703, 10777.226267699374, 10760.678723345303, 10721.850890352544, 10742.955263125423, 10761.869768436063, 10756.288834272746]
fps.e0u:[12.209779516759166, 12.023255691501758, 12.208013195932418, 12.30141328904134, 12.297262075570574, 12.327165311875154, 12.494852841685896, 12.536091127873851, 12.4216970577981, 12.52992669649172, 12.474214690841695, 12.492802643021609, 12.54191092940638, 12.414666398453882, 12.41364386128089, 12.408274407366225, 12.414171712408631, 12.412574027049917, 12.573841962392587, 12.529233768648531, 12.55225788024502, 12.488078630533124, 12.421736940388874, 12.633314085034108, 12.495631828955219]
fps.lt:[4138.483803471173, 4147.900770572625, 4088.599084218393, 4242.878236565801, 4227.149889744082, 4309.0216996237, 4262.638376944075, 4297.139367847502, 4289.227715724657, 4347.37932157827, 4216.699655298115, 4225.2067827932315, 4347.966468310247, 4326.917155304181, 4397.042273762862, 4443.7710339904825, 4299.571299237869, 4380.259607101315, 4329.884736866287, 4249.869015629807, 4331.12142097941, 4509.959251745543, 4374.220450093933, 4308.413598953219, 4372.441961749188]
fps.ltu:[60.92105943908168, 60.65992568530346, 59.579890772014764, 64.79354453129731, 64.08762402867931, 67.07815026108602, 65.88836954677176, 66.95374199096553, 66.39877240159072, 68.76891383599603, 64.12504649306852, 64.82238621536396, 68.31927605782182, 67.49753234938683, 69.35230594585029, 70.70460778743677, 66.56085754400945, 68.89743618224027, 68.31102965794064, 65.30565251759265, 68.06987750051587, 73.72676805609478, 68.77864905379995, 68.11593817251355, 69.49428986248473]
fps.c2:[1.4498601517831677, 1.579757133627902, 1.3474619477737753, 1.6891421885665645, 2.6994652862721398, 1.1325518167349884, 1.5809653394915233, 2.646932769191322, 1.6329860550065192, 0.9670453033710404, 1.6091648427914178, 1.0363166493093023, 1.0928410276013203, 2.7788287948396615, 1.1314577429769126, 0.7115161440218477, 2.2512963651390967, 1.2255534744123866, 1.5179531482899642, 1.8382715343112719, 1.6851870420660464, 0.955033404844882, 0.7948593368672909, 1.2477606846354605, 2.4760597663675843]
FC:[[3.768980590504537, 3.7453431098086343, 3.8324791499279978, 3.914350855921198, 3.968486749121996, 4.02520447007275], [3.819131600229624, 3.8191911296101297, 3.8863177842650996, 3.9582087895188685, 4.018482612467262, 4.075480755036432], [3.909344354397844, 3.9151584670393302, 3.985094741268522, 4.062096888559197, 4.138190642949549, 4.195746918948308]]
FCE:[[0.03562668733674101, 0.017012488830722382, 0.010523304210221884, 0.008410564003689659, 0.0073374593431416914, 0.006672085467240349], [0.027792005822035986, 0.013094734131581397, 0.00807496244332694, 0.00650401618743495, 0.005679222989705181, 0.005166635650172253], [0.023450061372437266, 0.010946041346482197, 0.006745646605857475, 0.0054486696350117825, 0.004737127319671354, 0.004305095967472986]]
