Ri:[50, 100, 150, 200]
Zi:[100, 200, 300, 400, 510]
FC:[[3.981399357363816, 4.032835391919174, 4.051134106706044, 4.044817422262524, 4.067035806514944], [4.055158333135685, 4.053030224367047, 4.070723623817658, 4.091425066691403, 4.104956316300349], [4.174483743253346, 4.1699844805346995, 4.196675783605356, 4.2179197642190775, 4.241457708753165], [4.763577207540247, 4.793588743592658, 4.829099868718835, 4.853140243165593, 4.875945108288719]]
FCE:[[0.04977172516075537, 0.03295139796621059, 0.026946018012619682, 0.02298559761943921, 0.020301116838623064], [0.024718232168878963, 0.0166464465969149, 0.013436751426163216, 0.0116108590362709, 0.010220508779387774], [0.016715313153638518, 0.01123271918045754, 0.009079178049156028, 0.007814650925578984, 0.006902501089598017], [0.01526700461819904, 0.010362951989348003, 0.00839453259568161, 0.007233114257634435, 0.0063941595697729]]
fps.ts:[1608984000.2954402, 1608987474.17832, 1608990948.0612001, 1608994421.94408, 1608997895.82696, 1609001369.7098403, 1609004843.59272, 1609008317.4756002, 1609011791.35848, 1609015265.2413602, 1609018739.1242404, 1609022213.0071201, 1609025686.8900003, 1609029160.77288, 1609032634.6557603, 1609036108.5386403, 1609039582.4215202, 1609043056.3044004, 1609046530.1872802, 1609050004.0701604, 1609053477.9530401, 1609056951.8359203, 1609060425.7188005, 1609063899.6016803, 1609067373.4845605]
fps.e0:[10041.55729657527, 10062.537699109294, 10000.34692009703, 10050.565966193053, 10037.305852888989, 10027.967680549831, 10014.261072787514, 10052.573538780876, 10036.252834405628, 10023.160211985292, 10039.845873422677, 9996.659788138933, 10025.775106743222, 10005.1436656556, 10028.500709390406, 10034.640175392078, 10027.27039068083, 10033.48807854484, 10019.723489985987, 10035.666743438687, 10029.566832780225, 10046.642532629237, 10017.235900108522, 10069.6300908186, 10049.774467496134]
fps.e0u:[20.696235761280743, 20.846075748395414, 21.20535003284051, 20.9433123608016, 20.842426372418007, 21.07842548136545, 21.039490911521163, 20.85321819112818, 20.92580940150162, 21.114455974970504, 21.04280010673391, 21.183552617097156, 22.816837772459643, 21.268777702080484, 21.09016704332922, 20.99611183855944, 21.23615419651467, 20.82152355204686, 21.04243982941708, 21.049667702143857, 21.26669205262686, 21.320513510250578, 21.21985739325645, 20.861026962621306, 21.499824669573933]
fps.lt:[19399.093535321634, 16425.74543339594, 21139.208315102118, 18876.49982962728, 20389.355237619144, 21064.58694101271, 19947.750726928174, 18375.47360834825, 19563.927679190892, 20403.46400915573, 19339.356432308497, 22790.140519067856, 18965.606011918888, 22584.2325806469, 18519.578503459066, 17716.95813240301, 19660.579728955592, 20388.953088743954, 20815.050471319468, 18543.15125025814, 17173.69033707028, 16881.369439919872, 19283.61520037204, 15852.642683212216, 15312.651548028225]
fps.ltu:[2340.8010097239535, 1682.858173351384, 2852.2087406720293, 2237.5032988293033, 2621.3592631493625, 2797.6494986480157, 2507.6684880783123, 2104.391638253434, 2413.818156235866, 2629.374606054459, 2351.7352939240777, 3327.786233373729, 2467.3166880191957, 3260.1727285130346, 2175.099622179582, 1998.4020824558074, 2456.3382325215116, 2591.8801890426757, 2741.275855294042, 2171.5454651877617, 1876.755841142224, 1813.1274039664775, 2356.3339535307787, 1575.1812641345052, 1510.4539134146946]
fps.c2:[1.4245664596274514, 2.5208927003659722, 0.7266001445710325, 0.7798416473445262, 0.7762826909789454, 0.9419659986950932, 1.0322924432687621, 1.5757437566827919, 0.9610185589853921, 1.087306838790037, 1.4421442956597739, 1.390728974391125, 0.7649731011455407, 1.5628363298328496, 0.8852070722762905, 0.6166442593943955, 1.0469470479055931, 1.3365044165769602, 1.4476808986398249, 1.350266721883652, 1.3446489948227134, 1.6182453053180337, 1.80718505586551, 2.010463592119456, 0.826967816754602]
