Ri:[50, 100, 150, 200]
Zi:[100, 200, 300, 400, 510]
FC:[[4.055254907675079, 4.08515148957193, 4.083803646229286, 4.079723798929174, 4.069220232628236], [4.043515022084876, 4.041503517344148, 4.06039412735529, 4.072574752160926, 4.092151347909018], [4.154149097871175, 4.167834601608294, 4.192491444170109, 4.211986373418528, 4.24185104750635], [4.771664436069071, 4.797163926849442, 4.8304007428161375, 4.862369518500359, 4.88943805890325]]
FCE:[[0.051411448719072786, 0.03462744002412977, 0.02797947964048405, 0.024118412256313997, 0.020994168641229022], [0.024652423989930606, 0.016728542758009925, 0.013640508363190496, 0.011773750550539306, 0.010091923645003916], [0.016899951276492933, 0.011460934183970381, 0.009276972752109596, 0.008014591918341774, 0.007095699963732171], [0.015598395925425189, 0.010605883697379746, 0.008604207470619388, 0.007437002486301718, 0.006578390161965304]]
fps.ts:[1616350107.68014, 1616352426.6564202, 1616354745.6327, 1616357064.6089802, 1616359383.5852602, 1616361702.5615401, 1616364021.5378203, 1616366340.5141, 1616368659.4903803, 1616370978.46666, 1616373297.4429402, 1616375616.41922, 1616377935.3955002, 1616380254.3717804, 1616382573.3480601, 1616384892.3243403, 1616387211.30062, 1616389530.2769003, 1616391849.25318, 1616394168.2294602, 1616396487.2057402, 1616398806.1820202, 1616401125.1583004, 1616403444.1345801, 1616405763.1108603]
fps.e0:[10649.207427616479, 10713.808963296391, 10719.738241912437, 10659.92533327293, 10688.45823292767, 10720.743643212518, 10695.06901344867, 10658.367559984681, 10721.074633265613, 10683.375968370061, 10662.447879290194, 10670.972149377109, 10646.075348614571, 10712.038299565109, 10672.929049881921, 10654.257840806093, 10678.86927863776, 10721.855340594246, 10691.242775268563, 10685.44015252815, 10696.420522319762, 10685.672388388743, 10670.68706719943, 10667.145433050946, 10700.633533875118]
fps.e0u:[23.094801480126705, 23.073445212366437, 23.083625816912825, 22.994731248309737, 23.010755559299383, 22.52895713676726, 23.05210654029803, 23.076205266096114, 22.38806084301543, 22.946779366729388, 22.721207652661068, 23.064828691418175, 23.274925831058724, 23.16802511259134, 23.100545660814852, 22.84592213427071, 23.2353638866332, 22.788907922606462, 22.924990374901135, 23.155015668820596, 23.00818435076046, 22.5567658459238, 22.453518540343513, 23.25171417904428, 23.221015949103293]
fps.lt:[22362.752578588686, 15437.649637188999, 17376.23933738873, 20227.612998451812, 17077.79170752271, 16477.66511266635, 17490.030031160888, 21355.302300948664, 16673.415672465275, 19568.731121059558, 21431.008254117154, 17642.63330150117, 21732.554098929024, 16452.68288912592, 19685.465638426962, 21858.175511881236, 19316.630846778084, 16424.547861880423, 19183.632665794055, 18670.107780551774, 16808.625900384952, 20077.666356434165, 21074.153439311573, 20839.513908503515, 17364.67810445262]
fps.ltu:[3247.697608442565, 1555.8994305962744, 1965.5734238036418, 2639.3662152516463, 1889.7304896982814, 1732.5111294536161, 1993.2264735044107, 2938.958882943223, 1754.7714765363016, 2465.108834476898, 2944.56722764686, 2017.5503926436572, 3074.36553277264, 1758.6562072469885, 2517.6870609962343, 3069.5358082630187, 2437.923125120687, 1739.1397381882432, 2383.9200632598217, 2274.825103634946, 1843.26926456401, 2572.1296128649287, 2809.1477517352655, 2845.2375787735446, 1970.291248589535]
fps.c2:[0.8564717225247935, 0.9130321170265296, 0.9408653902876813, 1.9321588479123233, 0.8790308766278603, 0.680431761503655, 0.6395757713173731, 1.7837859593470393, 2.2743267274757377, 0.8769195649463482, 1.5938593071035958, 1.482048138149706, 1.7270830867801936, 1.5932660595903343, 0.9945233414280317, 0.6280889287124277, 1.3935588885007917, 1.4367278835562485, 1.1358518277421392, 1.1795870715469692, 0.45300312494701533, 1.7302750355073389, 2.36760929798021, 1.0394649254845907, 1.673448335363335]
