Ri:[100, 130, 160]
Zi:[50, 100, 200, 300, 400, 500]
fps.ts:[1731.2661800003052, 5193.798540000916, 8656.330900001525, 12118.863260002137, 15581.395620002746, 19043.927980003355, 22506.46034000397, 25968.99270000458, 29431.525060005188, 32894.057420005796, 36356.58978000641, 39819.12214000702, 43281.65450000763, 46744.18686000824, 50206.719220008854, 53669.25158000946, 57131.78394001007, 60594.31630001068, 64056.84866001129, 67519.3810200119, 70981.91338001251, 74444.44574001312, 77906.97810001374, 81369.51046001434, 84832.04282001496]
fps.e0:[10918.714060888702, 10916.966941984007, 10925.168266062192, 10911.103138675948, 10911.070697985753, 10926.656314792648, 10908.185634526226, 10915.350492312356, 10931.051458549015, 10916.690111749938, 10920.19113890832, 10925.42232174285, 10918.387563323304, 10913.972047059124, 10909.41041947682, 10908.631127186005, 10930.268159130428, 10943.240341645364, 10920.955563276184, 10919.335321885561, 10940.867391172784, 10920.205132502826, 10904.814972666869, 10885.81460122242, 10919.721635573886]
fps.e0u:[13.896267806200171, 13.668985421609774, 13.67512900651415, 13.765310883769741, 13.63689096981779, 13.892079363391227, 13.87660600403588, 13.709397972044908, 13.692851907176196, 13.83194074760504, 13.865820444101448, 13.61440599636493, 13.777659112389319, 13.504452398302966, 13.734739962269723, 13.644383085292022, 13.732722475268949, 13.704087665538582, 13.787074063095616, 13.713896920452862, 13.681376458353403, 13.715127630754246, 13.733374307249226, 13.851111724737793, 13.810975702477377]
fps.lt:[9263.345634740197, 9238.009605448859, 9335.744526208533, 9542.202282217486, 9758.423688841707, 8972.555492370027, 9432.569730774254, 9377.134979461427, 9201.293331277242, 9334.410238921675, 9269.787367611463, 8792.087624255468, 9049.996785250218, 9146.286789297777, 9405.284997556038, 9617.187264249418, 9134.02792659858, 8751.257289468513, 9417.343900373306, 9397.673060863412, 8852.979354491437, 9199.258140850574, 9485.118161956778, 9921.181376329876, 9404.040161834995]
fps.ltu:[327.04884198589673, 318.1787502626155, 327.5145013628675, 342.6270432458433, 355.7451293537716, 307.2798005963099, 337.80765576172234, 330.8045299056131, 317.9507368970991, 330.3054568784518, 325.8634287300687, 291.29134453149084, 309.58683387251347, 311.9640440315416, 332.8819904503726, 346.56606128781135, 315.3620515538043, 287.29876428587426, 336.0946514480221, 331.9897070740814, 294.9478496276729, 317.85546473472385, 339.05576485550233, 375.8362384510245, 335.03343807020354]
fps.c2:[0.8345204111707389, 0.7530552894180347, 1.8190676651692286, 1.0433025782118437, 1.4303906520806704, 1.8294371067721151, 1.1020942471701458, 1.0631746349185707, 2.4046985102071194, 0.7858445663467608, 1.0029959068389942, 1.6901844818143241, 1.7224906527876742, 1.8982853759545968, 1.7046833515525248, 1.6885492947800909, 1.7760590093643815, 1.6114749875643404, 0.9986773426991198, 2.1992907636441617, 2.219415114507301, 2.3992019569712224, 1.823220426741948, 1.6197468519308094, 1.0013238001034352]
FC:[[3.776626805181926, 3.8008314796911375, 3.8253875213366033, 3.8596660779958523, 3.898044428224093, 3.930237742571926], [3.826532712520011, 3.841776373810596, 3.8706124287840287, 3.9032591135816666, 3.9433358684474307, 3.9762717379514347], [3.961287509294631, 3.978605977750511, 4.002940955206029, 4.036629710241803, 4.076612209335866, 4.113226969976869]]
FCE:[[0.03217339258935264, 0.019037242818050932, 0.012339747914608533, 0.00969229451661267, 0.00823337277678953, 0.007248804741819916], [0.02516772637450223, 0.014743232897176956, 0.009509118672496155, 0.007478977211737411, 0.006365999821532734, 0.00562456184245049], [0.021521974421870007, 0.012555012993500418, 0.007857791628546358, 0.006180745070476497, 0.0052688803617252445, 0.004563426508009898]]
