Ri:[50, 100, 150, 200]
Zi:[100, 200, 300, 400, 510]
FC:[[4.084851820231738, 4.077341477187413, 4.087206587010511, 4.078238007225721, 4.093623974620759], [4.008800303305659, 4.0197989952418345, 4.051128086254452, 4.082221628424507, 4.104218236211779], [4.1283597187455605, 4.154518275026423, 4.179189233841878, 4.207368769210249, 4.23447246892699], [4.754981147833876, 4.798924522363011, 4.835856326809778, 4.862632383469916, 4.8828931723333415]]
FCE:[[0.0381852139773359, 0.025970119928245987, 0.021054485589539602, 0.01808002461854336, 0.015795788594654303], [0.01878943401295383, 0.012793669584735167, 0.01040101314886219, 0.00900982098318361, 0.007925400610561881], [0.013228983186337036, 0.008998000085832472, 0.007254362756276026, 0.006261510672632483, 0.005532747045776774], [0.012023297476445195, 0.008190021884840006, 0.00661316063888188, 0.005702092660410181, 0.005035652337456635]]
fps.ts:[1605003585.08278, 1605007541.69434, 1605011498.3059, 1605015454.91746, 1605019411.5290198, 1605023368.1405802, 1605027324.75214, 1605031281.3637, 1605035237.97526, 1605039194.5868201, 1605043151.19838, 1605047107.80994, 1605051064.4215002, 1605055021.03306, 1605058977.64462, 1605062934.2561803, 1605066890.8677402, 1605070847.4793, 1605074804.0908601, 1605078760.7024202, 1605082717.31398, 1605086673.9255402, 1605090630.5371003, 1605094587.1486602, 1605098543.76022]
fps.e0:[9916.601085674316, 9868.830905801107, 9879.437529647426, 9901.866292635676, 9942.43976276861, 9921.852172637557, 9904.352080389679, 9894.970504938408, 9940.019591303651, 9919.76035596189, 9928.296440539161, 9935.391421739128, 9959.113768151816, 9936.674438847336, 9900.14910453071, 9933.214778323052, 9934.478054228042, 9895.528336342048, 9941.274759466854, 9923.664044281604, 9921.051393983693, 9942.600446648737, 9920.839500688107, 9931.056628878843, 9906.042421883403]
fps.e0u:[16.6387433528645, 16.628558465958275, 16.758881417349283, 16.74910630897909, 16.733621413689175, 16.454388354319594, 16.638729832878127, 16.6466877797453, 16.63930183035918, 16.500177009857556, 16.629993164941776, 16.695084720597272, 16.51231751117586, 16.65567939454051, 16.87398144339947, 16.615823543116367, 16.646207273146455, 16.686986671437083, 16.61233342021483, 16.59970642730949, 16.662153252422534, 16.55565287027167, 16.63463452182135, 16.766632667799495, 17.098052239129693]
fps.lt:[16016.26521460857, 22893.215079994152, 18048.28849796157, 16919.608166999555, 14007.310561486607, 16098.923594297585, 18236.294626201565, 16097.795349900523, 14731.775454504956, 16682.25447926332, 16294.648605441274, 15040.977436387597, 13016.068943132339, 16008.486951472498, 16539.84100036017, 15824.118371627635, 14810.45143063452, 17894.781182390336, 14924.367955459582, 16489.58073300448, 16363.15715099473, 14893.397267398925, 15156.316842965642, 14473.987817889714, 15860.96889463504]
fps.ltu:[1288.196933882588, 2636.384014611283, 1649.779218528219, 1455.844174182964, 990.3245210506805, 1298.0825507039228, 1663.6672668683657, 1309.8753666001583, 1089.1521311997742, 1387.801302244848, 1331.6047025592318, 1139.9621693024242, 852.8531604617335, 1281.7352130260401, 1402.8096712498084, 1261.3885899855075, 1104.9041532482745, 1616.1173313757306, 1122.4873017934815, 1367.9996919034056, 1356.175839917377, 1117.4631319293778, 1156.2615302082738, 1059.4440653891647, 1301.3720818294403]
fps.c2:[1.5354301448443883, 0.6198767124473429, 1.70606160035254, 2.118155875690376, 1.5913777591932359, 1.3917087549261191, 1.990102135465946, 1.1369664237659245, 0.6251660239898885, 0.4955373789181165, 1.324108241595607, 2.6930173406170548, 2.440903937763836, 1.4715883151080862, 1.8897506884854232, 1.4401235891070927, 1.735185824129992, 2.2389054300512745, 0.958012614165449, 2.6323724828152204, 2.101418112073, 2.1193161136998597, 1.1292235768455166, 1.5172233746047317, 1.6913896277347062]
