Ri:[50, 100, 150, 200]
Zi:[100, 200, 300, 400, 510]
FC:[[4.074762659846254, 4.079180827289376, 4.079831911738913, 4.101827169323608, 4.124938046504187], [4.114812554299817, 4.115238929643297, 4.13486133977815, 4.165080494912021, 4.193200134754017], [4.220596747524418, 4.256893322627012, 4.27943045035956, 4.309222970681766, 4.33900394185669], [4.892069982091523, 4.959895324617691, 5.011971883505008, 5.033772038551121, 5.048025393477268]]
FCE:[[0.0400572962380682, 0.027476285961878188, 0.02221012932714775, 0.01922271410208124, 0.01695445399795048], [0.020787056196077555, 0.014070084543414779, 0.01137507387726431, 0.009831774577343012, 0.008711805609120623], [0.014526192441477286, 0.009781392475084786, 0.007876875615490185, 0.006793274782934104, 0.006009940116361861], [0.01340052197847463, 0.00920997648688024, 0.007430025048287334, 0.006400535190599763, 0.005647849644671483]]
fps.ts:[1602690183.79958, 1602693605.00874, 1602697026.2178998, 1602700447.4270601, 1602703868.63622, 1602707289.8453798, 1602710711.0545402, 1602714132.2637, 1602717553.4728599, 1602720974.6820202, 1602724395.89118, 1602727817.10034, 1602731238.3095002, 1602734659.51866, 1602738080.7278202, 1602741501.9369802, 1602744923.14614, 1602748344.3553002, 1602751765.5644603, 1602755186.7736201, 1602758607.9827802, 1602762029.1919403, 1602765450.4011002, 1602768871.6102602, 1602772292.8194203]
fps.e0:[9984.42503988944, 9965.404350923525, 9998.668731722128, 10008.19402169327, 9970.592389098416, 9992.690301385599, 9990.853366357338, 10001.12724009973, 9989.878552380038, 9963.751597883118, 9956.267531617888, 10008.944606477862, 9974.926991845585, 9995.752587454721, 9959.856483885942, 9962.367322251104, 9953.513643613758, 9981.280178289173, 9980.34824740549, 9958.764919589436, 9984.990218424828, 9974.09385015887, 9981.95475034487, 9970.176694096463, 10028.23075336423]
fps.e0u:[18.06065015062489, 18.035995209580445, 17.96012511657221, 18.136991892243582, 18.37108526111047, 18.15976743053914, 18.127990728483336, 18.252114305270442, 18.121846913884877, 17.83471039425563, 18.433582036380592, 17.969632989400978, 18.467185967450906, 17.875665082625314, 18.29561002154885, 18.114979964921943, 18.01520395237791, 18.10822951573207, 18.040268921325087, 17.985837672460637, 18.2044080596947, 18.049883026636852, 18.259483685393654, 18.29622989006753, 18.304548809027775]
fps.lt:[13318.011836362031, 15114.888157611542, 13018.98170014682, 12508.740452479493, 15242.980727338754, 13244.572178991844, 13796.633922871739, 13281.241633631342, 13575.039596529263, 14486.137824296778, 14907.573634380275, 12144.279474675714, 13842.833134440987, 13801.709250936072, 14824.587241142464, 13559.244466273698, 15892.079930540682, 13456.373043366204, 13563.361739246275, 14835.14216500769, 13599.817543974148, 13908.169113933713, 13158.129807029163, 12878.39513649676, 11917.43212075566]
fps.ltu:[978.062547947624, 1253.6411395697187, 923.6250535931721, 866.057584621706, 1291.0342305837542, 967.3061477684943, 1049.3650407112805, 973.417931734212, 1015.5451885886137, 1144.1869579228687, 1233.6948463401686, 801.6002136280117, 1075.0777642135527, 1037.9039874940684, 1222.5039366627484, 1010.1571862347457, 1373.8616369349777, 994.7755985325172, 1006.1897717360681, 1198.3986462100465, 1016.0344051614481, 1058.3887140007307, 971.3075982608311, 922.8720399266427, 786.8144796781315]
fps.c2:[0.9157119353364253, 0.5689498465181816, 1.8982453086311382, 1.020975655809637, 0.8331259134756999, 1.1029778853472452, 0.8671869439750158, 1.5756346833026724, 1.3209770114307344, 1.2934527687923494, 1.579762111533121, 1.9939659762692807, 0.7470899169798151, 1.3142830231483484, 2.678318841835937, 1.2914904240659781, 2.509703174178981, 2.3736813761982294, 1.828426228022632, 1.9109782376556406, 1.414713579084407, 1.6815580551855276, 1.642004841725878, 1.9588510094467064, 1.1529311409358058]
