Ri:[100, 130, 160]
Zi:[50, 100, 200, 300, 400, 500]
fps.ts:[1710.4488399982451, 5131.346519994735, 8552.244199991226, 11973.141879987716, 15394.039559984207, 18814.937239980696, 22235.834919977184, 25656.73259997368, 29077.630279970166, 32498.52795996666, 35919.42563996315, 39340.323319959636, 42761.22099995613, 46182.11867995262, 49603.016359949106, 53023.9140399456, 56444.81171994209, 59865.70939993858, 63286.60707993507, 66707.50475993156, 70128.40243992806, 73549.30011992453, 76970.19779992104, 80391.09547991751, 83811.99315991401]
fps.e0:[10820.298044648343, 10827.97858598207, 10799.232484563854, 10806.161524304862, 10816.19371487182, 10807.63471167432, 10795.002581346553, 10797.362009863453, 10794.458896557899, 10795.97993656679, 10824.855971240531, 10792.568210620668, 10817.679618366747, 10807.842563335273, 10840.115257554202, 10813.319416604338, 10820.935791576845, 10821.852275890931, 10800.478342200628, 10816.367361044586, 10820.08747962487, 10830.069220685049, 10838.47667243338, 10816.92212968549, 10826.753958562393]
fps.e0u:[11.590636787032047, 11.618226639292228, 11.543962393061744, 11.5884953038942, 11.416130672096802, 11.419513971580528, 11.463240302706529, 11.708374678353918, 11.587494356108664, 11.620149972159433, 11.61470420147484, 11.631166724352715, 11.53325304252283, 11.598039347081228, 11.486329388450077, 11.605270292556202, 11.596557913900499, 11.475840015361262, 11.622178626128433, 11.598007111846618, 11.412151977927017, 11.66996666963246, 11.490624314859772, 11.609950917752451, 11.712739403258443]
fps.lt:[8315.92824348812, 7974.547615612882, 8427.293941874465, 8350.884452227276, 8219.470144178715, 8316.011312875251, 8502.864860362984, 8186.79011118154, 8618.728072015794, 8435.132290959009, 8169.509390090672, 8630.008682714446, 8204.459247158184, 8360.714681406285, 7901.289277095905, 8414.196215007705, 8183.6297087048915, 8255.648528353444, 8522.953985324442, 8221.619431481417, 8239.428907768204, 7967.60488982286, 7801.689387710789, 8346.441659889262, 8223.99483101299]
fps.ltu:[221.29678289645577, 204.2521266260133, 226.92457468345373, 223.90267385523185, 214.312290128529, 219.251351641285, 229.96340083349293, 217.44611180909226, 238.39579727322575, 228.13471237383735, 214.14459037463686, 238.7688319769124, 215.18037377997723, 223.6535570978127, 197.96992854980218, 226.79380172972955, 215.84109327463986, 215.62406933726263, 233.15085573041986, 216.14193646394824, 215.22990389515473, 204.45836005810938, 194.18476503900672, 223.44591878754477, 218.33764075412518]
fps.c2:[2.256412782904327, 2.2808578971658156, 2.50685358992422, 2.540724475167593, 2.583160613017176, 1.7629937882743176, 2.785586318427156, 1.5042583640970086, 0.8865748468013298, 1.2736886046252387, 1.8848429877474995, 1.9155393073198363, 0.9861277181067041, 1.1364038699527235, 1.2965728713589673, 1.8518638494046902, 1.5114732186327957, 2.497090261765758, 1.5172845208388788, 2.9739032388671305, 1.2654321694419606, 2.258434720675034, 1.3798948075662323, 1.173028976970284, 1.9272077498182614]
FC:[[3.8257352741584576, 3.828884529211539, 3.8742926756960774, 3.905430233428762, 3.932506946799311, 3.965294301736721], [3.873869410806825, 3.876510359146859, 3.9169457945021735, 3.9479119350732863, 3.9766743126579294, 4.017729987410843], [4.001372306861042, 4.012025406339005, 4.0613172159279936, 4.090174005928779, 4.123138808868426, 4.171215356290754]]
FCE:[[0.02868089028082616, 0.01636951185489313, 0.010610231504855582, 0.008286238328997282, 0.00698652985028441, 0.006158308807279953], [0.022318454415244146, 0.012706315449755397, 0.008196781290936409, 0.006413031775560562, 0.0054255628824087625, 0.004686568920356373], [0.018717889776721543, 0.010504922756355478, 0.006766125453250926, 0.005305803798663684, 0.004507818144616986, 0.003927327555073548]]
