Ri:[50, 100, 150, 200]
Zi:[100, 200, 300, 400, 510]
FC:[[29.052611180877523, 26.285449305493326, 5.303059267422953, 39.364572251028335, 43.85947151107499], [23.011870029308895, 21.99351712911463, 20.675049387591656, 4.35493181686275, 4.40672167884652], [4.3727859271813125, 4.471281492890622, 4.537706534917776, 4.600607592361154, 4.663448526390868], [4.9614690400965955, 5.056136509190862, 5.144266749686351, 5.2221548081630464, 5.297300158235368]]
FCE:[[3.8807747677119635, 2.9234727287905624, 0.07503415099771865, 6.605480352128003, 10.654661222634667], [0.801412489435629, 0.4934018640898182, 0.324765941747703, 0.018404738353040902, 0.01645001551725392], [0.024299046316739053, 0.016926170153124403, 0.013910819036421737, 0.012123905907619801, 0.010877972897942437], [0.02230148894653978, 0.01543495095683335, 0.012702148494244286, 0.011120488246150041, 0.00999307211698564]]
fps.ts:[1600947589.1104798, 1600948622.85744, 1600949656.6044002, 1600950690.3513598, 1600951724.09832, 1600952757.8452802, 1600953791.59224, 1600954825.3392, 1600955859.0861602, 1600956892.83312, 1600957926.58008, 1600958960.3270402, 1600959994.0740001, 1600961027.82096, 1600962061.5679202, 1600963095.3148801, 1600964129.06184, 1600965162.8088002, 1600966196.5557601, 1600967230.30272, 1600968264.0496802, 1600969297.7966404, 1600970331.5436, 1600971365.2905602, 1600972399.0375204]
fps.e0:[9628.056044689505, 9588.873588546916, 9605.722663781522, 9593.655285992605, 9592.461549553298, 9641.6231735044, 9642.193995439018, 9612.21433555025, 9630.835452687494, 9634.485940515962, 9637.987511104246, 9644.366326292651, 9649.212462586205, 9602.71693241112, 9632.986330910073, 9644.533319644299, 9684.397766919128, 9677.008063926836, 9626.20202227906, 9634.89217288021, 9668.22418840158, 9618.971845342996, 9628.99166653933, 9635.241912864538, 9651.326741251218]
fps.e0u:[27.471673754363835, 27.330383862002993, 27.221303999891777, 27.359202044835623, 27.76432530266699, 27.875856858792975, 27.587271836079193, 28.43308652957512, 27.65973233894018, 27.558679628686775, 28.120770107134458, 27.79605384906522, 27.58911145568791, 27.783698959795725, 27.829719078138016, 27.904134244480915, 28.47126051450539, 28.21863572486506, 27.600756076826528, 28.398715147451007, 27.50964716377373, 28.218907320550798, 27.908701398945393, 27.833635313562855, 28.40167328282692]
fps.lt:[6471.956780534475, 6896.767680055522, 6284.399340366576, 6647.406990644403, 6604.932150883187, 6176.226978373148, 6454.386009097455, 6266.4858824015455, 6339.461135196936, 6515.344114513069, 6342.805378902716, 6500.54775320783, 6308.524565645634, 6845.324846260931, 6790.547016828265, 6677.636491055881, 6056.727718021686, 6132.983265210987, 7356.711061088351, 6750.672402925281, 6601.075202254869, 7211.510728834046, 7481.670933868892, 7387.736888143724, 6963.343812702752]
fps.ltu:[366.96573818667525, 415.00044944567986, 341.2837126528972, 388.7312337221859, 383.55110688686466, 334.140248306999, 362.56431592211885, 352.0515956527724, 354.5461553097876, 372.4341209859589, 358.7696932360683, 371.0925892649176, 350.2285422530839, 412.6725301204417, 408.5958637973922, 395.71832391386823, 332.7556655899497, 336.0123869766257, 471.9361005096415, 406.9312037140812, 381.291337039065, 464.2209739485361, 490.406601322613, 483.88495369717, 437.79277116304667]
fps.c2:[0.8625891985897517, 1.4355945191136865, 1.5304088249652468, 0.7537198092063353, 1.2900412891024533, 1.1791901133296256, 2.6888565314380446, 0.7341995922208168, 1.0601849063495439, 1.607693430902844, 1.9196119280162722, 1.0358830043107214, 1.4979380443273835, 1.122238744610049, 1.2565397801400222, 0.8554092985962735, 0.8731619522268897, 1.0473054574113643, 1.1426818474978135, 2.20601301160069, 1.2970151629680144, 0.7480852999961993, 0.9147485325028195, 1.7430583956212335, 1.059682433049739]
