Ri:[100, 130, 160]
Zi:[50, 100, 200, 300, 400, 500]
fps.ts:[1681.7396799993514, 5045.2190399980545, 8408.698399996758, 11772.17775999546, 15135.657119994165, 18499.136479992867, 21862.61583999157, 25226.09519999027, 28589.574559988974, 31953.05391998768, 35316.53327998638, 38680.012639985085, 42043.49199998379, 45406.97135998249, 48770.45071998119, 52133.930079979895, 55497.4094399786, 58860.8887999773, 62224.368159976, 65587.8475199747, 68951.3268799734, 72314.80623997212, 75678.28559997081, 79041.76495996953, 82405.24431996822]
fps.e0:[10899.983941429435, 10908.61097740411, 10862.30036023941, 10888.53280603074, 10882.720871708912, 10882.996386684012, 10848.553337695495, 10899.295649492462, 10897.84986708233, 10883.492160310401, 10876.598199987751, 10886.98340259401, 10885.91874455153, 10886.294341105064, 10863.880742476857, 10893.146516204602, 10878.568529174154, 10871.549245742232, 10888.88036037184, 10880.490156200201, 10918.02717881368, 10885.753209024857, 10888.665250081724, 10872.940332933667, 10869.76771496675]
fps.e0u:[12.927514307085126, 13.209357038104871, 13.161791296923859, 13.18119917110188, 13.348067746385963, 13.353750516510798, 13.385448742797854, 13.175641440543489, 13.228529304005031, 13.507038741618196, 13.411500102110498, 13.293886330997635, 13.32514465587128, 13.442352723812107, 13.137756642649231, 13.429576861023767, 13.308196258786255, 13.294428413355066, 13.298726782036614, 13.336782690964434, 13.391725244545876, 13.336846523260405, 13.296149628052392, 13.336703289142543, 13.346159472997686]
fps.lt:[10705.726427018088, 10613.439690894624, 12211.359665635891, 11537.736320115975, 10982.908164707236, 11458.10967966036, 12323.502285617142, 10896.886512692648, 10810.42830291405, 10993.750386879252, 11508.529228465739, 11468.472237236621, 10988.262219260685, 11322.37885577075, 11907.47904508426, 10994.190678505587, 11208.19807912903, 12185.233464215304, 11203.242020560623, 11321.279046046473, 10168.21218565883, 11315.320430274258, 11132.090012242787, 11719.037940854438, 11755.672503396358]
fps.ltu:[409.79697484217803, 412.4140336463149, 541.7903932255578, 485.54984372519715, 445.85754289744636, 484.0720921660333, 557.1764323561462, 432.1155822204842, 428.67784443267806, 447.76045558979615, 486.8749202748175, 479.564737877774, 445.6759909620108, 473.94592967996294, 514.2425825624716, 446.9849967053234, 462.69158512824856, 544.4624904412573, 458.6774866334931, 473.31703787991177, 381.24930631160225, 469.5247424996184, 451.9624263910187, 506.04546548921, 507.71288241202177]
fps.c2:[1.522946847902366, 1.8301110203086448, 1.1290588561599735, 1.380423378409594, 2.298199543085626, 1.6262547966976546, 1.8430552422894093, 0.7052574409706687, 0.8977525886421345, 0.3473246286901456, 2.575380355972543, 1.9617225186215685, 2.3919169951378656, 1.4421150233594457, 0.8854153441461119, 3.0506167764800924, 1.5609371569500037, 2.3685991938417525, 0.9872998168832083, 0.8878544626160733, 1.3367377663029578, 1.3522054398644248, 1.4621624299755487, 1.0619482198739685, 1.4086749483086778]
FC:[[3.8370428270619823, 3.8463560144100715, 3.857734026034179, 3.8815373671800897, 3.910857423146426, 3.9463686675325778], [3.8525360982258414, 3.8924289236433127, 3.909071431290916, 3.931113167618697, 3.9616606001929155, 3.994029288984397], [3.9973573070582398, 4.014384505149192, 4.033124796686273, 4.061066128811303, 4.0893157767381325, 4.124134195589893]]
FCE:[[0.029858124426230735, 0.018487302676789334, 0.012124661310338769, 0.009538845980929625, 0.008081010075565435, 0.007128204703716287], [0.023031603433160013, 0.014334714241909253, 0.009396484404924705, 0.007387689331716547, 0.006278679359733061, 0.005554908676788476], [0.01998190224279475, 0.011842198219826263, 0.007735045081520626, 0.006120453784291252, 0.005209679441929816, 0.004514730510122234]]
