Ri:[100, 130, 160]
Zi:[50, 100, 200, 300, 400, 500]
fps.ts:[709.6808200025558, 2129.0424600076676, 3548.404100012779, 4967.7657400178905, 6387.127380023003, 7806.489020028114, 9225.850660033226, 10645.212300038336, 12064.57394004345, 13483.935580048561, 14903.297220053671, 16322.658860058786, 17742.020500063896, 19161.382140069007, 20580.743780074117, 22000.10542007923, 23419.467060084342, 24838.828700089456, 26258.190340094567, 27677.551980099677, 29096.913620104788, 30516.275260109902, 31935.636900115012, 33354.99854012013, 34774.36018012524]
fps.e0:[10563.05200931088, 10667.756624733633, 10631.155670452265, 10603.133217621109, 10648.425677387453, 10616.126595422264, 10607.855838472698, 10671.73231632221, 10637.281890573788, 10647.427783298788, 10576.493202204503, 10624.02124021487, 10590.38081263194, 10681.336083779039, 10626.232424171974, 10631.114492949984, 10625.743218045161, 10594.629582877047, 10635.62591555143, 10625.019060152861, 10641.926092093914, 10605.176533217373, 10635.55029791424, 10672.92627874271, 10616.320540738758]
fps.e0u:[26.554901238415034, 25.695153823820675, 25.530120869696415, 26.85428801338465, 26.043211443766804, 26.311409466898517, 25.824514541191927, 25.952326152730617, 25.784563267111537, 25.691447888595906, 26.792997060343147, 26.735972776030803, 25.990413232141012, 26.19359067948098, 25.96650494917977, 25.465590272688406, 25.31783109466587, 26.585338455084173, 25.96393065932038, 26.643627645902892, 25.84318948065694, 25.9019949941511, 26.116635823872222, 25.810793147717963, 26.31000527784017]
fps.lt:[4993.3454990157325, 4375.439878118811, 4652.6461408184805, 4616.406597331957, 4582.568916116906, 4501.564819547595, 4592.305443086472, 4360.097892644296, 4514.1189257532615, 4482.125421532011, 4868.949103865703, 4591.999025445488, 4676.315354411592, 4342.628954408304, 4630.997642767599, 4527.51521125853, 4555.798979126242, 4783.468507101478, 4481.135747770991, 4601.799791670953, 4510.109189706506, 4594.254497215201, 4554.920858755591, 4463.878194334893, 4651.133579447966]
fps.ltu:[188.50953576806768, 140.06893686480385, 156.9793153918883, 163.30592924273623, 156.51386611324295, 152.83531473919638, 157.4675200826305, 142.52098426887667, 151.26489741039586, 146.94837653921718, 182.78069241607503, 163.10466715939523, 163.98921150324173, 140.6429008361998, 158.5895777573619, 153.20178804181245, 152.38302936455136, 171.13105583692507, 149.47976461138478, 161.024760493934, 149.98662428459545, 156.63686593844218, 155.62328508322483, 148.42715013444223, 161.51104035953966]
fps.c2:[1.2849624868677645, 1.5350900242387338, 1.0216656628646867, 0.8363214228788163, 0.9802245289502278, 1.339423340577357, 1.8793543382655453, 1.4516330273667113, 1.536295823630663, 1.0558300108178886, 0.8557575002174009, 0.7348570220536417, 0.6574439867990411, 0.5810686254717762, 0.6268651640451044, 1.3933718943505577, 1.4413345836591007, 0.7571857831750933, 1.6468557336426148, 0.6467372991288877, 1.2608240380985456, 1.0249868809229565, 0.7609391741845635, 0.6886148832016047, 0.21383266619549424]
FC:[[3.7915665423531584, 3.9121366190738205, 3.9335210451825464, 4.003787946852984, 4.0719733215477, 4.142400836876936], [3.909593997849072, 3.9537319633770767, 4.003174040113106, 4.07604531712678, 4.136796512422626, 4.200912266315429], [4.150120079674075, 4.110034321924888, 4.162455106205033, 4.23217357506413, 4.295215704412071, 4.350173839644727]]
FCE:[[0.07814893940238811, 0.039217776480224856, 0.02363164902023336, 0.0185628998561396, 0.015801775966612416, 0.014014941072708408], [0.06242022246248017, 0.03031959189145277, 0.018238360059757663, 0.014371620330108869, 0.012251914283646923, 0.010893382637743481], [0.054504564692392614, 0.025732453763742485, 0.015381547511446292, 0.012146219891559269, 0.010318687484957978, 0.009192126443540548]]
