Ri:[100, 130, 160]
Zi:[50, 100, 200, 300, 400, 500]
fps.ts:[1772.5087200021744, 5317.526160006523, 8862.543600010871, 12407.561040015222, 15952.578480019569, 19497.595920023916, 23042.61336002827, 26587.630800032617, 30132.648240036964, 33677.66568004131, 37222.683120045665, 40767.70056005001, 44312.71800005436, 47857.73544005871, 51402.75288006306, 54947.77032006741, 58492.787760071755, 62037.8052000761, 65582.82264008044, 69127.8400800848, 72672.85752008915, 76217.8749600935, 79762.89240009786, 83307.90984010219, 86852.92728010655]
fps.e0:[10511.32916854252, 10519.68214834909, 10567.48811501642, 10558.465481072857, 10567.082490434692, 10582.50312650808, 10588.42025505318, 10614.498574726846, 10622.132722500071, 10656.29799913625, 10652.878916981612, 10665.68638828519, 10676.889081605152, 10676.714599638319, 10692.566256903758, 10713.628405261306, 10689.334158637677, 10700.832874749338, 10711.437404105263, 10722.073853420057, 10696.280919725903, 10725.48995122386, 10734.641122422243, 10732.77797978825, 10756.453487273353]
fps.e0u:[12.123535602058984, 12.33270842303146, 12.229699243269275, 12.141801735250057, 12.138625352840949, 12.11414965656795, 12.368448269394703, 12.28967510227345, 12.12263632180429, 12.245959342383768, 12.149274801135762, 11.979933025519244, 12.082637035352784, 12.212011860691264, 12.246819081738488, 12.270330312489422, 12.259080239236567, 12.181961754814427, 12.214970546522135, 12.329227609632094, 12.476702866507614, 12.2565041223649, 12.264168097629147, 12.349370224406567, 12.34310686804709]
fps.lt:[11032.416123259944, 11365.892068824873, 10268.298138809108, 11146.30045542673, 10970.801243654922, 11295.074548849254, 11352.978238402391, 10997.74955243519, 11258.092336973441, 10507.36174938534, 11089.926661585801, 10839.513767333237, 10700.642292792552, 10910.158602843321, 11004.561204913694, 10285.310657194195, 11182.440352386433, 11216.65051180151, 10780.963300843428, 10267.265092469106, 11181.662781099974, 10627.020172514662, 10991.802910972805, 10877.658880510935, 10309.116552670306]
fps.ltu:[418.9332366397253, 451.3323511592637, 361.92841078701815, 424.5656472481683, 414.37833327367167, 436.49270869022814, 449.4797904012991, 419.3692512342566, 433.27884016993147, 380.8084430883204, 418.6731572631992, 394.95958693451774, 389.8334489524619, 407.6622168964497, 414.19853780202936, 361.78766153845663, 428.2642553969933, 428.7969063180154, 396.7976599587722, 363.0390847498784, 432.3828614730179, 388.50387341928075, 413.36428579264435, 406.49158245659015, 363.7904974888752]
fps.c2:[1.1591323031144565, 1.0974539488576944, 1.9081659494713987, 1.6048678795953708, 1.470530272886856, 2.0920322451355515, 1.2239237162776908, 1.3130519800281681, 0.8885549150519293, 0.7755709139274488, 0.730021917062088, 1.5166477420803566, 0.9024126345059753, 1.5241724840810735, 1.0188026845773164, 0.9059929840385819, 2.2086824608855378, 1.8055930467352266, 1.1889622706799046, 0.816707703734568, 1.0817964786608965, 1.345779788295195, 1.425301392012203, 0.7997024601434141, 0.7830657197152131]
FC:[[4.1500373656549545, 4.13062337876795, 4.1502794843859006, 4.179286937324047, 4.201872358348106, 4.239124291941087], [4.1640812755120304, 4.167081884757646, 4.194479622576778, 4.228127266167948, 4.253957440572516, 4.2850198746150605], [4.252189043156874, 4.286184324263181, 4.314358153350217, 4.343925924394657, 4.372421552503732, 4.403950950395431]]
FCE:[[0.03157707971553272, 0.018652989918120474, 0.012233070338690573, 0.009624467482057194, 0.008130535321596485, 0.0069852617713423385], [0.024061575479169445, 0.014405212858049436, 0.009448287388438269, 0.007274988004397888, 0.006159759028253676, 0.005419692797136546], [0.020292824658148707, 0.011962287971014502, 0.007787149120375649, 0.006126121134431485, 0.00520184241218156, 0.004591692810592527]]
