Ri:[100, 130, 160]
Zi:[50, 100, 200, 300, 400, 500]
fps.ts:[1726.8186400032043, 5180.455920009613, 8634.093200016021, 12087.73048002243, 15541.36776002884, 18995.00504003525, 22448.642320041654, 25902.279600048067, 29355.916880054472, 32809.554160060885, 36263.19144006729, 39716.828720073696, 43170.46600008011, 46624.10328008652, 50077.74056009293, 53531.37784009933, 56985.015120105745, 60438.65240011215, 63892.28968011856, 67345.92696012497, 70799.56424013138, 74253.20152013778, 77706.8388001442, 81160.4760801506, 84614.113360157]
fps.e0:[10801.412434758968, 10813.638208903054, 10805.017088793385, 10826.889061036163, 10792.977800598683, 10777.312428534608, 10824.021965910271, 10828.680162893364, 10816.306060124061, 10813.407882457335, 10817.281308128186, 10818.297173893046, 10836.987814320637, 10811.11262741637, 10807.689806539147, 10802.395382328625, 10803.143456922211, 10831.348502776205, 10835.489786028747, 10813.286790125718, 10784.509018129727, 10828.309793011469, 10809.50104639244, 10812.322758856735, 10830.878662285268]
fps.e0u:[11.432706410859263, 11.394725883921861, 11.400757172082129, 11.598384411773134, 11.439960100118169, 11.433466109649487, 11.385988575557219, 11.388596349992458, 11.46166267191695, 11.458528498212365, 11.55028957712162, 11.493860474213609, 11.567339502450231, 11.522789964078132, 11.427874527465791, 11.429858635786054, 11.426643865711608, 11.530224659235984, 11.375352800277438, 11.59000638489323, 11.380863156650546, 11.540027803802476, 11.529534808880856, 11.556511522148236, 11.559196067919181]
fps.lt:[8200.155785266641, 8093.7398301198855, 8175.133911791651, 8034.024374217555, 8523.276694544718, 8794.39192185075, 8024.656966360449, 7926.461328116064, 8108.235574540218, 8166.881971179985, 8065.273053618225, 8097.212379244643, 7701.419146530762, 8225.275323708336, 8265.874524523771, 8231.407486365713, 8519.547692364225, 7793.9553876877835, 7785.228129043636, 8309.201422436816, 8656.148082222116, 7937.691496429259, 8483.234449537193, 8422.393667171897, 7940.801728152641]
fps.ltu:[212.49888482454273, 206.57529365723425, 212.2452652610618, 206.24807638830958, 230.47805250329154, 245.03396364992975, 202.53114707818142, 198.6534752590898, 208.8285362666441, 210.99454956712907, 206.67498766366708, 209.2942042145945, 189.56205609575116, 215.6523429827855, 216.95056313479475, 213.8021542732755, 230.11132023645933, 194.55216047988364, 191.98264889123993, 220.84594815551498, 237.65756391085964, 200.50214042593987, 230.17768804420763, 226.59322397381962, 200.96463324997566]
fps.c2:[1.4785856864220486, 1.8027494312719459, 2.0160226640067367, 2.311034871769471, 2.0071664800877502, 2.072962432074511, 1.1086579746499081, 3.4949727349741333, 1.8127495848677089, 2.3087238581629217, 1.9333536915647103, 1.236411713980004, 1.9892728440382899, 1.3608568471535245, 1.2178486892449203, 1.2344189477460945, 1.753460099447099, 1.5656405158521547, 2.017936116171175, 1.7986142901189361, 2.199830716456365, 2.388288708372535, 1.2037278433408212, 1.0100239012634533, 1.7482467601799696]
FC:[[3.8161340589538435, 3.8320565691593305, 3.860119157532057, 3.901221475214411, 3.9324109982845763, 3.9651155591290634], [3.851648362407159, 3.883764194780852, 3.9125449298228228, 3.952666194908032, 3.9860397177283997, 4.022299065082229], [3.9861190159809023, 4.013326057755011, 4.051916862645471, 4.097255643771228, 4.13297283222866, 4.1712971097333496]]
FCE:[[0.02866912598252765, 0.01636406105183193, 0.010438438235817473, 0.008187193714930867, 0.00689963266237968, 0.006083650145280554], [0.0223794948330036, 0.012756409267315815, 0.008088232249702383, 0.006351297879882445, 0.005376712075157745, 0.004756996833595695], [0.0185963004111084, 0.01079112908450462, 0.006714245468230599, 0.00516005438879193, 0.004375461525618295, 0.003879465720425398]]
