Ri:[100, 130, 160]
Zi:[50, 100, 200, 300, 400, 500]
fps.ts:[1191.9373000001908, 3575.8119000005727, 5959.686500000955, 8343.561100001336, 10727.435700001717, 13111.3103000021, 15495.184900002481, 17879.059500002862, 20262.934100003244, 22646.808700003625, 25030.683300004006, 27414.557900004387, 29798.432500004772, 32182.307100005153, 34566.18170000553, 36950.05630000592, 39333.93090000629, 41717.80550000668, 44101.680100007055, 46485.554700007444, 48869.42930000782, 51253.303900008206, 53637.17850000858, 56021.05310000897, 58404.92770000935]
fps.e0:[10825.691602535537, 10802.811895111656, 10751.325733247153, 10766.274823266187, 10752.861032076924, 10763.491104552828, 10789.1525069229, 10809.110787219628, 10758.947825742127, 10816.942696023427, 10772.889301198575, 10805.064534666612, 10789.119961117576, 10725.499101945712, 10777.606331845656, 10791.915183325536, 10782.616801994765, 10776.96833818211, 10773.403339747865, 10805.850223428111, 10783.838411332817, 10819.849033884206, 10851.840040464695, 10794.871329244534, 10805.786948444353]
fps.e0u:[30.68114199353625, 30.733676499264114, 30.12071541372432, 31.213538410982277, 31.011076389805552, 32.7798872767134, 32.43362161923804, 28.073079718355938, 29.43732596135536, 26.604766762697324, 27.32618035110978, 28.31168641630511, 30.136985716562762, 31.539616254595487, 24.22319153593368, 24.061813532293467, 24.690982739162916, 25.142346064194307, 25.419835662857757, 27.975474920074532, 25.314844400028893, 24.78773268755221, 25.898124581017786, 26.947940368089473, 28.710025861217794]
fps.lt:[6912.051140011434, 6877.752864405764, 7454.767120077569, 7146.737241100804, 7346.80512606902, 7134.377416371325, 7088.5179713871285, 6930.598037239842, 7362.628115282861, 6424.810698776763, 7254.407589848319, 6781.134361300202, 7167.5521052885515, 8021.19671906385, 6778.895052733348, 6803.480817762415, 6958.207033428052, 7256.373744742446, 6947.66786449169, 6832.832246430314, 6881.489889346072, 6611.3409948580975, 6465.447636506993, 6880.104611189049, 6715.502941235482]
fps.ltu:[406.4099500082238, 407.14194663407665, 463.9376243589689, 447.8204703018144, 466.98476191453943, 462.1635195129974, 442.255693689597, 373.7663670214394, 436.75078735194984, 305.1978764573175, 398.3507187883938, 355.42939485256994, 429.565120405813, 564.7108886743135, 310.08260342083986, 308.59227128638287, 332.8469698776815, 365.10964378949063, 338.8113839572749, 358.83504137089034, 330.7775773204034, 298.7625954659045, 297.17117731764125, 353.23322767710425, 358.13455614017306]
fps.c2:[1.6957910332153014, 1.2950448178238045, 0.6155171046940331, 0.5315972896406882, 0.3724445080229933, 1.2304481364340973, 0.7809117633862473, 0.5333280377415283, 0.913224729297739, 0.9024161867799252, 1.264506609792791, 2.4953243706115553, 1.1477978786371026, 0.9210603165927747, 1.5304588788978253, 1.4747290511030893, 0.891382652956504, 1.8166119102403977, 1.7326663119024976, 1.3687541368205336, 1.0463259159863658, 1.127386510677569, 1.023355415790467, 1.4218647828284348, 0.7072388454807605]
FC:[[4.367968452122639, 4.172453716576743, 4.269062839948474, 4.295457611619602, 4.341490851857287, 4.397299067204115], [4.773163139763114, 4.486033024608711, 4.5201346798582565, 4.562153772455175, 4.601421388901679, 4.644323174057403], [5.026297459342748, 4.799409331776223, 4.8122082752901525, 4.8530589154906805, 4.903958032712379, 4.9581387545544695]]
FCE:[[0.10399817076348897, 0.05289585079011789, 0.033042510241674414, 0.02524678083756155, 0.021266531489628072, 0.018743869409650216], [0.0854404941656086, 0.04293134628083957, 0.026184836402660575, 0.020018602487344894, 0.0168234327785703, 0.014760651187662519], [0.07161643579187561, 0.03657353860780032, 0.022108971302210623, 0.017030207053983896, 0.014390435144986653, 0.012715477681332176]]
