Ri:[100, 130, 160]
Zi:[50, 100, 200, 300, 400, 500]
fps.ts:[1880.774539999962, 5642.3236199998855, 9403.872699999809, 13165.421779999733, 16926.970859999656, 20688.51993999958, 24450.069019999504, 28211.61809999943, 31973.16717999935, 35734.71625999927, 39496.2653399992, 43257.81441999912, 47019.363499999046, 50780.91257999897, 54542.461659998895, 58304.01073999882, 62065.55981999874, 65827.10889999867, 69588.65797999859, 73350.2070599985, 77111.75613999844, 80873.30521999835, 84634.85429999829, 88396.4033799982, 92157.95245999814]
fps.e0:[10813.34482277637, 10830.27886980456, 10807.116749922421, 10825.951189280271, 10831.901475855831, 10821.429931106783, 10838.2825007303, 10839.554831788844, 10794.48507737422, 10821.965209420823, 10828.387241295219, 10811.296885413913, 10833.825968552908, 10804.466594275707, 10803.582441051578, 10809.986718003041, 10824.836201880016, 10830.064304569789, 10804.220655373421, 10810.008966385443, 10801.507353937184, 10821.874845032815, 10838.027425917207, 10801.724605374471, 10812.436863722412]
fps.e0u:[12.925747896377738, 12.892508506441635, 12.953616295211233, 12.917348056055989, 13.090758260062954, 12.835549792063476, 12.919623015046177, 12.864972533398918, 12.955766030760389, 12.898460463273734, 12.823074816727576, 12.942414026550223, 12.99094188236864, 12.926342047511037, 12.866641738402839, 13.247596952569113, 12.937125978286996, 12.986844229903248, 12.934727967866989, 13.141730412122184, 13.128373630073371, 13.011582763371177, 13.000051629464185, 13.102027413892847, 13.120974892047867]
fps.lt:[10883.090718389507, 10572.300705293357, 11443.406225950024, 10569.071875490548, 10504.79274993598, 10323.973769146758, 10004.992767638689, 10503.643317546652, 11691.919122318366, 10625.186763178044, 10626.278576533681, 11146.211614324739, 10498.489209313426, 11280.626726526725, 11466.382931850227, 11396.010739252728, 10562.979508032206, 10638.231638088719, 11278.924646093543, 11440.223484011012, 11337.782653477636, 10862.838968427497, 10425.051838297317, 11625.893403434493, 11620.962080811778]
fps.ltu:[422.67177492224044, 402.29543775273686, 475.13359949703073, 402.0504022972076, 403.85268783935453, 384.5058637786351, 360.7171911823281, 394.5237825942718, 494.6625261879826, 406.971464538966, 403.1772346603551, 448.5148523331459, 398.66573715337705, 458.7643004945222, 472.2324535349229, 478.63830721791044, 400.69808844206227, 407.41483763896184, 456.7599228616404, 478.46254529793765, 467.4151994999816, 427.33498403534105, 392.7810590612544, 491.1988807802622, 488.8641372458212]
fps.c2:[1.7566672360437492, 1.5351291392717914, 0.7674661170225867, 1.3578728195812617, 1.249930744786138, 0.7273071393655223, 1.095467757172781, 1.3944136281259427, 2.7391773215985817, 1.0147708948106877, 0.7497369077506726, 1.0368450297976646, 1.5518838075632546, 2.3269594819939865, 1.582507763214616, 1.3953002196830313, 0.8163765162219799, 1.461122965300987, 1.5678465678555928, 0.6653756059045585, 1.2652419580589698, 0.7076793201247891, 0.6942175373650207, 1.0539867413904431, 1.9015858300408253]
FC:[[3.850115745641386, 3.848589138900231, 3.871175284085739, 3.890187583748701, 3.924812460903889, 3.953333446866351], [3.87986982719401, 3.87558983657186, 3.9085269873813235, 3.932202794432582, 3.967440692950615, 4.000604626222762], [3.999471040073132, 4.006335758554943, 4.032034736563444, 4.058653107654521, 4.091210107673056, 4.122294456298772]]
FCE:[[0.02992420452438487, 0.0180793129834247, 0.011806571050451822, 0.00926431166315029, 0.007871245393528008, 0.00697400489648796], [0.022992492639766736, 0.013877838259208674, 0.00911739050824799, 0.007181867477835684, 0.006123981976911762, 0.005305307899639255], [0.019639733568500496, 0.011571622827921785, 0.0075563219598307795, 0.005965062017099326, 0.005089605271011184, 0.004523665283848296]]
