Ri:[100, 130, 160]
Zi:[50, 100, 200, 300, 400, 500]
fps.ts:[1517.004120001793, 4551.0123600053785, 7585.020600008964, 10619.02884001255, 13653.037080016136, 16687.045320019723, 19721.053560023305, 22755.061800026895, 25789.070040030478, 28823.078280034068, 31857.08652003765, 34891.09476004123, 37925.10300004482, 40959.11124004841, 43993.119480051995, 47027.12772005558, 50061.13596005917, 53095.14420006275, 56129.15244006633, 59163.16068006992, 62197.16892007351, 65231.177160077095, 68265.18540008069, 71299.19364008427, 74333.20188008784]
fps.e0:[10709.289172811465, 10737.09487218384, 10709.706793773343, 10723.68148441463, 10742.348350804363, 10752.380488043085, 10707.819208896823, 10720.229738311753, 10737.649443539642, 10755.997165373528, 10735.458553593624, 10727.77028235602, 10729.012325130705, 10730.164435686214, 10724.256589559403, 10733.565939002847, 10751.347176618345, 10764.070627794632, 10737.982731488632, 10710.140870838995, 10739.643886261514, 10725.611438910379, 10732.21178114467, 10728.234771737798, 10723.654694932724]
fps.e0u:[12.248767099537188, 12.367644866852055, 12.306086179308142, 12.272361059060799, 12.288868233798448, 12.149442646468707, 12.269852949518528, 12.46342458330001, 12.226855311421213, 12.228580028312638, 12.133534530532367, 12.228617331129941, 12.21651280480827, 12.286636179554826, 12.272779768692338, 12.282779970261508, 12.325244147595136, 12.248526425203686, 12.214895449311356, 12.247060802586992, 12.513353213605392, 12.482318781784315, 12.39314957110928, 12.127522670272743, 12.38483228701509]
fps.lt:[5275.710549368231, 5198.436054413894, 5394.324796705051, 5342.640682521104, 5149.679395467234, 5075.797961239732, 5380.952842158916, 5264.196104964503, 5192.600708246603, 5043.36930057407, 5228.925386160275, 5257.805043928946, 5262.44836521164, 5300.85094042576, 5323.480171432033, 5333.702035825145, 5137.527317382628, 5049.406816050876, 5226.190635749151, 5460.654949018262, 5159.406095535355, 5270.819188054566, 5311.435392384781, 5345.226053076661, 5334.821269530013]
fps.ltu:[93.94402749022831, 91.89554842403354, 98.11616197543952, 95.7323940935335, 89.52238228167637, 86.42615892492309, 97.44116835589405, 94.23846043673885, 90.32673307033036, 85.04845395786776, 91.14063458537824, 92.46948947036582, 92.48042183250563, 94.00550975816459, 95.07094746526926, 95.71647846835866, 89.39678537339044, 86.06655758933069, 91.7413021288551, 100.31775411070754, 91.21605156621555, 94.72352545330993, 95.56105361650525, 95.12916975569235, 96.63736632388301]
fps.c2:[1.863339080993471, 1.8682293472583462, 1.768562788716566, 1.0071378705056941, 1.3365036636474197, 1.3625906261661762, 2.058528112650833, 1.7782667230553786, 2.352177319638006, 1.1403061288922627, 2.4803128306181437, 3.199646627273034, 2.4661420173641537, 1.91087070783556, 2.2297285881341624, 1.3992733843613991, 2.2254635273491923, 2.467534029670631, 3.265397988937939, 1.8983279293853172, 1.2593274215904164, 1.344491204853909, 2.70107903340375, 2.776686842491223, 1.3457842694604205]
FC:[[3.718875979713306, 3.8021814044395223, 3.838533689070113, 3.899944297478503, 3.9587091435488535, 4.014638737725353], [3.803256478565531, 3.8580586511447024, 3.908484213543442, 3.960008642352767, 4.014155158547768, 4.070342862516682], [3.9595982577365083, 3.988726354913302, 4.038280295815297, 4.084941685399793, 4.14112049937745, 4.1984813023596965]]
FCE:[[0.03557234652128261, 0.018255733766605473, 0.011003988262656597, 0.008531881040008099, 0.007196462346395806, 0.006341751279450007], [0.028148674909315507, 0.014190473020242024, 0.008553317792644692, 0.006627247134347007, 0.005590486451348077, 0.00482376735008329], [0.02450576455596622, 0.012113503308309148, 0.007057831173017133, 0.005464809893690268, 0.004622445397411455, 0.0039951559549051266]]
