Ri:[50, 100, 150, 200]
Zi:[100, 200, 300, 400, 510]
FC:[[3.8391205686780268, 3.859567197429967, 3.9047774245393323, 3.921465121090553, 3.9393415277323953], [3.8482266892718062, 3.8805992019442423, 3.910864980656896, 3.9318135618771795, 3.960298440288664], [3.9451655536856816, 3.968578235825829, 4.006418539028021, 4.03147262136053, 4.062378231049332], [4.298488263724583, 4.337134895783737, 4.3799180637654525, 4.409380475723049, 4.436008056036078]]
FCE:[[0.023857030110143312, 0.01647288613911789, 0.013694542408781742, 0.011936453730874359, 0.010511855430001629], [0.012111557144441518, 0.008316100418253711, 0.006804988843487174, 0.005907250228676866, 0.005227748110713134], [0.00841180055684449, 0.005737884730264978, 0.004564137976251878, 0.003951504099947681, 0.003503388081504762], [0.006866234558460303, 0.0046991769212433405, 0.0038110578040101107, 0.0032939275228619936, 0.00291415198983729]]
fps.ts:[1611911413.5861602, 1611915788.8744802, 1611920164.1628003, 1611924539.4511201, 1611928914.7394402, 1611933290.0277603, 1611937665.31608, 1611942040.6044002, 1611946415.8927202, 1611950791.1810403, 1611955166.4693604, 1611959541.7576802, 1611963917.0460002, 1611968292.3343203, 1611972667.6226401, 1611977042.9109602, 1611981418.1992803, 1611985793.4876003, 1611990168.7759204, 1611994544.0642402, 1611998919.3525603, 1612003294.6408803, 1612007669.9292002, 1612012045.2175202, 1612016420.5058403]
fps.e0:[11184.541641578344, 11179.202774780948, 11191.923762741699, 11172.872495153832, 11179.470447756601, 11155.682688650544, 11168.789707106716, 11173.554250373743, 11185.39298338645, 11152.55244643562, 11159.691295949911, 11135.49666086738, 11164.795439480065, 11141.39478767403, 11154.618394594267, 11136.550403773603, 11144.973008068177, 11155.200140037925, 11126.870922446478, 11154.96821135757, 11144.630244582484, 11139.979036274692, 11125.956281049053, 11132.973056103785, 11147.894896883114]
fps.e0u:[12.200159590482508, 12.2218161210225, 12.085769762210923, 12.070155977601054, 12.17897266522628, 12.19063271803109, 12.184831683552304, 12.191434318523784, 12.24816223699082, 12.221646890625237, 12.26923016739358, 12.296101133477919, 12.277192131937097, 12.253758115263066, 12.275893205800832, 12.284263287840536, 12.20745934376338, 12.29705457222102, 12.324109389321766, 12.347786159091104, 12.375238375693005, 12.334691629163725, 12.294585383831935, 12.259588570519279, 12.342404957296344]
fps.lt:[15918.546445980104, 16283.106648712186, 15725.427782559698, 17195.18814130151, 16328.373788426587, 17589.115096734462, 17943.045455839754, 16365.987519956452, 15442.099370021744, 19265.767406607014, 17314.044363014487, 19673.401892654892, 16707.373962883375, 18142.22448182097, 17967.985082058454, 18307.144939454436, 17449.133211844877, 17596.50826212067, 19245.103595350443, 16017.81082520215, 17251.162737886283, 18748.919017865563, 19278.742380503572, 18644.07283385279, 16251.031670276003]
fps.ltu:[835.2928933528697, 876.4814277469957, 809.7325398313706, 967.1021549398772, 879.1138786046549, 1018.3296172701014, 1057.8968361801951, 883.5702930692842, 789.3423695083989, 1222.1106186936636, 996.6197729346211, 1281.1784717790326, 924.9475130393165, 1090.4956979711471, 1069.4009507796663, 1112.2264013758097, 1003.5188760932488, 1026.6700563396676, 1226.7173064344875, 853.5991937686864, 994.7486138385948, 1170.3758636116072, 1234.1244588606964, 1153.2530915021732, 881.5959703212081]
fps.c2:[1.276553779398978, 1.5597641670408384, 1.8711591154054887, 3.129803523529306, 2.4231231653112397, 2.145859700947449, 2.138872235122609, 1.2891362213240698, 0.7498039227521262, 1.6318553905412907, 1.0394171868935742, 1.3917481265829563, 1.8562732866093943, 1.5212855198946984, 1.0281147477626147, 1.8739149759790783, 2.2902813076614423, 2.0917218970333336, 2.5701804170047278, 2.3953370411924833, 1.111895559992985, 2.1704566898840754, 2.867762964521511, 0.9553157651913323, 2.1304762358810327]
