Ri:[50, 100, 150, 200]
Zi:[100, 200, 300, 400, 510]
FC:[[4.028456496854404, 3.98766570358906, 4.008306599938646, 4.004640371861395, 4.025849395892027], [4.000437226183642, 4.005034267497883, 4.033110460634431, 4.051913404939468, 4.079076233600303], [4.137237764858847, 4.147240923804701, 4.182986884211058, 4.2081967240421205, 4.24001213550585], [4.724007053286833, 4.761694129386673, 4.808001706440146, 4.832805032701086, 4.860184386731788]]
FCE:[[0.04898355575253139, 0.032608286607376, 0.026682198491712997, 0.022902205324711503, 0.02010941299032412], [0.023612664294788116, 0.015839305870359813, 0.012877319596292354, 0.011105002843919756, 0.009812583048724313], [0.016493676800142434, 0.011108756999528506, 0.009030448259376232, 0.007778989913134372, 0.006869976617062542], [0.015541890429382858, 0.010525580462627828, 0.008535742022381637, 0.0073644630264995785, 0.006506859492923935]]
fps.ts:[1609333256.1781402, 1609336708.85842, 1609340161.5387, 1609343614.21898, 1609347066.89926, 1609350519.5795403, 1609353972.25982, 1609357424.9401002, 1609360877.62038, 1609364330.3006601, 1609367782.9809403, 1609371235.66122, 1609374688.3415003, 1609378141.02178, 1609381593.7020602, 1609385046.3823402, 1609388499.0626202, 1609391951.7429004, 1609395404.42318, 1609398857.1034603, 1609402309.78374, 1609405762.4640203, 1609409215.1443005, 1609412667.8245802, 1609416120.5048604]
fps.e0:[10046.31563555972, 10063.706722857241, 10053.304817529193, 10020.638908747447, 10034.886284099897, 10036.182563531296, 10078.419368101522, 10040.91547065408, 10030.13787139455, 10059.214088501276, 10040.083149079055, 10021.738180206958, 10013.65138502026, 10020.12247755677, 10070.401618565373, 10086.044281006523, 10047.485888984613, 10063.221830866596, 10050.74854345397, 10087.029715446733, 10063.752654820035, 10069.532026914343, 10058.577846136672, 10063.24797111692, 10035.443244516246]
fps.e0u:[21.5498190537972, 21.22055891574467, 21.293647493050596, 21.43760097441818, 21.8668018536667, 21.762481372948862, 21.330313492040215, 21.605808357025055, 21.463699925879684, 21.58972100111714, 21.78690589280605, 21.617294854122267, 21.451303508430854, 21.4769241371851, 21.902874524557905, 21.594110786402386, 21.71673041079987, 21.748499787486047, 21.085371056476784, 21.4388680746346, 21.534171995931374, 21.627443594577873, 21.295871279400703, 21.45472790900479, 21.660624343837046]
fps.lt:[17495.843781179356, 16022.511236044731, 16126.140155664114, 22067.42833672838, 19930.795938655883, 17964.873047216282, 15827.744775587718, 17496.09240055448, 19189.163896424612, 16693.58359804292, 18171.588184431523, 22028.154773028382, 21696.3155683314, 22949.17842720484, 16613.05626196851, 15839.148209696985, 18876.934036382998, 15573.041403427658, 16658.767289535255, 14270.421514269441, 17074.71528438221, 16878.034058796267, 16253.744847871005, 19157.020866036255, 18854.596428373818]
fps.ltu:[1973.4001208112095, 1632.0579007089534, 1659.739127942391, 3100.163867944573, 2580.5055240407855, 2086.569223878763, 1598.5123294324883, 1982.7562050862587, 2370.356103891137, 1795.9842009859688, 2137.1014163139607, 3130.502974253369, 2999.755772477163, 3363.465970717033, 1802.7156254633155, 1611.3493992538088, 2313.0469162465984, 1565.824820347543, 1753.9815937857097, 1309.0885824761422, 1886.07642975859, 1841.146579783384, 1690.4047213598042, 2363.1024619895693, 2273.808968947451]
fps.c2:[1.0460244558358291, 1.1205493340352026, 1.295344747996689, 1.0778519970836025, 1.652586084865421, 1.6508078801189128, 0.6522367187442604, 2.9501472302269467, 1.7850441074155763, 1.554133123492758, 1.414879538962429, 1.7912825224364086, 1.6326231099059874, 1.0818895448397674, 2.0101897820863726, 1.0136388690114726, 2.0076695361459995, 1.92708414203808, 1.6872844241366336, 1.3581702646766465, 1.5981201614129323, 1.3683394809701264, 2.2912208631680393, 0.9464763087280462, 1.305531523659535]
