Ri:[50, 100, 150, 200]
Zi:[100, 200, 300, 400, 510]
FC:[[3.921856542320445, 3.960929383098588, 3.988915787282722, 3.998928756114472, 4.018441901534702], [3.9496242456382777, 3.981530183887351, 4.013219318568341, 4.0319887213241525, 4.052453208090296], [4.075848731851606, 4.092459672497534, 4.126161285012372, 4.1534885800664885, 4.179303664928546], [4.374613240124896, 4.417605873172492, 4.463304371990024, 4.501076151519238, 4.530740696338615]]
FCE:[[0.02929257511645478, 0.02013606400881611, 0.016403960048799727, 0.014225365686968272, 0.012523770229743065], [0.014411984665514544, 0.009935577008567032, 0.008039359557581751, 0.006934700100150079, 0.006105070746782007], [0.010084640809657644, 0.006855782065137738, 0.005539734765550833, 0.004773447498850214, 0.004217020900204185], [0.008579738369546189, 0.0058481603397902955, 0.004726300899959609, 0.00407765233724773, 0.003604591304468056]]
fps.ts:[1622720313.7270203, 1622723735.3150601, 1622727156.9031, 1622730578.4911401, 1622734000.0791802, 1622737421.66722, 1622740843.25526, 1622744264.8433, 1622747686.4313402, 1622751108.01938, 1622754529.6074202, 1622757951.1954603, 1622761372.7835002, 1622764794.37154, 1622768215.9595802, 1622771637.5476203, 1622775059.1356602, 1622778480.7237003, 1622781902.3117404, 1622785323.8997803, 1622788745.4878201, 1622792167.0758603, 1622795588.6639004, 1622799010.2519403, 1622802431.8399801]
fps.e0:[10711.54028484904, 10712.175707797844, 10702.531813968986, 10729.544648754032, 10736.333794888827, 10739.015516731559, 10735.29193865781, 10740.845616139548, 10725.810006613847, 10729.239243797318, 10718.983231715642, 10717.102525053544, 10712.73901639234, 10736.070619593562, 10736.34762048035, 10712.672158748985, 10727.804860302973, 10709.34304621884, 10720.43236135859, 10725.518845139293, 10724.676106888082, 10730.592233100304, 10730.490456332984, 10700.20926340913, 10714.63802101763]
fps.e0u:[14.186239048254256, 14.075475015303134, 14.181919111893494, 14.149603042182294, 14.082426425528393, 14.111617466956112, 14.147367844960876, 14.132980967430514, 14.127986040581646, 14.061119073832572, 14.112406900457184, 14.090397107453718, 14.295003335549966, 14.126656912414388, 14.202493083304567, 14.146981837840029, 14.15829468979323, 14.214852433984811, 14.254173810249872, 14.17525345119472, 14.071802732389415, 14.161638216076334, 14.152122595860643, 14.092184619669583, 14.201336920191261]
fps.lt:[23467.608258784017, 21923.00599144923, 22194.47553749514, 20821.28981717376, 19777.85917115666, 19683.784363652896, 19843.835450133858, 18798.916381601433, 19322.321437625535, 20563.596004299805, 21195.186898610064, 22827.962905521017, 21980.79711380437, 19083.34926582678, 18542.976494243772, 20910.96671232432, 21345.256633622674, 22542.52970540981, 20497.772082734795, 21483.809565262018, 20333.131607892636, 19601.210750143775, 19429.636504888425, 24416.964240050736, 21560.597036182833]
fps.ltu:[2197.0651534651433, 1891.6191087144473, 1960.289175818583, 1726.112947667728, 1535.058548581854, 1530.331541220933, 1566.7768482296165, 1407.6695388636392, 1478.803251000739, 1679.9153872071558, 1780.624745732449, 2059.46256878008, 1935.567046611997, 1446.9638023756513, 1373.6913360179055, 1731.9768834214658, 1813.27875537147, 2028.8147662415886, 1686.6893288883875, 1841.3828544746043, 1629.063898823725, 1523.6784922347038, 1497.5676045153075, 2364.6791128344657, 1854.0810398840829]
fps.c2:[0.5643075922633203, 2.22299944959702, 1.4212830144672994, 1.1408688008167862, 1.8833794676569846, 2.197775035328527, 1.0675868735543341, 1.9710284441977999, 1.5544347266105538, 1.9636244859985916, 1.414354296921687, 1.720624636938714, 1.0830933435366097, 0.9016718510647099, 2.2223572742965163, 2.204791645412428, 1.5558986929420926, 1.5176678535268304, 1.5250633979002735, 1.4846824312688318, 2.490982922250041, 2.1799044659199587, 1.6309367310571912, 2.7414492442837886, 1.6968461390243943]
