Ri:[50, 100, 150, 200]
Zi:[100, 200, 300, 400, 510]
FC:[[4.056585976148276, 4.07017074368324, 4.077523633200442, 4.060600667780981, 4.075430751067073], [4.069960013618063, 4.065578293761012, 4.071517393033585, 4.0848000951394, 4.112200264852829], [4.162017502560565, 4.168888476419181, 4.188942484626559, 4.20859155176092, 4.242481694841512], [4.713262784626136, 4.749170274329724, 4.782347876966633, 4.821886067478241, 4.852718575722213]]
FCE:[[0.04616367998428596, 0.03151239123537588, 0.025173482654904714, 0.021416529686878457, 0.01893458477924408], [0.02255320360934145, 0.015158952737621892, 0.012113313171249992, 0.01045673670825625, 0.009253573660747447], [0.01576613816342997, 0.01058666358467466, 0.008527937888196755, 0.007351131842280404, 0.006527441295731196], [0.014604029272345727, 0.009903534785993205, 0.008023313640265988, 0.006868482117174335, 0.006096692770889187]]
fps.ts:[1607856777.35892, 1607860237.5067601, 1607863697.6546001, 1607867157.8024402, 1607870617.9502802, 1607874078.0981202, 1607877538.2459602, 1607880998.3938, 1607884458.54164, 1607887918.68948, 1607891378.83732, 1607894838.98516, 1607898299.1330001, 1607901759.2808402, 1607905219.4286802, 1607908679.5765202, 1607912139.7243602, 1607915599.8722003, 1607919060.02004, 1607922520.16788, 1607925980.31572, 1607929440.46356, 1607932900.6114001, 1607936360.7592402, 1607939820.9070802]
fps.e0:[10047.338390503795, 10032.86551462538, 10052.983685765628, 10042.402157039442, 10007.048252288596, 10017.573102075634, 10036.524420167441, 10055.942246416354, 10045.278703081867, 10024.570043381731, 10029.665497087708, 10068.812453522067, 10040.44128352971, 10037.966810597354, 10015.937859749358, 10033.681171404047, 10029.510947324567, 10042.240776407965, 10053.292099334973, 10063.538437661016, 10074.712383983904, 10051.678622090845, 10031.285593677814, 10044.848507882489, 10087.143858494832]
fps.e0u:[20.512008672297515, 20.51326139725248, 20.517534682621452, 20.39424190889958, 20.00413847105904, 20.470107861317505, 20.070435004462002, 19.79906629682304, 20.17378428985799, 20.073951726566364, 20.174397926710416, 20.12175660660148, 20.107944947362594, 20.14267516426547, 20.049063675375983, 20.47933169757954, 20.50643378801981, 20.299759249121838, 20.28117107687697, 20.54089982014235, 20.026525809572636, 20.285893808884683, 20.313347421271427, 20.19645466337, 20.411877158643936]
fps.lt:[15506.624805864229, 16580.938755840612, 17812.478971280954, 15455.60643443098, 19214.938471333982, 16973.488313670718, 15378.38200462037, 13652.165275706911, 14378.92566439785, 16015.632262150004, 15341.116004395764, 13010.949479569897, 14430.255734809973, 14674.58848928397, 17248.51681438049, 15312.177111296585, 14872.6915441254, 14168.580531110489, 13747.123849254678, 12770.175578660677, 12831.060409923355, 13803.744187947754, 14135.41497060707, 14122.615562121868, 11668.799309571283]
fps.ltu:[1489.0163249213294, 1703.092929270571, 1961.2496549348914, 1461.7248267416708, 2251.9213280250665, 1777.611745589808, 1435.282806276177, 1130.817068198019, 1249.9580231824511, 1567.6137180448075, 1429.497574517378, 1019.1330945132017, 1247.6138947079905, 1314.8952327101329, 1790.5772505143582, 1451.258609301689, 1366.4209723163733, 1221.865072771702, 1142.2579643323036, 1003.2827567632842, 996.2050196793493, 1154.7190278966493, 1226.257208415702, 1216.962258602729, 834.5868355123129]
fps.c2:[1.5004150553181657, 1.1108074921679052, 0.4757806247600627, 0.40314701921214335, 1.7969886317909458, 1.097131416470622, 1.4188840602361596, 2.394386465186512, 2.1404336287967207, 2.3280102303266195, 0.6900237077285903, 2.2107033635227173, 0.14924273774999278, 0.8595259635284263, 0.7179762687827705, 1.0175576544485514, 1.1281837904163028, 0.897299676710121, 1.0565742749007372, 0.6687240507723702, 1.0253017906790711, 0.44181586174590826, 1.066116880951952, 0.33569219269856787, 1.0065982748807665]
