Ri:[50, 100, 150, 200]
Zi:[100, 200, 300, 400, 510]
FC:[[3.934919862367951, 3.949341928127299, 3.9831088017674503, 3.9928736090759545, 4.007134693706259], [3.9426658866558717, 3.957054297213056, 3.9882107487697955, 4.013232418420695, 4.036455353680058], [4.056910267397466, 4.0729758890763055, 4.102727895638501, 4.131194467024455, 4.157745022831276], [4.361977172276182, 4.396818848019993, 4.436922405544207, 4.472128941076005, 4.5028757097069985]]
FCE:[[0.027239547426172822, 0.018798851102210155, 0.015481426494485117, 0.013374622733327629, 0.011842963016112668], [0.013600100125786203, 0.009247934526575564, 0.007532178113542797, 0.006520825935555399, 0.005759863935633427], [0.009465628376192593, 0.006416256043866963, 0.005192892909418009, 0.004491400861229152, 0.003969187134727488], [0.007985616155914883, 0.005425525994494045, 0.004385858812088842, 0.0037875897369369646, 0.003350231264120154]]
fps.ts:[1621687732.0247202, 1621691183.59616, 1621694635.1676002, 1621698086.73904, 1621701538.31048, 1621704989.8819203, 1621708441.45336, 1621711893.0248003, 1621715344.59624, 1621718796.1676803, 1621722247.73912, 1621725699.3105602, 1621729150.8820002, 1621732602.4534402, 1621736054.0248804, 1621739505.5963202, 1621742957.1677604, 1621746408.7392, 1621749860.3106403, 1621753311.88208, 1621756763.4535203, 1621760215.0249605, 1621763666.5964003, 1621767118.1678405, 1621770569.7392802]
fps.e0:[10733.157451501525, 10746.57768246247, 10736.151908843616, 10723.716907968477, 10735.582622945898, 10726.015914685424, 10749.706333941733, 10728.694081786625, 10732.126594597592, 10754.01248427174, 10741.069701961236, 10750.907987011438, 10738.55854565556, 10734.710346783873, 10740.117923934125, 10735.253879683109, 10755.110346578716, 10756.475022359853, 10744.676551184235, 10755.022852408407, 10749.324303947527, 10744.681248141558, 10714.676173259528, 10717.407212635648, 10716.627838205733]
fps.e0u:[13.407225304143232, 13.42661478779253, 13.363915684776751, 13.307618148102607, 13.311558018567561, 13.287277891253687, 13.288589472645103, 13.393256997347489, 13.808056487692344, 13.443898366719981, 13.35581023346034, 13.493680942002237, 13.388303049774487, 13.412362916516644, 13.40831248779001, 13.389163884898482, 13.307000631753155, 13.272583403233424, 13.238831190703092, 13.289456714803757, 13.397342523760528, 13.408922372170268, 13.543442045418114, 13.51539295620779, 13.80646012206884]
fps.lt:[19468.218561085232, 18576.843824119514, 19878.430063241358, 20298.970643672845, 19685.72944822039, 19306.99028904547, 17911.241441867198, 20444.39456173647, 19148.94771935089, 17379.723628496737, 19390.30833959698, 18186.116548674032, 19745.124094046456, 20663.49918965833, 18756.749993099413, 18975.284053767784, 18344.69540563945, 17715.29718680911, 18526.4406476217, 18848.29140058781, 18623.304874009664, 18663.001581501478, 21937.50558142709, 21970.07053132619, 22163.824004902042]
fps.ltu:[1424.315797666772, 1300.3565993221919, 1477.1601431355443, 1534.0795547699286, 1452.118616815152, 1394.7144903771327, 1197.5470382946514, 1568.0895646781548, 1416.5504563970455, 1137.5571167087028, 1409.7339637888936, 1247.7814727856182, 1463.5622568855426, 1604.698457481537, 1327.1034527595325, 1352.8135878770136, 1261.8426382419793, 1170.2622005590244, 1280.1383000598787, 1320.8297321876362, 1300.1126826278794, 1304.1228248519765, 1834.2044397886505, 1826.3911739051612, 1901.0804411174324]
fps.c2:[1.7582415612017155, 1.5537976075687587, 2.2061401938234737, 1.8720214774285704, 1.567487264126683, 4.253711706584214, 0.8279245528713269, 1.6710926894643667, 1.2127486486817423, 1.3578153797231396, 1.7934716234280748, 0.7800833074436097, 1.0733906126503876, 2.0544777043387867, 1.0183294178286368, 2.3587772675952614, 1.398354077923834, 3.2918771218405256, 1.8628381610887461, 1.102495249655353, 1.1718290598386383, 1.3396667076364042, 1.0974241563040914, 1.7605371308039075, 2.332946062260899]
