Ri:[100, 130, 160]
Zi:[50, 100, 200, 300, 400, 500]
fps.ts:[1770.811700000763, 5312.435100002289, 8854.058500003815, 12395.68190000534, 15937.305300006868, 19478.928700008393, 23020.552100009918, 26562.175500011446, 30103.79890001297, 33645.4223000145, 37187.045700016024, 40728.66910001755, 44270.29250001907, 47811.9159000206, 51353.53930002213, 54895.162700023655, 58436.78610002518, 61978.409500026704, 65520.032900028236, 69061.65630002976, 72603.27970003129, 76144.90310003281, 79686.52650003434, 83228.14990003586, 86769.77330003738]
fps.e0:[10929.716980642, 10911.790941527819, 10933.769643464204, 10923.923614236912, 10923.972383554765, 10909.366279151582, 10920.580447369106, 10919.995642730171, 10942.600215032016, 10908.177154280429, 10918.595155921514, 10906.326608436613, 10903.279698602644, 10924.032739508735, 10922.806750834252, 10922.938035732757, 10926.836658160466, 10923.243880542097, 10911.175644096886, 10911.775985266775, 10932.814987368436, 10914.354619700778, 10920.438774774853, 10914.268589585885, 10928.943340703563]
fps.e0u:[10.671379860614007, 10.718525066077811, 10.602347744158186, 10.593226486131714, 10.606819437142397, 10.655434401859612, 10.662740819300437, 10.544185175486085, 10.576113001713376, 10.650229172047014, 10.683316639968378, 10.56282258960798, 10.76312387436798, 10.549615940056858, 10.737457076337625, 10.564550662240478, 10.630485783013123, 10.717001696481088, 10.573543126176396, 10.61415659619216, 10.594735536457156, 10.64901468127594, 10.610438095247822, 10.6042997267632, 10.496352863477881]
fps.lt:[5517.0037666913895, 5601.068690258755, 5465.018249564501, 5512.2283012167, 5502.629709793228, 5570.54412414925, 5537.019279796802, 5517.577560695346, 5307.941727255399, 5574.60983006986, 5441.883761825432, 5595.497718525676, 5624.506276501528, 5481.389443125661, 5491.144088573066, 5487.011390792335, 5506.35847352477, 5452.587935163073, 5486.655095937056, 5553.187090907879, 5330.781081367272, 5512.661545763294, 5471.258857767016, 5570.067877297941, 5409.194065706405]
fps.ltu:[88.83521414645845, 91.43226594395394, 86.31629766751506, 88.04960384216338, 87.41614657691478, 90.44625703301304, 88.96249261669803, 87.73959540321287, 81.43207671268864, 90.33921968499854, 86.24237336634991, 90.54161933301911, 92.45430227962356, 86.68607333731825, 88.01163104304625, 86.68282816942279, 87.70197117183851, 86.51912923734449, 87.03888027172815, 89.39820667822224, 82.2682522654953, 88.11969192471803, 86.47117418171511, 90.00807521067132, 84.16109578858364]
fps.c2:[1.0335239124780182, 1.6520633691938325, 1.5289856196311584, 1.2585712369722433, 2.697014267432245, 1.7246546864254515, 2.11933580844256, 2.6920263110110616, 1.5924525015329682, 2.307934644036589, 2.5186883270984426, 2.1401021835445273, 2.468019560914002, 2.2372673883427114, 2.4853412061416877, 3.668563268803614, 1.3878674501032096, 2.2239809032684072, 2.6953492375791797, 1.4234954037509682, 2.2915362815197464, 2.699962070058338, 1.9034730347729103, 2.5374624798498218, 3.537770924711147]
FC:[[3.803534994721394, 3.8366339991739067, 3.8676564287091284, 3.9194526869972712, 3.9821967751754332, 4.041782552916169], [3.8691029345860444, 3.87105395634308, 3.908298373124409, 3.966976222477289, 4.025342063857392, 4.087354042042626], [3.969257285006748, 4.007395929755356, 4.049951943495552, 4.100847143131314, 4.1603701190107785, 4.21631509133334]]
FCE:[[0.028878966494265034, 0.015237958874077124, 0.009360378694111637, 0.007338141446555075, 0.006107264862458977, 0.005440132994276793], [0.02292055813519818, 0.011846217161327858, 0.007254374792058614, 0.00556394552237619, 0.004736400519673841, 0.004136217427003198], [0.018927919972010675, 0.009977491955521027, 0.006061826387883929, 0.004630571801472826, 0.003945630137915586, 0.0035103892591456403]]
