Ri:[100, 130, 160]
Zi:[50, 100, 200, 300, 400, 500]
fps.ts:[2579.0758799982073, 7737.227639994622, 12895.379399991038, 18053.53115998745, 23211.682919983865, 28369.834679980282, 33527.986439976696, 38686.13819997311, 43844.28995996952, 49002.44171996594, 54160.59347996235, 59318.745239958764, 64476.896999955185, 69635.0487599516, 74793.200519948, 79951.35227994443, 85109.50403994083, 90267.65579993726, 95425.80755993366, 100583.95931993009, 105742.11107992649, 110900.26283992291, 116058.41459991931, 121216.56635991574, 126374.71811991216]
fps.e0:[10863.828124486201, 10865.625041990694, 10878.441958447162, 10877.885336725722, 10865.048078754413, 10875.791584378241, 10861.136227425715, 10880.879956237786, 10862.134146816825, 10848.460150731631, 10861.250669199208, 10864.299634559617, 10869.239580238123, 10859.255855199492, 10862.42137206788, 10866.210793708738, 10870.687655134609, 10858.134067063163, 10862.06451066889, 10856.295009479152, 10865.222474853215, 10859.58172590653, 10860.421448272671, 10867.78334574297, 10850.666792037959]
fps.e0u:[7.846239319227902, 7.903668314759324, 7.942077248171334, 7.877444198231125, 7.816176784957935, 7.838002614160885, 7.8236427147054695, 7.859398726848853, 7.89147158151913, 7.856847784124201, 7.875252838374018, 7.878058080496426, 7.787870973987138, 7.844954450308653, 7.845382572064205, 7.861387858361537, 7.877941099425639, 7.85500149172753, 7.816374974992621, 7.844988422620654, 7.808237660491606, 7.835317296312261, 7.7857867200926725, 7.854268124940205, 7.983025090856689]
fps.lt:[5924.953576137128, 5998.614178043806, 5826.967845772509, 5902.0712645892, 5926.849637123496, 5896.737927717681, 5959.825844347712, 5761.608213477039, 5993.015248825181, 6071.475282767004, 5991.98675101455, 5975.8047070345465, 5935.668853076723, 6057.5925052811, 6002.208564104421, 5981.39869125594, 5887.302283242917, 6079.4075688269495, 6021.964488285267, 6021.641078933328, 6031.819134482195, 6053.34423094275, 6013.649809572734, 5967.849404221997, 6079.581882484897]
fps.ltu:[75.4386863262452, 77.4370264671709, 73.25704062716382, 74.82349518675173, 75.1991023726145, 74.51228658433499, 76.29279753225802, 71.23173246680605, 77.45208363216702, 79.51657492831407, 77.18986895720354, 76.88983094758981, 75.25016950321312, 78.63344118106599, 77.34932481117598, 76.67875891721403, 74.61753974982524, 79.61472932647943, 77.3488302950989, 77.88332371338784, 77.74821830550133, 78.58993481804909, 76.97426160048519, 76.26502230537218, 80.83219297162782]
fps.c2:[3.8339291382170297, 5.656755462065734, 2.724393974136433, 6.377704398752925, 4.38705239983644, 3.046257848371523, 2.60041886995217, 6.095932316795776, 3.62324623380254, 3.780123470255321, 4.4583530762128, 4.177305332278682, 3.383393878541294, 5.602291515006337, 7.384557826237264, 4.906043676597975, 4.062510787086563, 4.401205733745645, 4.179121320103102, 4.496212371452684, 4.270040825365138, 3.7326444812714943, 3.9632715761487542, 4.291551622260694, 4.389716023968925]
FC:[[3.7233340762918634, 3.739454546003757, 3.7872570514605695, 3.851647953213687, 3.913126833358027, 3.9792900530846445], [3.7331858701887395, 3.7643167992540856, 3.8185861077482706, 3.886525802931498, 3.9537857379168333, 4.019322881866514], [3.828863741670597, 3.847384780544602, 3.9008036274462206, 3.9690123294193946, 4.037217626305468, 4.112429455962697]]
FCE:[[0.020478078453303714, 0.010911297416861457, 0.006798619374446365, 0.005331124008597845, 0.004537970555242564, 0.004037602295794105], [0.015818040648778738, 0.008435409293459751, 0.0052184887870540125, 0.004100215243890204, 0.0035057036303849536, 0.003129219367322145], [0.013537037407304239, 0.007057738007460916, 0.004336237965417742, 0.0034098262054081826, 0.0029221707801956737, 0.0024935261156410343]]
