Ri:[100, 130, 160]
Zi:[50, 100, 200, 300, 400, 500]
fps.ts:[1195.8165399980544, 3587.449619994163, 5979.082699990272, 8370.715779986382, 10762.348859982489, 13153.9819399786, 15545.615019974708, 17937.248099970817, 20328.881179966924, 22720.514259963034, 25112.14733995914, 27503.780419955252, 29895.41349995136, 32287.04657994747, 34678.67965994358, 37070.31273993969, 39461.94581993579, 41853.578899931905, 44245.21197992801, 46636.84505992412, 49028.47813992023, 51420.11121991634, 53811.74429991245, 56203.37737990856, 58595.01045990467]
fps.e0:[10828.121714925324, 10845.882963033337, 10853.597481134571, 10857.94843321274, 10879.211527371646, 10854.965356181092, 10896.796532966675, 10880.582244305548, 10899.988469219516, 10886.661979949147, 10912.976854307684, 10911.88756244869, 10886.644066423807, 10897.356449983397, 10897.882074328923, 10930.860035713453, 10904.420473680233, 10890.392106843165, 10859.276748531236, 10893.2528575369, 10863.381004379364, 10875.374635185039, 10898.468957257715, 10880.466566043035, 10907.942079418734]
fps.e0u:[15.356525647602636, 15.203340502558516, 15.114403389258381, 14.963584932528406, 15.010672174746185, 14.890353402453364, 14.90473798056021, 15.055891714317418, 14.697130673493465, 14.995736200739612, 14.903546992406017, 14.98419344806561, 14.705695559756954, 14.969678848939695, 14.818456391133257, 14.894778785693129, 14.762828769450802, 14.895073234291731, 14.885459321712647, 14.908055397105809, 14.873880320527036, 14.883766599449286, 14.914976447384621, 14.89313692859786, 14.831922931770325]
fps.lt:[6322.810070254579, 6341.012846394223, 6193.782428360509, 6090.287831243391, 5965.935992311396, 6003.875775696017, 5764.051918167676, 5806.512111249862, 5762.260626767571, 5848.367513861958, 5570.161194612444, 5645.4462405102195, 5857.954121353372, 5811.477468520647, 5675.102615274201, 5676.467121984238, 5578.691658345672, 5718.457562950473, 6055.771905182819, 5634.196152945647, 5996.220260624599, 5847.6182481775695, 5623.240551775623, 5732.873246290742, 5433.9970124793535]
fps.ltu:[166.20346609934998, 166.24813182174256, 158.14376890695019, 151.1647141705061, 145.70684750108032, 146.2867987826118, 134.24860463093225, 136.97371292264094, 132.83633329324968, 138.3138563361398, 125.51227657029837, 129.42525693301317, 137.56997465003212, 136.97662217769837, 129.9395992631605, 129.25032434681398, 123.89936300955058, 130.55325595006346, 147.2564692173577, 126.79713044812476, 143.29489195547157, 136.2109497572032, 126.66401370800695, 130.94651804803698, 118.15792666614522]
fps.c2:[4.0834790271539285, 1.869260983988295, 2.14330780343455, 1.5245428186647403, 2.178412121453501, 1.567708130777744, 1.193578824938649, 1.875156872127415, 1.673730741846265, 1.1451776333846853, 0.9410928279533333, 1.2498317518990942, 0.8213813154621801, 0.9549347664749143, 1.9329838191046103, 2.027529918774279, 3.0024788703952794, 0.7791487078550988, 0.8918242733000936, 1.8358123859408804, 1.2471729578682569, 1.8002449851962181, 1.8341414585022864, 1.2997936106580865, 2.210632897428744]
FC:[[3.792349233552989, 3.81711621291819, 3.8737679583878806, 3.9355434715686193, 4.002946623226308, 4.07169041684146], [3.8163746133238288, 3.8615997884701367, 3.921858740105807, 3.9775148461237637, 4.056495102334971, 4.126928153920877], [3.9584917189989914, 3.9898231232347743, 4.049139942249434, 4.099936216999366, 4.175236448627349, 4.2485686533446545]]
FCE:[[0.04276411964291777, 0.021951711245630466, 0.013607816218695652, 0.010310781725954675, 0.008737091047081738, 0.007770732795624679], [0.032912655779079106, 0.017145737254024924, 0.01053802498391317, 0.007963772793864038, 0.006789671224726379, 0.006059870761665765], [0.02743460274237559, 0.014241363001770663, 0.008686331276679969, 0.00671452774003861, 0.005735309359299632, 0.005012182327860511]]
