Ri:[50, 100, 150, 200]
Zi:[100, 200, 300, 400, 510]
FC:[[4.0909724577865525, 4.000346435829221, 4.021786777455212, 4.063276409112831, 4.098669752672556], [4.03289830652434, 4.022032440882174, 4.053709891346303, 4.103211951174792, 4.1307761509861765], [4.158684413995229, 4.168553504626328, 4.206774165543071, 4.252729279381797, 4.28036046094223], [4.742540086769848, 4.767593007667915, 4.820357859480506, 4.883278479590045, 4.914537378546846]]
FCE:[[0.048308687670408156, 0.03173603552344246, 0.025535037634581367, 0.022348277962973284, 0.02014163694443808], [0.023258182075752316, 0.01555095641851875, 0.012698636027821694, 0.011138729748471616, 0.009947021937493548], [0.016217909435540995, 0.010939958640332327, 0.008895065423253318, 0.007765905330598739, 0.006920523663796814], [0.015151746276915774, 0.010284279646913303, 0.008398084531088066, 0.007255441467462853, 0.006464116731005621]]
fps.ts:[1608468710.6507401, 1608471806.88822, 1608474903.1257, 1608477999.3631802, 1608481095.60066, 1608484191.83814, 1608487288.0756202, 1608490384.3131003, 1608493480.55058, 1608496576.7880602, 1608499673.0255404, 1608502769.26302, 1608505865.5005002, 1608508961.7379804, 1608512057.97546, 1608515154.2129402, 1608518250.4504204, 1608521346.6879, 1608524442.9253802, 1608527539.1628604, 1608530635.4003403, 1608533731.6378202, 1608536827.8753004, 1608539924.1127803, 1608543020.3502603]
fps.e0:[10094.722550908384, 10072.218501194842, 10066.064433037625, 10107.51558923235, 10083.79848280106, 10081.183565309588, 10060.330816577234, 10085.594808574064, 10088.462947002345, 10062.162763002658, 10112.495946176565, 10072.583449114896, 10091.084828174075, 10120.186752496666, 10069.673815118524, 10082.483492415211, 10092.794558359787, 10102.359848041895, 10067.305545731286, 10083.742032929402, 10042.15394423581, 10068.436971295905, 10088.861726002555, 10076.282473263765, 10056.473850921082]
fps.e0u:[21.08778410666364, 20.678947952422153, 21.135922272533158, 20.8247126704957, 21.115704065513935, 21.214286495130715, 20.876262638615497, 21.18260865418197, 20.76174967155646, 21.134918816584175, 21.08391563324437, 21.047432551379245, 20.604305115788407, 21.24656752310123, 21.312921436139934, 21.45157633365384, 21.54747810994288, 21.173472573596033, 20.969448257787747, 21.441596906196523, 21.05064430868305, 21.370036341522486, 21.7042360382653, 21.08394951139903, 21.309236310473956]
fps.lt:[12794.457817098328, 14232.903117287578, 14554.939166957933, 13395.848677216323, 12650.523188274236, 14091.689127368267, 14329.468897231975, 13584.574988681208, 14144.76166600506, 15390.083965125203, 13107.245629238532, 13725.419903113372, 14044.973237600729, 12240.494433438704, 14941.421121022011, 13351.37144131012, 12479.660495318216, 11927.122786694974, 13585.256481821487, 13610.208479161021, 14222.085276335452, 12935.672732612778, 11634.24884660803, 13739.02325447388, 14140.929878085186]
fps.ltu:[1037.769641410434, 1268.8233075620217, 1344.5076151108235, 1126.1560635398644, 1016.0421310152772, 1265.2618429149709, 1310.1937439722742, 1172.5048159045973, 1251.628853798907, 1512.6453095317581, 1091.42817226597, 1206.5648204485808, 1236.653297458001, 956.743623699964, 1438.9899559889411, 1155.8843947739017, 1017.1813504145523, 913.5735533096757, 1178.1487157856657, 1197.7296794385768, 1312.79600382087, 1081.3712966589233, 892.5842185324469, 1219.2166827018157, 1296.360561756122]
fps.c2:[1.1696632602887824, 1.1461593266510859, 0.9663817117846611, 1.1461193534066156, 1.181063668871133, 1.1664882467799667, 1.2443612440010534, 1.0377286903580125, 1.819684146658724, 1.24635155686224, 1.3833394980678368, 1.1202609812340454, 0.7370497026774907, 1.919645321756221, 1.2734373700202928, 1.4897257636313328, 1.0950032839854804, 1.184315691424184, 1.0545314869054372, 0.912719628785766, 1.2675143796304051, 1.411068838589718, 0.9815383512339311, 1.1704166278248722, 0.8693498342498157]
