Ri:[50, 100, 150, 200]
Zi:[100, 200, 300, 400, 510]
FC:[[3.949993775747988, 4.012044734802099, 4.06507689109992, 4.0674518601978855, 4.057594714223394], [3.9992506176300506, 4.035454941253289, 4.0660606299971604, 4.0688903772750145, 4.08337793174394], [4.122264250440087, 4.150963407478234, 4.185892719293499, 4.202264320973035, 4.2271454284776375], [4.725807962886601, 4.7673225158381545, 4.809893382402581, 4.840647432179651, 4.863357620608755]]
FCE:[[0.04867909450695514, 0.03432590247872693, 0.028272665539129372, 0.02417916679787928, 0.021146155945505837], [0.024853079081204557, 0.017074620756012557, 0.013906365447763875, 0.011892334910903558, 0.010455370913482719], [0.017187188163526913, 0.011491392724295451, 0.009316336764831038, 0.008005900203303964, 0.007065807232114489], [0.01543058923148832, 0.010546242779754014, 0.008539916172664135, 0.007383371087922227, 0.006527073942792093]]
fps.ts:[1619934061.3559399, 1619937518.51982, 1619940975.6837, 1619944432.84758, 1619947890.0114598, 1619951347.1753402, 1619954804.33922, 1619958261.5031, 1619961718.66698, 1619965175.8308601, 1619968632.99474, 1619972090.15862, 1619975547.3225002, 1619979004.48638, 1619982461.65026, 1619985918.8141403, 1619989375.9780202, 1619992833.1419, 1619996290.3057802, 1619999747.4696603, 1620003204.6335402, 1620006661.7974203, 1620010118.9613004, 1620013576.1251802, 1620017033.28906]
fps.e0:[10751.156261481497, 10743.415139294033, 10791.810950821351, 10745.533639923735, 10692.806623160308, 10729.945979280332, 10753.84836813144, 10729.611059981795, 10730.487376516088, 10716.76974635072, 10707.992719466847, 10724.170017960687, 10761.438015637681, 10778.119450121725, 10729.873522984271, 10689.356786583816, 10717.187929153248, 10750.739280612474, 10735.917713788465, 10727.143850139326, 10725.719136734475, 10768.953604057033, 10766.813992304109, 10729.307619241754, 10737.3451875958]
fps.e0u:[22.684040462999715, 23.02132807650502, 23.340801041102203, 23.18281054269524, 23.305017264972115, 22.65359873278944, 22.93746538382049, 23.165115261198427, 23.140713870273068, 22.83944428216201, 22.917398351057386, 23.15256296460612, 23.17569405912971, 23.236598617977766, 23.135528591938293, 22.975559677001787, 23.10645004097018, 23.091112924877716, 23.296564747685327, 23.05060784979765, 23.5017237490329, 23.017989610580706, 23.26690397089944, 23.09208317424447, 23.4292379514075]
fps.lt:[20110.28494776122, 20057.485230929364, 14206.868226239123, 19321.135754129937, 24405.153828570146, 20146.853684508213, 17411.53195082961, 19402.41408520452, 20034.308610042335, 21311.236394099386, 23057.586250196655, 21908.5010565772, 18565.80495874311, 15457.330985408458, 22269.674196099935, 29617.944972057227, 23977.547724704447, 19120.132344980506, 18592.5276447764, 20751.288470269603, 18830.423889119338, 17007.845023956095, 18895.00921240493, 19133.046311686496, 20887.397938954717]
fps.ltu:[2583.5477338925107, 2585.4714872633685, 1324.6294273155718, 2421.8948534784918, 3904.194266672724, 2590.02088628929, 1942.6888257779901, 2438.8929373785445, 2604.929584559578, 2910.0896421316047, 3435.371999072532, 3100.8156147546483, 2232.927006489005, 1553.5847433846752, 3179.3216235856403, 5643.742757878996, 3702.755703825148, 2363.043620455053, 2263.3399172408176, 2776.790532514373, 2328.629380641691, 1865.8914610773236, 2320.213013695554, 2384.808361495354, 2903.110327804481]
fps.c2:[1.2028092373632988, 1.7286965090859105, 1.9042955930187384, 1.3293547205018414, 1.346589725140036, 2.576834853473442, 1.4559441743833772, 0.8694873814206977, 1.6533271650664356, 2.1641043685606918, 1.2781340385696942, 1.295001969694876, 1.8759413623844479, 1.5177615218169558, 1.0491179989126185, 1.254667134752525, 1.656626614601663, 1.3276111653515015, 1.615285430597955, 1.4225407773117114, 0.4130168136394215, 0.8212079238599617, 0.9600485684245779, 0.9042653112110897, 1.1187332104917236]
