Ri:[50, 100, 150, 200]
Zi:[100, 200, 300, 400, 510]
FC:[[4.017967942540935, 4.06000921946944, 4.115215078281644, 4.1458400750371505, 4.192740110168289], [4.028771201061023, 4.06836115412643, 4.110462024614093, 4.160675692305158, 4.220786600587052], [4.15787525969275, 4.209935945669618, 4.257993643452584, 4.319541442346694, 4.389472784039982], [4.784515860321231, 4.8493381850386, 4.909591020061203, 4.966948057218317, 5.035042211880696]]
FCE:[[0.04620714944836444, 0.03234779477347913, 0.02664149503299401, 0.023013712605383305, 0.020023721795724383], [0.02358650507875253, 0.016206259086577093, 0.013220122352731054, 0.011516158450623825, 0.01000989776459545], [0.016681332426402108, 0.011134024219368023, 0.009064586055349093, 0.007909091930901441, 0.00688599339947753], [0.015051093025377755, 0.010267833888742021, 0.008378621995332063, 0.007278370575593559, 0.00640764794026507]]
fps.ts:[1608202651.04538, 1608206175.24014, 1608209699.4348998, 1608213223.6296601, 1608216747.82442, 1608220272.01918, 1608223796.2139401, 1608227320.4087, 1608230844.60346, 1608234368.7982202, 1608237892.99298, 1608241417.1877403, 1608244941.3825002, 1608248465.57726, 1608251989.7720203, 1608255513.9667802, 1608259038.1615403, 1608262562.3563004, 1608266086.5510602, 1608269610.7458203, 1608273134.9405804, 1608276659.1353402, 1608280183.3301005, 1608283707.5248604, 1608287231.7196202]
fps.e0:[10173.481967992522, 10152.906314491252, 10168.827419362417, 10167.744349571636, 10144.877424079608, 10192.405467145642, 10186.99563274783, 10170.491781249872, 10226.967889878813, 10266.97322721288, 10203.383345005077, 10283.166951368248, 10171.962606355079, 10202.584880505363, 10219.648927440518, 10178.126853748026, 10166.369068986418, 10226.072278900028, 10232.579235407376, 10220.480611257486, 10204.08835656426, 10252.50069723616, 10303.11769272439, 10231.82124878688, 10235.232634489992]
fps.e0u:[21.94958909847062, 21.75952103726186, 21.944355446629004, 21.90844917099922, 22.204639749853104, 22.315928716398364, 22.129465483808353, 22.23253001585104, 21.923768746800295, 21.44091612743523, 21.30211152573625, 20.881031652283035, 20.954567376114838, 20.559190872315302, 20.595707485762535, 20.26168975919872, 20.51010054476224, 20.640228955903098, 20.500145218951655, 20.450410666398305, 20.479482959698323, 20.180804573326935, 19.82622426015621, 20.290146878568628, 20.75688809892193]
fps.lt:[9836.828464102033, 10625.429336494495, 10002.350660118058, 10108.07173879935, 10540.376615624116, 8820.118279710417, 9257.30721930694, 10023.867283641452, 8446.702623492105, 7905.2447843954715, 8874.15166550771, 7862.2717450170685, 10749.071221255788, 10009.584691528442, 9398.014595228453, 10779.552892031052, 11450.013025941735, 9951.418195499862, 9600.96149765141, 10805.9535532383, 10383.944277123977, 9405.048582549301, 8785.079020665913, 10153.733675787498, 9728.157694094665]
fps.ltu:[621.9565922989308, 718.8667944401128, 644.3075122469733, 653.6502227717588, 721.7038320410218, 508.57210285261345, 554.3305480777576, 657.3900013112797, 459.5853730119867, 395.57025445266044, 499.72465637734103, 381.5220636547461, 711.6902023712869, 602.3165268064046, 535.7363821527539, 694.142647266669, 783.8712380490336, 595.6014820391773, 550.5684467428755, 700.4791800299387, 650.0847774153705, 525.8933384319458, 456.1365528771806, 618.1105473280394, 584.0272719989946]
fps.c2:[0.9697566419710539, 1.3427179392681006, 0.9641090351754591, 1.6013776650804394, 1.1536420265996556, 1.400623722921589, 1.8338093548803098, 2.1948286654646103, 1.4538664739703338, 0.9183632610086454, 1.5969372683969747, 1.3608429495235161, 1.1256984766829667, 1.0117521840767478, 1.0158424659591474, 1.385760438623699, 1.9518227536839112, 1.4739405370521825, 1.153424838161222, 2.0223452729560853, 0.7489187148866203, 1.0506853344344607, 0.8561722992608534, 1.2802637552346505, 0.8784297369825398]
