Ri:[50, 100, 150, 200]
Zi:[100, 200, 300, 400, 510]
FC:[[4.0371156151226195, 4.109068402311913, 4.1557955617767846, 4.178796538499411, 4.195716553249856], [4.0768637513613895, 4.127994480278599, 4.165060156313973, 4.197285730322182, 4.222048351691058], [4.268223026827581, 4.302233746549774, 4.331316263857222, 4.360178045291843, 4.389944665125987], [4.863030009473414, 4.968177370419369, 5.019483470245652, 5.056687915800376, 5.075314202763389]]
FCE:[[0.0521772402306541, 0.03581809680859093, 0.029414611102205643, 0.02525044415869361, 0.022170187568875274], [0.026576475921179465, 0.01818637523714712, 0.014764262484003808, 0.012746865585827438, 0.011262573511511583], [0.018827406243569902, 0.012807281650535927, 0.010291546636452084, 0.008857414821325118, 0.007831081538927401], [0.017466617912377056, 0.01199082576267831, 0.009719869192153327, 0.008407149598542454, 0.007425501105445477]]
fps.ts:[1601968051.85528, 1601971546.01584, 1601975040.1764002, 1601978534.33696, 1601982028.49752, 1601985522.65808, 1601989016.8186402, 1601992510.9792001, 1601996005.13976, 1601999499.3003201, 1602002993.4608803, 1602006487.6214402, 1602009981.782, 1602013475.9425602, 1602016970.1031203, 1602020464.2636802, 1602023958.42424, 1602027452.5848002, 1602030946.7453604, 1602034440.9059203, 1602037935.0664802, 1602041429.2270403, 1602044923.3876004, 1602048417.5481603, 1602051911.7087202]
fps.e0:[9921.970753318294, 9971.366953968434, 9965.21214113062, 9949.034200443093, 9929.512395448655, 9922.101481328795, 9951.855140883594, 9959.450559582772, 9988.365925269305, 9948.268814159248, 9967.065824388428, 9988.866063903279, 9969.572515901058, 9925.339116066098, 9940.379822211695, 9954.003716530224, 9980.977846096774, 10005.099955380741, 9989.264643750937, 9953.434685998332, 10005.376218061518, 9981.293350789105, 9936.004429610975, 9955.318731654881, 9947.187867578603]
fps.e0u:[23.433387022428104, 23.56723151246202, 23.69323119776522, 24.017705568151282, 23.78947312076672, 23.518898941379405, 23.921146093547872, 23.97899928357712, 24.035308971558752, 23.58433793857934, 23.946925791046663, 23.406153152897474, 23.214430550607336, 23.79107200863729, 23.63910203782989, 23.7017140596334, 23.47343517479511, 23.46222258165539, 23.630372969572782, 23.68242577851778, 23.992476861296687, 23.56415213815306, 23.6229375322978, 23.729057363343856, 23.77383052381991]
fps.lt:[13508.26105973383, 12188.121639056946, 14146.63482155794, 13284.884437147775, 15826.997067894546, 15616.498404328273, 13230.326633298351, 12634.22128955058, 12128.75500009148, 14313.976818843514, 12869.560834117588, 12633.227707900873, 13442.924757557837, 17118.788380184254, 14800.739701876777, 12674.44601712417, 12118.847510429414, 12572.175922318644, 12087.474628412143, 13979.564945408178, 11308.833490781002, 12447.936214560867, 15111.810271338622, 12196.928344780847, 14834.56771977239]
fps.ltu:[1305.5441660070549, 1068.0544180376362, 1435.4309722582198, 1294.2528843385287, 1804.9199386347511, 1759.0609291981223, 1267.8937123545325, 1168.338316298343, 1077.0475012093789, 1475.5612400952061, 1205.8515506760546, 1142.1580243709575, 1282.0919223465812, 2118.951108142635, 1572.9382558602028, 1161.4752130179063, 1060.7391145965896, 1129.9750911247932, 1044.8778288933722, 1407.8412232930648, 934.638568391915, 1106.9620359309788, 1624.5464789895545, 1075.764289206759, 1593.9028284063959]
fps.c2:[1.3528034099580148, 1.179883767186208, 0.7807338726097008, 1.2169720741013408, 1.373012296578783, 1.1787702825371382, 0.7135427255308717, 1.515071036930223, 1.192488477437801, 1.0488821186182282, 1.0694753089667202, 1.3890154168565565, 1.022840058461812, 1.022501913530855, 1.1860288041162017, 1.519404337578067, 1.3249167449946517, 1.9458116374715513, 0.9998416989753728, 2.6635016184002045, 1.3326444783746678, 1.1505030575143436, 1.0657435608790304, 1.6513498724390108, 1.9632602619708686]
