Ri:[100, 130, 160]
Zi:[50, 100, 200, 300, 400, 500]
fps.ts:[1478.3750199985504, 4435.125059995651, 7391.875099992752, 10348.625139989854, 13305.375179986953, 16262.125219984055, 19218.875259981156, 22175.62529997826, 25132.375339975355, 28089.125379972458, 31045.87541996956, 34002.62545996666, 36959.37549996376, 39916.12553996086, 42872.87557995797, 45829.62561995506, 48786.375659952166, 51743.12569994926, 54699.875739946365, 57656.62577994347, 60613.37581994057, 63570.12585993767, 66526.87589993476, 69483.62593993187, 72440.37597992897]
fps.e0:[10870.877302811095, 10876.16877609162, 10887.483155430806, 10870.831126275945, 10863.396225729422, 10862.84230250372, 10876.346919381835, 10877.259619519218, 10871.665251935567, 10875.585601464907, 10882.899953694714, 10893.555814845067, 10875.275106403735, 10872.913528740499, 10856.219443105207, 10854.48404182051, 10889.884671511974, 10880.407791250622, 10879.5626747486, 10858.538910031348, 10868.087280224601, 10879.097873245062, 10879.751315657413, 10864.691753738434, 10880.283697146373]
fps.e0u:[11.093782159112628, 11.040901332710085, 11.063186677591824, 11.107554457874315, 11.266744312414001, 11.077347282343828, 11.006436583332563, 11.065704680716403, 11.125040386493007, 11.163951026352418, 11.130048159765307, 11.136216364427128, 11.213042410449205, 11.19260868476682, 11.203300830128677, 11.189565818604443, 11.13632782168904, 11.11307386655521, 11.01510263572853, 11.17254380124601, 11.03077937875335, 11.05412170657129, 10.938631611602178, 11.151616632838067, 11.033027456884096]
fps.lt:[6286.43622285338, 6238.845229077948, 6127.467798091988, 6289.867291552331, 6245.129546134752, 6294.093764593315, 6156.398163842023, 6072.787838916182, 6246.300401827442, 6153.625591181597, 6164.057788884733, 5933.2462090299, 6127.142770733397, 6315.499220549078, 6424.75911893659, 6522.709256111683, 6098.773358324511, 6148.299607654452, 6264.421752976484, 6454.027395830911, 6344.582216789098, 6319.46038426419, 6288.506955862426, 6385.733639810428, 6208.674471605278]
fps.ltu:[119.40435417175112, 116.93365231119505, 113.41724266750244, 120.02896213012471, 119.73639733920932, 119.73423293521726, 114.07933461064661, 112.033940942879, 119.00392149566513, 115.19611930115234, 115.42577060181223, 107.12405184130694, 115.12232466687779, 121.95440145768268, 126.26338113105334, 129.83238480613906, 113.36265606250683, 114.86138814928019, 117.93863004156702, 127.11023000330088, 121.56245402808237, 120.2847223452832, 118.64978542110534, 124.51806179366348, 116.40786694907077]
fps.c2:[3.0331749055656725, 1.7834060455752727, 2.176770869568304, 2.2356377661773075, 1.809056742853302, 2.9841365325213522, 3.382492940116606, 3.089366625928901, 1.940882416689957, 1.4349337396472408, 2.6607546590562943, 2.859487801363166, 3.754127572395648, 1.8286617001209895, 2.5473836845750992, 2.492958698407122, 2.1315374714415913, 1.8491374030240093, 2.431122398828462, 2.3222958407340126, 1.4320089095249813, 3.390269810265436, 2.345801741050531, 2.7971848183361536, 2.9729746825292502]
FC:[[3.850649917975026, 3.8361509316175058, 3.8772950418368795, 3.930655813587739, 3.9911672278618764, 4.061967014086692], [3.8657083567059156, 3.868176173260499, 3.924310009608896, 3.9825124128541844, 4.04718149216135, 4.119963634448428], [3.9533762534062564, 3.9896136182301616, 4.044885957930421, 4.103239154412967, 4.171167631394002, 4.243481470722348]]
FCE:[[0.030095740250414532, 0.01606003419675145, 0.009968696164759443, 0.007798231525317727, 0.0064756731758556915, 0.005775428187800161], [0.023525773302489665, 0.012451603581672648, 0.007721733974580377, 0.006048583563557712, 0.005025073817717539, 0.00449701150626992], [0.0192384492411439, 0.010593728960880323, 0.006335597575178739, 0.00495841069094292, 0.004245782132304236, 0.0037101397757301575]]
