Ri:[50, 100, 150, 200]
Zi:[100, 200, 300, 400, 510]
FC:[[4.028382435328163, 4.036397664648178, 4.068298263387084, 4.068798068245294, 4.100893793311941], [4.071888107469605, 4.052554212625178, 4.0910736489741435, 4.103293598027504, 4.122118085128642], [4.178839684409708, 4.184399577576891, 4.213334579980967, 4.235448344925668, 4.265557919506677], [4.803780439464655, 4.827075454730938, 4.867460395251722, 4.8989659903001215, 4.919971692472952]]
FCE:[[0.0498026366541744, 0.03371116341762798, 0.027508511868192014, 0.023724904221099474, 0.020379641611706873], [0.025366867814920355, 0.016906827171422598, 0.013384633363412559, 0.011522902269364902, 0.009872500118483752], [0.016502965969210383, 0.011095960710667254, 0.008958026628078453, 0.007737347163633536, 0.006855994355376426], [0.01513704437971603, 0.010242222163694834, 0.008287505312235577, 0.007163460802409988, 0.006331641599214183]]
fps.ts:[1618142589.26302, 1618145625.6830602, 1618148662.1031, 1618151698.52314, 1618154734.94318, 1618157771.3632202, 1618160807.78326, 1618163844.2033, 1618166880.6233401, 1618169917.0433803, 1618172953.4634202, 1618175989.88346, 1618179026.3035002, 1618182062.7235403, 1618185099.1435802, 1618188135.56362, 1618191171.9836602, 1618194208.4037004, 1618197244.8237402, 1618200281.2437801, 1618203317.6638203, 1618206354.0838604, 1618209390.5039003, 1618212426.9239402, 1618215463.3439803]
fps.e0:[10694.670142791165, 10712.75669369556, 10680.73958634528, 10667.619013765578, 10678.287624726925, 10662.775783432178, 10656.861732064646, 10692.928483723581, 10674.718820865019, 10686.029072584988, 10690.009739105815, 10684.299278600736, 10696.107797034665, 10677.478100625558, 10697.418903404672, 10692.416239533406, 10673.864686111741, 10696.757359783696, 10699.281592076628, 10659.902772465915, 10699.109669552634, 10692.456412846275, 10685.967367519175, 10676.306576217215, 10654.85762509524]
fps.e0u:[21.969483566012613, 21.94758366708069, 22.040094503744335, 22.23214276615065, 22.159815889427833, 21.798193279435736, 22.01974275809966, 21.77450762971508, 22.036793164160933, 22.40627813966199, 21.766709580743385, 22.113549558082678, 22.124417088961774, 22.259550593571323, 21.662206734028683, 22.184680918964172, 21.95384402257782, 22.138630802626814, 21.838555774827142, 22.1056825751094, 21.909397391362237, 22.065231140502046, 21.670537324309887, 21.86460919619387, 22.451443507031325]
fps.lt:[16133.62579287542, 17369.40237837161, 19033.602172980427, 19672.019657447596, 19938.169455847194, 22526.942374380007, 21401.515226757958, 18354.6635406601, 20950.64718559731, 18809.430582274177, 17421.722097474594, 19532.185466888302, 17522.434213031775, 18244.819630667313, 17843.54787350789, 19112.47256853335, 20321.757093789496, 18178.31237258465, 18171.93896675578, 23103.82937468291, 17508.345085431014, 17712.104222966103, 19809.40720267583, 18039.392243382943, 21898.14799223777]
fps.ltu:[1616.2263067322795, 1874.566919002228, 2273.8475055785366, 2434.2002629743197, 2476.713017386604, 3138.7673058096625, 2866.345587064334, 2082.435456379765, 2733.85281054954, 2232.5771377863844, 1862.0849477352938, 2368.751092937107, 1911.071775236214, 2088.8612836062803, 1954.8091087509908, 2285.075498235226, 2571.0182081340486, 2056.8301378119077, 2023.0409550095628, 3306.3878199258684, 1905.7867834464125, 1959.4253047024606, 2400.80368489918, 2022.7164630846125, 3044.3083075837626]
fps.c2:[1.367616968036119, 0.8410298695964605, 1.210035222563802, 0.6960772969295348, 1.2483808571503314, 0.40146861649184107, 1.183118246914277, 2.008769174520845, 1.3286495261907822, 0.408566192133458, 1.2996913366696528, 1.0755836263439327, 0.8540244705321024, 1.2882653918203668, 1.5096209364095436, 1.1211662218220462, 1.6447951133737868, 2.2380918798165497, 0.8224857545070948, 1.6283062929498224, 1.5319200936096147, 1.2546491214344528, 1.4113923066741707, 2.075950534485064, 0.48486212456281186]
