Ri:[100, 130, 160]
Zi:[50, 100, 200, 300, 400, 500]
fps.ts:[2152.993299999237, 6458.979899997711, 10764.966499996186, 15070.953099994658, 19376.939699993134, 23682.92629999161, 27988.91289999008, 32294.899499988554, 36600.88609998703, 40906.872699985506, 45212.859299983975, 49518.84589998245, 53824.83249998093, 58130.8190999794, 62436.80569997787, 66742.79229997634, 71048.77889997483, 75354.76549997329, 79660.75209997178, 83966.73869997024, 88272.72529996872, 92578.7118999672, 96884.69849996566, 101190.68509996415, 105496.67169996261]
fps.e0:[10617.253279016884, 10635.870421985623, 10644.219197753533, 10646.4783525542, 10639.16557880634, 10667.92144288684, 10684.815410915238, 10681.999775208807, 10675.84811136186, 10716.200238819742, 10707.044778249958, 10736.561585923131, 10692.545182183854, 10725.496832577366, 10753.151272789919, 10735.08770685417, 10708.511261976866, 10739.782853851682, 10756.768156354387, 10734.47136977535, 10724.223691949148, 10732.558652851681, 10739.08917780755, 10757.270001153578, 10779.197146232653]
fps.e0u:[15.774520532464908, 15.405098945842557, 15.837105634821118, 15.675862711299837, 15.721169492584725, 15.899640095260013, 15.771160775104528, 15.919845070758797, 16.019267646847922, 15.842401434024552, 15.763669819711382, 15.95412596356446, 15.91513268870747, 15.633433862786667, 15.793286850228649, 15.713123968970931, 15.58921384386034, 15.781381116570055, 15.718642106780187, 15.94553145411165, 16.1919484364854, 15.782465818524546, 16.303946486356637, 15.918544088613018, 15.741170006233126]
fps.lt:[10513.376526788292, 9808.449011705492, 10254.13251700838, 10072.422865377539, 10656.6067769282, 9822.516280990943, 9770.840876435217, 10277.254986024396, 10247.74948963103, 9852.630416532204, 9788.712270888696, 9159.623240602954, 10331.639235168599, 9679.499417402734, 9324.355638527019, 9670.550219619734, 10970.80745996694, 9784.282365346708, 9561.542815018593, 10448.880087694297, 10612.941001107689, 10663.917749417165, 10276.082472450127, 10164.53488454735, 9547.715179143432]
fps.ltu:[486.0328042138354, 417.75902776478915, 467.72061661441177, 448.1162741508528, 501.0154669397804, 430.3463392258454, 419.34762607441473, 473.8299875944812, 471.5395531623884, 429.981812664595, 423.7579488212727, 372.4964929065892, 475.8401117574124, 408.8986537027748, 382.4047716529042, 413.32074064642495, 523.4395791445588, 423.8377683008239, 403.07998162140575, 489.3469706586802, 505.89555526352103, 497.9580128791667, 477.498365324946, 458.592238367837, 401.7496086293372]
fps.c2:[1.5201049467423515, 0.9075307848733629, 1.3506675698680763, 1.9843559406686195, 1.0326808608015727, 1.3675969556733811, 0.6184301468219311, 1.2179949524916915, 1.5617149660935714, 1.1133078459772032, 1.3219187559332666, 1.150019597817993, 1.9247556483862347, 1.5622197854139093, 1.0591603930199858, 2.2558616883504707, 1.8446019792817319, 1.1268168149736204, 0.909589574473872, 0.5679959854862849, 2.3446233685633904, 1.2514679402933533, 1.8567326373495623, 1.4184099520757056, 1.529118463282063]
FC:[[3.975933833187216, 4.034284888371362, 4.05348927408831, 4.08611707792731, 4.109593649330085, 4.143560816298657], [4.038511231431638, 4.074062745466308, 4.114162459226025, 4.1446943272062615, 4.168232164592514, 4.200138978426548], [4.149595620918653, 4.1981351955419255, 4.241677958346027, 4.274586475835947, 4.2986686194833075, 4.324526627816369]]
FCE:[[0.039795281320308726, 0.023728065434806, 0.015571810348900894, 0.012182279953419738, 0.010230323130874085, 0.008994123152492066], [0.030972263771884084, 0.018297440893135262, 0.01200815688062198, 0.009422580064901185, 0.007934042347140558, 0.006995478613913996], [0.025868098780577314, 0.015418167138031692, 0.010064605760708353, 0.00793300641732484, 0.006697098270039313, 0.005910107515510043]]
