Ri:[100, 130, 160]
Zi:[50, 100, 200, 300, 400, 500]
fps.ts:[1453.753079996109, 4361.259239988327, 7268.765399980544, 10176.271559972763, 13083.777719964979, 15991.283879957198, 18898.790039949417, 21806.296199941633, 24713.802359933852, 27621.308519926068, 30528.814679918287, 33436.320839910506, 36343.826999902725, 39251.333159894944, 42158.839319887156, 45066.345479879375, 47973.851639871595, 50881.357799863814, 53788.863959856026, 56696.370119848245, 59603.876279840464, 62511.38243983268, 65418.8885998249, 68326.39475981712, 71233.90091980934]
fps.e0:[10840.209188963152, 10802.446819354709, 10833.563521052041, 10821.643647470983, 10821.186750425846, 10833.556708478942, 10822.955338771893, 10810.138833994493, 10830.311704029315, 10859.829344744267, 10794.391974724324, 10845.951946520792, 10835.539890977572, 10805.824138504242, 10844.266805032754, 10812.556419228891, 10793.959456651433, 10834.87193588525, 10801.337913142203, 10823.126897230826, 10810.50399495163, 10828.15027113931, 10818.827432750888, 10843.208023033409, 10847.918358614674]
fps.e0u:[11.143731206640908, 10.993618475600094, 11.467417132623847, 11.900266115357045, 12.668005121868223, 12.111988519891415, 11.875597193217402, 10.850141701557689, 10.961301514566285, 10.297887152029977, 10.719580176291512, 10.491110068852448, 10.869359250862972, 10.209480245192239, 10.312969026562126, 11.288513278658487, 11.589464158162706, 11.123751699632603, 11.995879226696394, 11.25790477762027, 10.751968690362999, 10.695841662923902, 10.705587637549327, 10.648148495377475, 10.592067587353348]
fps.lt:[6364.717695456148, 6601.764692532082, 6423.460540241062, 6368.1525402263715, 6256.499035865892, 6260.193800797466, 6513.9113053339815, 6489.095099862885, 6337.584915864404, 6129.227235979889, 6760.213413907276, 6074.985146663778, 6298.725001018309, 6539.093748326294, 6161.293886156542, 6517.966791894366, 6603.899289591216, 6275.224204727095, 6671.256657281472, 6432.600702900875, 6430.917181391057, 6223.275672870157, 6431.945658548882, 6171.4703621997005, 6343.734055030524]
fps.ltu:[125.65965236040296, 132.6441490045218, 130.74065716700275, 133.50012558398447, 136.57228612176755, 131.07443111789252, 138.3019712465821, 125.3829525731957, 120.42693918130816, 107.40862987920809, 135.01342698483373, 107.51589645780167, 118.98149504128051, 121.72107316595503, 108.16080707073422, 132.3402634184009, 139.9473586660905, 121.01268495095964, 146.67487736136698, 129.36528014387508, 123.9359511437037, 115.70070398190659, 122.42513986641397, 111.99809931132121, 117.19533282955035]
fps.c2:[3.6312819908957445, 6.216930103087326, 7.505712949437354, 6.450342559119851, 3.102414246001023, 6.4222409867028825, 3.8294526782217106, 6.665825546429488, 9.596332396794596, 5.830001642131625, 9.537845526982915, 8.899659398608256, 6.661106944656561, 4.705811114122569, 12.094415784257203, 6.319626385441937, 3.918276341733723, 6.9901379086334465, 5.87553115744315, 4.933633812135266, 6.464164559513355, 7.6222875761035365, 6.969320960781099, 7.802279410946692, 5.495164548348099]
FC:[[3.8402731752943775, 3.9297087121353154, 4.01591241622986, 4.055883183791543, 4.11918284940829, 4.191187599208798], [3.88913060530279, 3.9535368119855345, 4.050378865479343, 4.110249114986279, 4.167034677803058, 4.246105166098221], [4.000848308026603, 4.056420049040356, 4.183648992105271, 4.244019950848765, 4.307911768224245, 4.372884829848476]]
FCE:[[0.030627111851968952, 0.016436873317401, 0.01063630425858898, 0.008216889823537729, 0.006944524449030608, 0.006164652320727597], [0.024387955929450245, 0.012704410800853558, 0.008180057396681581, 0.006348426789705581, 0.005385052826847658, 0.0047321379316651625], [0.020158312291372806, 0.010732653448019816, 0.006666627003951459, 0.0052415393181319625, 0.004466890616404689, 0.003975016941150392]]
