Ri:[100, 130, 160]
Zi:[50, 100, 200, 300, 400, 500]
fps.ts:[1755.7580800008773, 5267.274240002632, 8778.790400004385, 12290.306560006142, 15801.822720007895, 19313.33888000965, 22824.855040011404, 26336.37120001316, 29847.887360014913, 33359.40352001667, 36870.91968001842, 40382.435840020175, 43893.952000021935, 47405.46816002369, 50916.98432002544, 54428.5004800272, 57940.016640028945, 61451.532800030705, 64963.04896003246, 68474.56512003421, 71986.08128003596, 75497.59744003773, 79009.11360003948, 82520.62976004122, 86032.145920043]
fps.e0:[10845.57905698485, 10872.906914267047, 10886.036063984615, 10884.702048641053, 10880.094975174497, 10881.758158346553, 10859.166664757035, 10861.674314529291, 10865.477120229121, 10886.37949113098, 10863.733385791085, 10885.119889265727, 10860.686854386284, 10854.73514336124, 10854.682912822276, 10859.425867889295, 10837.706452213532, 10856.276981335572, 10893.56535815153, 10850.30465495501, 10869.248424851723, 10890.466651384679, 10890.364975857066, 10869.685007084012, 10877.645195061465]
fps.e0u:[15.380947285752223, 15.449459248897092, 15.479321589353768, 15.36026234673572, 15.406477447887003, 15.189748557907969, 15.393324234551429, 15.408663220188787, 15.376793252409893, 15.21704530004658, 15.22043006038379, 15.459534400200004, 15.389174679328898, 15.3828828710137, 15.474241946555868, 15.378816238505582, 15.709719615770876, 15.294167669489905, 15.496075263937213, 15.18594704075574, 15.494903116440156, 15.291780322189021, 15.157121743841596, 15.38777237100947, 15.23868719907123]
fps.lt:[13288.480746603105, 12173.809220239946, 11185.408974738337, 11425.533795563571, 11649.863099050477, 11751.53728393164, 12243.10509179442, 12132.15533066473, 12267.512397041288, 11467.056377026196, 12156.78846641825, 11673.306239256668, 11848.695308365766, 12800.246094956607, 12377.182450751567, 12832.272126853271, 12877.211698010451, 12973.15640167581, 11068.18181322515, 13217.854389345139, 11863.767338565021, 10958.185023997064, 11412.00508690556, 12020.770742736819, 11407.768188449718]
fps.ltu:[748.8385746193668, 626.9319468220782, 531.5302505584676, 559.1210862551927, 579.8072001991766, 580.5594455146448, 637.5420397828012, 632.24262136257, 641.3082652321898, 555.3832079216018, 623.6240057750633, 582.8908734612064, 595.4125231271598, 691.8839772525536, 653.2939241153359, 698.8218591750216, 721.8694165184772, 710.2914211039623, 525.3331544915261, 731.9264970271595, 603.5625269640537, 512.3951118151801, 545.6037786209288, 613.0819140411486, 548.8939502628166]
fps.c2:[1.2625220506970236, 1.5549439443699589, 1.8004225363733253, 1.0519072332835813, 1.038052402969035, 0.800246166232397, 1.5293865474133468, 0.8238536335535911, 0.5824929451001227, 0.6513509116748103, 1.1461106230691747, 1.070367862785614, 1.214341571684692, 1.0992561590289898, 1.7983329791553082, 1.177015843507654, 0.869381175201184, 0.8482008117811491, 1.1822860651156235, 1.3021035196267614, 1.7853064877792102, 1.2833487393010707, 1.638619197121333, 2.5494540735613174, 1.5229412643248352]
FC:[[3.8395679069558164, 3.8562680330188432, 3.8761102361928605, 3.908415125000005, 3.9332031482031202, 3.958884352860814], [3.867978792891023, 3.899726913204349, 3.923995490752826, 3.948340640479407, 3.971388744973244, 3.9979451803092787], [3.971986915024757, 4.00208923514006, 4.046195255736226, 4.070600906204546, 4.101583320540537, 4.134819888925731]]
FCE:[[0.03410389022051831, 0.021121665530207907, 0.01392997688838284, 0.011053496720850818, 0.009397906218958045, 0.008293425036297214], [0.02644694269597637, 0.016469382626363046, 0.01080374961000441, 0.008546121438633748, 0.007289128931853792, 0.006445554424894307], [0.02265954516404722, 0.01397724199858749, 0.009220130015694342, 0.006936520918473705, 0.005931330546146734, 0.005267250375043066]]
