Ri:[50, 100, 150, 200]
Zi:[100, 200, 300, 400, 510]
FC:[[4.085569289237694, 4.075931818180006, 4.073616081979026, 4.083974283399234, 4.108923333049843], [4.0841025386838155, 4.0788593290987025, 4.09388480675827, 4.116642954809348, 4.148381664386413], [4.207957200614326, 4.211623816530749, 4.223592164574362, 4.247392487892803, 4.2777842421490115], [4.830544684699255, 4.865942999168376, 4.892577092696295, 4.9159254591347405, 4.935852475487851]]
FCE:[[0.03694881590199201, 0.024855540378484586, 0.020149034966557185, 0.017305132441332607, 0.015346455912392089], [0.018616503923040928, 0.012638421544659682, 0.01017930358186743, 0.008806899273607735, 0.007612468452287692], [0.012784394685662712, 0.00863081435981168, 0.006941443930764796, 0.0059873123306059374, 0.00531047965654553], [0.011708611045791973, 0.007951850895023578, 0.006429071024825742, 0.005546758018688096, 0.004911360068405197]]
fps.ts:[1612884351.0177202, 1612886948.8531601, 1612889546.6886, 1612892144.5240402, 1612894742.3594801, 1612897340.19492, 1612899938.0303602, 1612902535.8658004, 1612905133.70124, 1612907731.5366802, 1612910329.3721204, 1612912927.20756, 1612915525.0430002, 1612918122.8784404, 1612920720.71388, 1612923318.5493202, 1612925916.3847604, 1612928514.2202, 1612931112.0556402, 1612933709.8910804, 1612936307.7265203, 1612938905.5619602, 1612941503.3974004, 1612944101.2328403, 1612946699.0682802]
fps.e0:[10592.248999845559, 10635.522587324418, 10647.260075202308, 10675.195382704072, 10669.38250048956, 10675.57431903262, 10661.566807064884, 10679.412938469888, 10724.009242261216, 10698.292336636117, 10674.524614532553, 10712.872488693394, 10723.309298628448, 10682.649669910861, 10714.857405648756, 10740.978058972913, 10726.733538644856, 10729.049836648697, 10698.03891206852, 10718.572230843916, 10753.896223232923, 10715.145893658342, 10730.240534780509, 10770.887757088742, 10787.936937731185]
fps.e0u:[16.85176769055278, 17.074759334750027, 17.08801468945798, 17.262267120074515, 17.167837272573493, 17.15408994876813, 17.228350824278635, 17.27196278407871, 17.107735860331033, 17.500520010783905, 17.168632395965087, 17.116442803075575, 17.1415597706915, 17.259598717542367, 17.285970449299345, 17.304527880393017, 17.440045349771548, 17.136169209039476, 17.415615492873005, 17.141550711815473, 17.30383626823253, 17.282664019218934, 17.425663348444758, 17.25688529011487, 17.203197620611856]
fps.lt:[21154.53998563237, 18436.498219480025, 18472.03471460808, 17670.151396008336, 18581.76574724375, 18017.7143574559, 19062.72416773059, 17805.75445878661, 14166.942766097916, 17382.253954447482, 20727.85634039289, 16813.911465863905, 16006.821521372689, 19523.297808898213, 16156.918412076464, 14378.565743016936, 15642.593413615157, 16713.379097196394, 19932.504918345272, 18327.615326443927, 15031.536156974833, 18240.838900695668, 17855.251206658722, 13558.252665271104, 13719.871519419974]
fps.ltu:[2143.194043861971, 1643.8674637877118, 1645.5816091725255, 1528.8559463952843, 1664.5338556051581, 1561.2809846619614, 1773.1826723244296, 1544.4650085639903, 976.3703452163417, 1488.134451308485, 2081.188595291186, 1368.088860443803, 1245.0918000576035, 1850.4278596289985, 1275.033446652901, 1005.2923079888176, 1208.512022302935, 1349.2405592616371, 1941.7708155801822, 1613.6868540955945, 1101.6503981389958, 1614.1783462324238, 1556.0440990325103, 892.1680013738007, 913.7496891143791]
fps.c2:[1.8124076354686076, 1.1207784349146048, 2.392278284095975, 0.912359399367302, 1.6407706053191167, 0.9573178122807453, 1.4218402875124814, 1.3468015473387658, 1.3300723746604808, 0.4668874957340081, 1.0888837944841059, 1.6082735266085746, 1.3187126857803502, 2.281242774517541, 1.0203748333285694, 1.7235312519314936, 0.9736868955656662, 0.9326525742360838, 2.047927733763326, 1.4914562232225141, 1.3022720325245656, 0.8703155652325544, 1.1819593702852962, 2.5593575943317908, 0.8017815474032575]
