Ri:[100, 130, 160]
Zi:[50, 100, 200, 300, 400, 500]
fps.ts:[1779.2405999994278, 5337.721799998283, 8896.202999997138, 12454.684199995994, 16013.16539999485, 19571.646599993706, 23130.12779999256, 26688.60899999142, 30247.09019999027, 33805.57139998913, 37364.05259998798, 40922.533799986835, 44481.014999985695, 48039.496199984555, 51597.97739998341, 55156.45859998226, 58714.93979998112, 62273.42099997997, 65831.90219997882, 69390.38339997768, 72948.86459997654, 76507.34579997539, 80065.82699997426, 83624.30819997311, 87182.78939997195]
fps.e0:[10856.952490223406, 10872.0417066398, 10862.831379110594, 10862.538462557872, 10861.010649480955, 10852.025013139566, 10885.176656872038, 10870.707599007315, 10862.184797930682, 10879.211191674236, 10866.076125857917, 10867.923938194592, 10867.728117268685, 10855.183197423517, 10840.343595235956, 10857.653201532114, 10857.223183450966, 10858.288334574876, 10860.867373981206, 10858.28424703596, 10867.07155522651, 10857.186968609092, 10849.764310789042, 10872.271582969475, 10834.471344192714]
fps.e0u:[9.732924857336847, 9.771556217186463, 9.791607061126289, 9.752167460258566, 9.777805995463542, 9.809023714464027, 9.838476405499474, 9.939291389987803, 9.961602633257137, 9.806746061515451, 9.852342284453512, 9.804075547272031, 9.786332695458576, 9.826594117023687, 9.84757238054001, 9.848024301348364, 9.854625337678396, 9.76616861680186, 9.795901486869466, 9.819608316762933, 9.761171198795457, 9.90579173648022, 9.804636788588894, 9.831132623840531, 9.946293003480159]
fps.lt:[5791.343393863486, 5737.790712312984, 5960.53083310119, 5942.865851058179, 5978.078459266285, 6060.427855798344, 5788.736205735928, 5902.331297760556, 5945.499639426154, 5838.191757362292, 5762.904511989249, 5799.701159742521, 5849.411584801395, 5855.28734882147, 6006.101097565306, 5915.837694792522, 5968.565393342946, 5851.686862967367, 6025.033342264789, 6053.413916323962, 5892.911373420015, 5996.4114850517735, 6026.574582265266, 5913.892825588545, 6145.969558144843]
fps.ltu:[90.33556793984381, 88.24760543973689, 95.06430076718135, 94.5082362947788, 95.43358367943874, 98.61714997794579, 90.16334116048714, 94.64086420503762, 96.50162959607243, 91.31113370381567, 89.86240401823301, 90.53488045968551, 92.26527953422871, 92.85226083444242, 97.99132051546155, 94.57425813989539, 96.38102617836536, 91.8590877347632, 97.55035136524687, 98.52133701713777, 93.10975829394617, 97.68965680899416, 97.6018871235199, 94.34268188950298, 102.88530856010205]
fps.c2:[2.106813101681981, 1.8330628788914942, 2.9277785515913695, 3.8642329254820633, 2.059723406535526, 3.1002656337315866, 2.0131543341565146, 1.7964270485116844, 3.014677265028829, 3.287065037759051, 1.9528036010902503, 2.1860773489345724, 1.668053897891024, 3.0258542273237703, 2.6860472123344916, 3.399224850975562, 3.4260848955790517, 2.58782597514241, 2.766200080693903, 3.5363957370712105, 1.6721330201150324, 2.529368715006652, 3.8579099488674276, 4.1864680754905645, 3.4221077654049954]
FC:[[4.19877559776267, 4.212313619002489, 4.191903685873575, 4.173140247562073, 4.172097828999017, 4.1829247563459635], [4.257573423082313, 4.289369705140157, 4.264410406589597, 4.247029431462187, 4.24310490349396, 4.254293628165024], [4.40964512125571, 4.420368112187398, 4.395616431714866, 4.380696209947716, 4.379482134621829, 4.39538338600397]]
FCE:[[0.028918718665709203, 0.015859205041393484, 0.009513941586423606, 0.007222700551479297, 0.006007708965588384, 0.005239096982126372], [0.022952004664188157, 0.012160835299257225, 0.007254216374829182, 0.00551374969848697, 0.004588208253069154, 0.004012380761027959], [0.01952977604751264, 0.01005620336087075, 0.005975636792831376, 0.004553359745879512, 0.0038001323354337362, 0.0033335225987917902]]
