Ri:[100, 130, 160]
Zi:[50, 100, 200, 300, 400, 500]
fps.ts:[1743.7014200019837, 5231.104260005951, 8718.507100009918, 12205.909940013886, 15693.312780017852, 19180.71562002182, 22668.118460025787, 26155.521300029755, 29642.924140033723, 33130.32698003769, 36617.729820041655, 40105.13266004562, 43592.53550004959, 47079.93834005356, 50567.34118005753, 54054.744020061495, 57542.14686006546, 61029.54970006943, 64516.9525400734, 68004.35538007735, 71491.75822008133, 74979.16106008529, 78466.56390008927, 81953.96674009322, 85441.3695800972]
fps.e0:[10914.775469715747, 10908.21245014709, 10896.208459891692, 10897.403419006532, 10924.633098408825, 10885.590065300361, 10921.160823960878, 10938.368543303113, 10895.085963046478, 10927.46667057677, 10936.502787011843, 10913.139182357654, 10917.933933080241, 10940.509820843581, 10950.654884418122, 10938.52738305176, 10913.622699065125, 10913.099320277192, 10935.28831112369, 10901.977585388, 10905.274158857213, 10927.574055272298, 10919.443777022376, 10902.371547990095, 10922.246459539316]
fps.e0u:[15.004186866254926, 15.324596135993898, 15.271518658753017, 15.21030490383968, 15.315537476982092, 15.07704430802131, 15.355136519741988, 15.360510119468653, 15.158967850040534, 15.218708708120733, 15.14720863393023, 15.515972291166332, 15.414798860813926, 15.142769070448924, 15.277513409389643, 15.352608238910202, 15.394060499508658, 15.402614072885735, 15.251668720672459, 15.236908561416476, 15.321064091516305, 15.235579615284056, 15.295600865025365, 15.141154855921291, 15.035501330146902]
fps.lt:[6501.795974803405, 6258.710948701127, 6465.646476757339, 6658.801539419097, 6243.122253722432, 6861.988373798401, 6355.892909605474, 6223.436284319146, 6644.378402635351, 6240.843135334513, 6260.006201114588, 6438.454570137809, 6415.567124523353, 6182.3597631354205, 6012.757994200964, 6225.716760210036, 6528.290274437386, 6498.949083593816, 6217.448418046215, 6542.81249692832, 6494.121853932217, 6229.573197862057, 6404.676750462637, 6657.000480790161, 6448.326213051305]
fps.ltu:[175.8075677800639, 165.46980453980282, 174.03440122638045, 185.73417423246113, 164.54097836330016, 195.47740868659838, 169.95178627478873, 163.33958741112534, 185.06968837510453, 162.80657504759876, 162.8492954611097, 175.11818524782188, 173.26707760764225, 159.2347134386877, 152.50719731764715, 163.15453643824304, 179.78431390098206, 177.7755084644026, 161.42836954273184, 178.88251314399471, 178.24578816857812, 160.882070371258, 172.40766532186228, 184.78232547026738, 173.1909406126161]
fps.c2:[1.7879212696004934, 3.4210094742383723, 3.270744781758056, 4.04486912367058, 1.7428551938036287, 3.478268381577883, 2.5901398689311415, 2.8137819142550264, 4.147928546063247, 2.264788562947973, 2.740882524010495, 1.4036631815525564, 2.961010761353355, 1.9109428190417832, 3.6185199084583592, 1.9830214470690448, 2.3275854696136746, 2.667096043228859, 2.692547595439403, 2.324943767275082, 3.415209598360956, 2.5565794555479497, 3.0543654996651526, 2.882715631045603, 2.0357262305710373]
FC:[[3.8746466359324305, 3.9279501630630542, 4.00492536100956, 4.052427641252714, 4.112666129198935, 4.168300607905099], [3.95108008841236, 3.987287968800521, 4.05073459001739, 4.112135439709755, 4.174502522410077, 4.234268134745746], [4.090626259914814, 4.136185029226278, 4.192056905440293, 4.255374877534145, 4.337887054186869, 4.398170670838138]]
FCE:[[0.038167505712657764, 0.02164267860927112, 0.013945658250402974, 0.010960862243067299, 0.00932914070625494, 0.00829280388662096], [0.030568420161560448, 0.016966890765383432, 0.010795685234880018, 0.008534697741823236, 0.007278359806489308, 0.006488315182538746], [0.02656354169742295, 0.014424932861126434, 0.00919898018302341, 0.007267223358989263, 0.006082887160130034, 0.005409169205023352]]
