Ri:[50, 100, 150, 200]
Zi:[100, 200, 300, 400, 510]
FC:[[4.052015557914884, 3.9943517713624357, 3.9949356845246595, 4.000599736987842, 4.027973619783782], [3.97990743942432, 3.993981492894775, 4.021844617294491, 4.0383677309395685, 4.065377620563643], [4.125655605636628, 4.140408317086286, 4.168719055285407, 4.198564801218862, 4.22689453637284], [4.7399606311897395, 4.77696842570877, 4.812007376751241, 4.845618706533191, 4.871608500787851]]
FCE:[[0.050615537378361115, 0.0356855044437284, 0.028740544476271633, 0.024827799745646098, 0.021948405424431747], [0.0260589281719467, 0.017641750190676302, 0.014296195266993552, 0.011987796251285252, 0.010616094718804571], [0.017186145615756734, 0.011637289669975735, 0.009378725759460164, 0.00811848651352909, 0.007193543380291818], [0.015881094291724022, 0.010793815251032199, 0.0086995251156106, 0.007524123598293931, 0.006654015405958525]]
fps.ts:[1620481956.41428, 1620485468.16284, 1620488979.9113998, 1620492491.65996, 1620496003.40852, 1620499515.15708, 1620503026.9056401, 1620506538.6542, 1620510050.40276, 1620513562.15132, 1620517073.89988, 1620520585.6484401, 1620524097.397, 1620527609.14556, 1620531120.8941202, 1620534632.6426802, 1620538144.3912401, 1620541656.1398, 1620545167.88836, 1620548679.6369202, 1620552191.3854802, 1620555703.13404, 1620559214.8826003, 1620562726.6311603, 1620566238.3797202]
fps.e0:[10704.40109466736, 10768.250080180147, 10737.97644204355, 10735.559782520146, 10736.606169261242, 10749.893900012916, 10758.050429338688, 10708.729142147507, 10732.735327797736, 10755.580735402766, 10754.883835088303, 10781.664875619097, 10758.056216061119, 10764.434572186865, 10739.419959295596, 10725.458006130606, 10751.869612896182, 10757.951347261076, 10714.866712973935, 10709.337945294074, 10723.193490375468, 10701.80489760017, 10727.84319448418, 10757.841003335874, 10787.93979578888]
fps.e0u:[23.331466083756286, 23.846193622323224, 23.315554518562518, 23.382856338476678, 23.1185350443131, 23.382132718290467, 23.21987080709906, 23.323584629119694, 23.83329281323825, 23.201670272511937, 23.55012909957876, 23.246478158548054, 23.345215155906967, 23.59041745356789, 23.595830698937966, 23.701386200963558, 23.57785821647953, 23.365688872774903, 23.440121019559733, 23.00759617379442, 23.286963898171912, 23.851259757007636, 23.917885660436607, 23.65532010397078, 23.579541153691043]
fps.lt:[25024.805381646893, 16694.812844211185, 21813.59167431692, 21628.903445529588, 20047.793883494833, 20364.17170648963, 19873.831663955632, 20693.78316391938, 20937.197931188068, 18501.363000071513, 19507.52305549744, 16507.150752109585, 17792.884236400932, 18022.68664370009, 19844.343179450985, 20915.1397672567, 18737.50671124462, 19396.081234710953, 22498.643271014305, 26815.599711458613, 21569.58224584048, 23009.978595258668, 18695.087095685845, 17166.103444777822, 15138.015364081413]
fps.ltu:[4141.604039061221, 1863.338233126573, 3090.3203462835822, 3072.4249776567303, 2613.7019780293717, 2717.3876111705113, 2571.4084334195645, 2822.4934875588547, 2914.7923722933506, 2229.7262741807904, 2520.797647470731, 1778.7281067987374, 2092.0232998910496, 2134.9529026933787, 2607.010615563742, 2899.7332466441385, 2334.3642069643683, 2464.874087775417, 3332.8350950147565, 4644.19940379581, 3027.3507057269594, 3554.7544569583547, 2350.1331781416325, 1986.9546366902262, 1514.615517385543]
fps.c2:[1.2486101033544297, 0.8140713993760222, 1.8297419373517416, 1.036256569441046, 1.2676568503770667, 1.1353004137685292, 1.3050393018421302, 1.0576281407235528, 1.5859270083740025, 0.7208096771326148, 1.0480715349508034, 0.8460807420831861, 1.0341131499759995, 1.338091196711158, 1.186596439326078, 1.259772010474765, 1.0153020628436573, 0.6863433799382362, 1.291092673204844, 1.019537187776974, 0.975023360219123, 0.6140732811208144, 0.3776571735421064, 1.230473598168904, 0.9205838933665794]
