Ri:[100, 130, 160]
Zi:[50, 100, 200, 300, 400, 500]
fps.ts:[1786.0637600040436, 5358.191280012131, 8930.318800020217, 12502.446320028306, 16074.573840036392, 19646.701360044477, 23218.82888005257, 26790.956400060655, 30363.08392006874, 33935.211440076826, 37507.33896008492, 41079.466480093004, 44651.59400010109, 48223.721520109175, 51795.84904011727, 55367.97656012535, 58940.10408013344, 62512.231600141524, 66084.3591201496, 69656.4866401577, 73228.61416016579, 76800.74168017387, 80372.86920018197, 83944.99672019004, 87517.12424019814]
fps.e0:[10814.15312989849, 10822.41828466094, 10832.644850836406, 10845.587084129931, 10812.554012900062, 10834.693015318027, 10842.114952794622, 10834.284243807644, 10831.09740989688, 10845.218896795797, 10829.643616663076, 10823.177278462108, 10830.897558575105, 10814.598107575042, 10818.520826617536, 10820.729594460974, 10803.789149617058, 10848.520307058085, 10847.900948805896, 10806.552943093973, 10847.248348664069, 10821.453775624275, 10829.966677270682, 10823.013841818902, 10823.474926511775]
fps.e0u:[13.332587904484633, 13.331165068332492, 13.451327138731523, 13.30385460107556, 13.718136656881855, 13.324424366644271, 13.35810703661727, 13.283325606256614, 13.250333010538567, 13.476451999247994, 13.42619955355313, 13.375287165714644, 13.484575952789429, 13.523228258028416, 13.534109597113932, 13.50743416184749, 13.461841239286306, 13.466159659060738, 13.579564751846227, 13.385842777355872, 13.38870338278239, 13.439194651694743, 13.453666490524999, 13.417317812463207, 13.57185513384611]
fps.lt:[11609.652281808965, 11023.323674336252, 10975.892893255801, 10813.061284916872, 11446.120080533346, 10796.555277011174, 10545.245529985435, 10888.144177621514, 11405.898907243769, 10863.755072977543, 10921.48610102781, 11192.494944098562, 11171.716786353887, 11652.009284952539, 11551.125895163366, 11181.149462542715, 11692.435519851768, 10924.947673507999, 10612.680479724268, 11606.799643582845, 10853.123068804683, 11129.134260021623, 10951.47141607387, 11525.697020020874, 11512.474160536985]
fps.ltu:[499.58433921832835, 452.7862740854386, 450.11196837117336, 432.6073947604496, 497.0695082107597, 430.8801243051119, 414.8629687811191, 435.90297462631645, 478.6976063385222, 439.6949673757847, 443.3456624732627, 464.977226801143, 466.41140546819037, 505.37812720193574, 502.2946191833629, 469.39660293564316, 507.8503718178787, 443.68635554804194, 422.7559070553501, 503.0582965584116, 436.83348297358674, 463.8776429436974, 444.77824205643907, 492.6567217902225, 497.7309530472338]
fps.c2:[2.137591403413538, 1.503259759076593, 1.1186404799976126, 1.4842738026567517, 1.157015248865333, 2.3334211978208965, 1.5036779626720156, 1.4366540218718173, 0.8229214976283648, 1.3848123315500926, 0.8994144524799986, 1.897774892273189, 1.1172717967526962, 0.9377636695070605, 0.40620160067215516, 1.6978974806113076, 1.9088189011054764, 2.169422670065591, 1.1192139225852051, 1.272355566376669, 1.683654489188108, 1.4619580194796702, 1.3092573155854044, 1.5276766028937279, 1.1803843330168509]
FC:[[3.8352810774217816, 3.8526865064471565, 3.8825928459105152, 3.8975068310637284, 3.9224421901333724, 3.9521890864841986], [3.858308017707884, 3.893541947892959, 3.9244939394802834, 3.951153618212823, 3.974022556096866, 4.004947772331767], [3.9760999206003627, 4.011680830906742, 4.042107646840077, 4.077298369297277, 4.102434833033488, 4.133541229762899]]
FCE:[[0.030596126298156046, 0.018905019720652717, 0.01222244730837528, 0.009656140035939896, 0.007983840899025261, 0.007053106262609851], [0.023378039355595997, 0.014310811399359753, 0.00920783505028472, 0.007306976168086415, 0.006208378568867107, 0.005497816161190072], [0.01962062730025235, 0.011909871761357441, 0.007818530256054402, 0.006211541771390399, 0.005287294695301586, 0.004692979769456723]]
