Ri:[50, 100, 150, 200]
Zi:[100, 200, 300, 400, 510]
FC:[[4.032393340544177, 4.0176729854026325, 4.026948205370474, 4.038347014353057, 4.05923981691989], [3.996088456481587, 4.001681862378838, 4.034874237957314, 4.056787775180912, 4.087404276495822], [4.132377042509956, 4.1558201912817365, 4.178532346750337, 4.205475229023434, 4.236021006085418], [4.715257877976328, 4.754814039937229, 4.793883074231673, 4.82276428424307, 4.848922441673125]]
FCE:[[0.04557750076674478, 0.03098573343822966, 0.024921313818035164, 0.021483359684411382, 0.018936679927101706], [0.022539232296524117, 0.01524199235273425, 0.012373705620938423, 0.010670480742840034, 0.009202125597452595], [0.0150866337775388, 0.010196813946854618, 0.008212413768759232, 0.00707210999079485, 0.006269208937931908], [0.014085419306104572, 0.009574806409432757, 0.0077511251187990194, 0.006685265236912567, 0.005920160307917977]]
fps.ts:[1607097502.45476, 1607101063.8482802, 1607104625.2418003, 1607108186.6353202, 1607111748.02884, 1607115309.4223602, 1607118870.8158803, 1607122432.2094002, 1607125993.60292, 1607129554.9964402, 1607133116.3899603, 1607136677.7834802, 1607140239.177, 1607143800.5705202, 1607147361.9640403, 1607150923.3575602, 1607154484.75108, 1607158046.1446002, 1607161607.5381203, 1607165168.9316401, 1607168730.32516, 1607172291.7186801, 1607175853.1122003, 1607179414.5057201, 1607182975.89924]
fps.e0:[10010.507948284443, 10068.66632677148, 10060.372083485889, 10077.834096867346, 10039.164087680487, 10022.181258798604, 10058.678329025732, 10059.003976642654, 10026.293822703565, 10031.58689151924, 10049.825110812233, 10013.749039076787, 10063.117446245218, 10041.264632797274, 10056.55213483953, 10012.45025290241, 10020.196940746782, 10026.102409815334, 10050.39517617318, 10022.164998866541, 10075.580564476977, 10073.401972715805, 10047.336380379023, 10046.867975305242, 10021.102406366614]
fps.e0u:[19.86052615561025, 19.4179084485379, 19.490888156226358, 19.633965688758238, 19.37485622843482, 19.60051597817393, 19.46271673192919, 19.501694126121922, 19.56197825245825, 19.463232917270425, 19.376213444874494, 19.993363300336256, 19.63023785313965, 19.73346933201396, 19.406084425706545, 19.922300186236754, 19.71378649089622, 19.866655799090395, 19.57535914453976, 19.697144111594394, 19.65112095759985, 19.72159809832825, 19.79598518999316, 19.57275147112524, 19.911648899691226]
fps.lt:[16646.352273301043, 12900.45310471407, 13326.70780120545, 11865.620927442918, 14193.937803852403, 14774.248095960795, 12624.388783148048, 13419.004322481367, 16159.174764295807, 15094.986283185435, 13468.258006210284, 15540.172738014393, 13466.459099675649, 13896.761265239005, 13570.589295546128, 15292.526221249447, 15805.078761233388, 15365.291296903852, 14667.538750869975, 14962.158945839841, 12575.314521323668, 12439.656545853073, 14923.55362046201, 13908.480112606969, 16529.597558408805]
fps.ltu:[1658.537600005536, 977.6674115757098, 1046.4150523773062, 830.9986153615185, 1175.6733259680157, 1289.1075579396718, 930.382811958638, 1050.7347073670385, 1536.21224090581, 1332.6349155072692, 1062.4333086113966, 1437.106850333798, 1072.5083942715335, 1143.1260134349566, 1075.2135439895483, 1402.121163481594, 1474.5730729042436, 1408.868818871652, 1263.1140795166066, 1323.1631832944076, 936.8288556261368, 911.5036386862486, 1317.2286664745293, 1142.557320095511, 1631.892114409179]
fps.c2:[0.726872092232595, 1.504770205103681, 0.7533053157429506, 1.3546731147847524, 1.6288338186274804, 1.2621977834079985, 2.084446681480148, 1.1610231436126035, 1.0202196179236176, 0.5819666315312774, 1.8302586917303014, 1.6450911364398249, 1.1005969621582137, 1.5065562102442638, 0.8832565883898749, 1.0539294047813679, 0.8268069078826108, 0.9756277215862573, 2.6637001152814865, 1.514297692428357, 1.451972250733713, 1.3534058382492398, 0.7609957674656188, 1.8011582687814636, 0.7078514948199817]
