Ri:[50, 100, 150, 200]
Zi:[100, 200, 300, 400, 510]
FC:[[3.9849065522768448, 4.004176383439076, 4.022361681419023, 4.036857680347519, 4.049133689147211], [4.035487499106466, 4.041622587683049, 4.047100956141024, 4.072050538967234, 4.092547530208407], [4.149523249436166, 4.176479367180748, 4.188553163116097, 4.2179202416371515, 4.239071684529245], [4.732832619225832, 4.784836315221267, 4.820691998334536, 4.853526583577751, 4.871474173008456]]
FCE:[[0.04972306350642638, 0.033893047945984286, 0.026970280775359283, 0.023220034867986048, 0.020360002468307013], [0.02523412202904057, 0.016661171164386382, 0.013405594216759572, 0.011606516846014376, 0.010241970250062326], [0.01656260982156724, 0.01129826282828908, 0.009084197115385457, 0.007842773271240165, 0.0069112110985647315], [0.015462251684247289, 0.010560320490855134, 0.008436276723529156, 0.0072893311912988895, 0.006430151606945439]]
fps.ts:[1609159909.5977602, 1609163400.45328, 1609166891.3088002, 1609170382.16432, 1609173873.0198402, 1609177363.87536, 1609180854.7308803, 1609184345.5864, 1609187836.4419203, 1609191327.29744, 1609194818.1529603, 1609198309.00848, 1609201799.8640003, 1609205290.71952, 1609208781.5750403, 1609212272.43056, 1609215763.2860804, 1609219254.1416001, 1609222744.9971204, 1609226235.8526402, 1609229726.7081604, 1609233217.5636802, 1609236708.4192004, 1609240199.2747202, 1609243690.1302404]
fps.e0:[10023.102905739863, 10029.961455076407, 10028.847664909497, 10050.26412718868, 10028.073632115314, 10014.225608015704, 10017.086645624395, 10025.158483428828, 10037.331652075154, 10019.256247835614, 10026.466892480408, 10016.528374068967, 10069.672021169948, 10062.363777131655, 10045.6393839049, 10008.785741187863, 10036.959307315316, 10006.616238385428, 10021.831281560666, 10026.498888226663, 10033.169382559909, 10038.639119796728, 10029.598606607726, 10019.279011902994, 10033.482900154193]
fps.e0u:[20.678380989075585, 20.797831360252538, 21.096788548412, 21.386376643863148, 21.07600596287594, 21.106932331319918, 21.226224334043618, 21.110004729266457, 21.578229853007425, 21.529145009954608, 21.119572077870544, 21.140058537477394, 20.95054784075555, 21.282504441351286, 21.412318674128223, 21.364974543648596, 20.860303957858083, 21.568487892136623, 20.861474475466956, 21.42726227697586, 21.04464938585361, 21.254219823200575, 21.296876034056346, 21.407697588268615, 21.393211959783915]
fps.lt:[18615.772309588214, 20029.978936223913, 18451.935778619067, 15984.931274425278, 19456.584863317858, 21844.475120744562, 19958.67354837726, 19990.54084611827, 17851.83059534784, 20184.72540600268, 18686.04451067745, 19735.602783890536, 15562.074301111805, 15049.228969081905, 17837.13372281095, 20202.240551622603, 19883.391977905205, 20379.779937035903, 18937.273076979043, 18525.336678882246, 17243.883765527233, 19372.389342197548, 20176.598337553805, 19966.474663135203, 18540.75924203628]
fps.ltu:[2155.421258764833, 2512.286267755134, 2147.8579922295003, 1632.4380404501944, 2381.6481075842757, 2993.470107453549, 2533.8077448541017, 2506.9983171272343, 2042.9982752003805, 2605.037622950281, 2221.540358667103, 2453.5284679851943, 1525.3396250981464, 1443.207571089773, 2040.8856065599177, 2610.7329993464123, 2450.327386283198, 2667.754118512839, 2243.5408386950303, 2197.488465502212, 1891.1187146525606, 2382.0131977912233, 2602.5570141948656, 2547.359546813737, 2194.995248944539]
fps.c2:[1.0262776722408942, 1.1618923493422633, 0.9915174407468949, 1.6907006388102532, 2.249182584390111, 1.9588813249697865, 0.9946290066078282, 0.9758909371157984, 1.9583604398507686, 1.5341699856987037, 2.128962606658096, 1.8806879911920737, 1.7936876906619896, 1.7372838022910817, 1.2537974381937453, 1.4134396496668509, 2.3930146590079677, 1.3610992114856562, 1.8171922600555408, 1.9331871663250442, 1.2687688302830364, 1.4030352642779935, 1.036640726288813, 0.9062733854424161, 1.3015312702564983]
