Ri:[100, 130, 160]
Zi:[50, 100, 200, 300, 400, 500]
fps.ts:[1765.3356599998474, 5296.006979999542, 8826.678299999236, 12357.349619998931, 15888.020939998627, 19418.692259998323, 22949.363579998015, 26480.03489999771, 30010.706219997406, 33541.377539997105, 37072.048859996794, 40602.72017999649, 44133.391499996185, 47664.062819995874, 51194.73413999558, 54725.405459995265, 58256.07677999497, 61786.74809999466, 65317.41941999435, 68848.09073999405, 72378.76205999375, 75909.43337999344, 79440.10469999313, 82970.77601999283, 86501.44733999252]
fps.e0:[10946.096065965035, 10945.585703819572, 10929.78598011263, 10928.765783872619, 10945.509845395707, 10958.071198065129, 10963.047713812768, 10955.93854237284, 10965.681401429494, 10936.892485831906, 10947.183280411065, 10939.78590776263, 10964.58316425604, 10942.978073067994, 10918.318998981475, 10933.13665903881, 10945.67408129288, 10947.410159299518, 10942.603593101676, 10969.673095489994, 10934.749652845589, 10961.407854105408, 10947.222622455622, 10943.578909294461, 10951.072476178679]
fps.e0u:[12.60160855121526, 12.631286984359374, 12.580554304719005, 12.684264251822503, 12.52356015122017, 12.590573107059532, 12.705667469959158, 12.665755839171027, 12.69262882998368, 12.47713854513306, 12.621018605799836, 12.611600693689729, 12.676146483721356, 12.527577668601719, 12.535497624160447, 12.520795349368557, 12.457064401916544, 12.569052764377863, 12.543434052358798, 12.607770073841104, 12.749967376155768, 12.725590387727822, 12.757028190622036, 12.746285875825544, 12.615205625332564]
fps.lt:[9186.296676130345, 9149.702025302639, 9434.440031026852, 9518.870560164132, 9118.016566908478, 8874.019882977142, 8478.813697594098, 9052.652374100224, 8865.179395764357, 9345.84271851772, 9075.672980501178, 9018.028036261787, 8587.060151991378, 9322.464497193054, 9907.327807586207, 9066.97385872102, 9193.856547105956, 9288.601884300206, 9008.318307088135, 8561.959517548918, 9346.46872316216, 8735.435845675041, 8845.264644448376, 9168.211376716046, 8901.703473815542]
fps.ltu:[291.896708730955, 289.4537215569957, 307.7991910052303, 314.2138902808119, 286.296081989219, 272.79572716668633, 249.199594262706, 284.1138527396105, 274.1815124519057, 298.1085435586232, 284.24761461731333, 282.4889350980309, 256.6774353487996, 297.6301763465211, 337.61585247779226, 283.62938975986947, 291.18131884680946, 296.35466635635885, 278.23100945945885, 253.81306772559586, 304.941433851979, 267.56679004274406, 274.2704894126833, 293.35482740724825, 274.9055043178094]
fps.c2:[2.807255165168478, 1.2444531132488836, 2.8270127731637493, 1.0160312704996133, 1.3557313948237186, 0.7129598494476918, 1.3405311786590264, 2.5027138595465224, 2.5241648332235846, 2.2096490611489816, 2.19878182614488, 2.597353574047252, 1.157506193530789, 1.7687502183722332, 1.6605025147718362, 2.9001537788749903, 2.102116613044779, 2.4607238897895596, 1.6764958670525827, 1.6085962123263629, 1.6263926721429276, 2.136030585507643, 1.336751360964646, 1.893629621974034, 1.1705164325156006]
FC:[[3.732333930416004, 3.814782481708194, 3.8391765425907933, 3.867822405707028, 0.095492196529419, 3.9419682358166814], [3.794694511036933, 3.853814025612033, 3.883366849300975, 3.911876165182687, 3.9456800980471707, 3.986326669957524], [3.9148106812451595, 3.9629724790234047, 4.000342108928109, 4.037174530327514, 4.071134331501639, 4.111648586575932]]
FCE:[[0.02981182389125032, 0.017657959972976874, 0.011489272044582765, 0.008975187650498422, 61462.62588433588, 0.006698566076377695], [0.0230820941591936, 0.013608892423296704, 0.008819938705265599, 0.006909158577502879, 0.005851343834118465, 0.005057060080757403], [0.01963432730941155, 0.011202975307492763, 0.00722268096823541, 0.00568450273410403, 0.004827620460381736, 0.00418497780175473]]
