Ri:[50, 100, 150, 200]
Zi:[100, 200, 300, 400, 510]
FC:[[4.018168221129468, 3.9986305366999635, 4.025729767119515, 4.0290931274169655, 4.048571546788808], [3.9844682910099922, 4.0017394786673615, 4.036274352786881, 4.065553903177126, 4.092577082509343], [4.157440981011881, 4.1601129064809825, 4.192973754034015, 4.2218560756000665, 4.245950533282364], [4.726391717577321, 4.752182176927722, 4.826265416738432, 4.861126323582091, 4.883886438707853]]
FCE:[[0.047711500279613864, 0.0318736637955022, 0.025817702060634804, 0.022260911469016, 0.019560761478678537], [0.023588318011075915, 0.016096297813180234, 0.013040712302692272, 0.01126912090370751, 0.009958694256377923], [0.01702852869437143, 0.011489256463619988, 0.009307790422404398, 0.008038543284225697, 0.007091003838241236], [0.015982373542539452, 0.01086261584063728, 0.008712778952168482, 0.007521020370986887, 0.006628330486948473]]
fps.ts:[1610034313.57616, 1610037804.28448, 1610041294.9928002, 1610044785.7011201, 1610048276.40944, 1610051767.1177602, 1610055257.8260803, 1610058748.5344002, 1610062239.2427201, 1610065729.9510403, 1610069220.6593602, 1610072711.36768, 1610076202.0760002, 1610079692.7843204, 1610083183.4926403, 1610086674.2009602, 1610090164.9092803, 1610093655.6176002, 1610097146.32592, 1610100637.0342402, 1610104127.7425604, 1610107618.4508803, 1610111109.1592002, 1610114599.8675203, 1610118090.5758405]
fps.e0:[10069.072940102224, 10100.80018235303, 10082.747740533847, 10102.803596281323, 10103.758525965679, 10090.607686508838, 10095.753308665744, 10116.715469626726, 10105.27995002984, 10122.717171662085, 10075.43517729389, 10082.573126197807, 10114.971699984048, 10121.22629210444, 10070.548333598394, 10072.745456767707, 10090.535121970195, 10049.080219699155, 10089.564355364768, 10064.279385527087, 10090.323748495988, 10074.668171908557, 10087.954229680085, 10074.734399758023, 10082.327644032994]
fps.e0u:[22.148943269496197, 22.229551992427623, 22.027219617661135, 22.111712079637286, 22.218144301148318, 22.64917901162882, 22.05985776290848, 22.439099396857635, 21.996847817407946, 22.42894704407447, 22.09529129436062, 22.603237137376755, 22.14325133084177, 22.111757628937863, 22.17232649844134, 22.35477911560887, 22.240044325071786, 22.11440633790571, 21.986580439921738, 22.341155352195717, 22.384924247471293, 22.37712016627883, 22.41267821383387, 21.99545393782516, 22.43221865401865]
fps.lt:[21001.953642800563, 15243.41353410396, 19067.42300656579, 16629.5722337457, 15749.055758820683, 16910.197024213365, 17622.091214979817, 15811.951563242348, 16561.440178280664, 14620.7360668784, 20057.52780961395, 18856.463142022945, 15739.982468637729, 15722.436077751463, 20394.65157606317, 17442.709527931926, 16008.003462982166, 21105.845016735606, 18518.377636099725, 20054.95837754407, 16073.574830961055, 18457.898128935278, 17504.595323977464, 17605.68078338736, 19364.795424654465]
fps.ltu:[2893.3736340375367, 1537.1082337065163, 2405.980372071203, 1826.1730346336458, 1646.2159292282474, 1933.9367321813688, 2034.9962123514013, 1673.0443004260278, 1785.0379794030857, 1412.1903995610405, 2652.262977941351, 2366.8094202180905, 1631.9338979942443, 1619.5935878171108, 2742.9375106806006, 2000.8990820331533, 1688.2213137682222, 2945.8687084788985, 2236.9130786187716, 2670.306318921303, 1732.477103767855, 2267.718832560598, 2027.993363013926, 2038.1914907221387, 2492.042121980325]
fps.c2:[1.997389847670537, 1.2093781998932678, 1.1666233907462968, 1.4951457807898747, 0.6890436809447351, 1.699343094227292, 1.4679216429161106, 2.1151689789181054, 1.3258198808375161, 0.6734882691556202, 1.0235802841320876, 0.9849444373981727, 0.7664090938990511, 1.1615340344462477, 1.4493771419184145, 1.1291684906547552, 1.3388933716198481, 0.7116523649218158, 0.8479453220440744, 1.256037008975468, 0.6345961578433373, 0.9067670278407777, 1.0415786449145095, 0.6293076070786738, 1.6275817744568317]
