Ri:[100, 130, 160]
Zi:[50, 100, 200, 300, 400, 500]
fps.ts:[1704.1485199975968, 5112.445559992791, 8520.742599987985, 11929.039639983177, 15337.336679978373, 18745.633719973564, 22153.93075996876, 25562.227799963952, 28970.524839959147, 32378.821879954343, 35787.118919949535, 39195.41595994473, 42603.71299993992, 46012.010039935114, 49420.30707993031, 52828.6041199255, 56236.9011599207, 59645.19819991589, 63053.495239911084, 66461.79227990628, 69870.08931990148, 73278.38635989666, 76686.68339989186, 80094.98043988706, 83503.27747988224]
fps.e0:[10882.824374238913, 10853.232009658484, 10848.71339584362, 10862.671982220885, 10888.88662640252, 10892.159872654542, 10878.413579712307, 10861.876172045062, 10888.912603715631, 10867.220418533005, 10849.43226270632, 10875.49289286545, 10892.409886477193, 10878.354811005283, 10860.829662549964, 10868.577132753942, 10879.727567351807, 10871.40364934851, 10831.131014935208, 10877.17555089283, 10866.86739145819, 10874.07239541391, 10864.614193088828, 10860.94652882067, 10894.886644763666]
fps.e0u:[16.485931794231046, 16.32605202856234, 16.89846994460205, 16.75666742086395, 16.532512953789322, 16.650428108224073, 16.335577068197995, 16.433415241072517, 16.362387040113987, 16.424212026669856, 16.43282208650353, 16.38253233372249, 16.177934374232905, 16.411875219120734, 16.452731757690135, 16.625248632756666, 16.252919701338598, 16.47122139003962, 16.56329536995064, 16.46888311118698, 16.605900104023984, 16.371722424296852, 16.414065946037493, 16.719502203494788, 16.459938973856335]
fps.lt:[12080.378138011616, 13035.91335985736, 12647.563875708056, 12759.47327038788, 11560.101689363197, 11293.09752495064, 11757.851870202046, 12313.214975249752, 11381.173053032679, 12364.540459577118, 13238.43666197413, 12408.31843138307, 11425.22114231687, 12294.612629265914, 12633.232398022437, 11984.263699922632, 12668.917543457716, 12106.687377903358, 13557.768652464321, 12107.589159642805, 12166.470794616635, 12264.60271598735, 11990.8467568946, 12743.338862162524, 11615.121892748495]
fps.ltu:[667.5989020908646, 761.4173566666481, 741.6486115261556, 748.0265689007368, 612.9350838639971, 583.7224155186877, 629.1600880835116, 688.3214783550585, 586.1357847299141, 693.5490295612304, 796.7783260560939, 698.4390124991423, 585.6362288516073, 684.1269863847845, 727.5189311222334, 661.8249702588922, 723.5132463447427, 671.0227876661311, 847.0532183274374, 669.7213581355871, 681.8759355912414, 675.134471675679, 659.2041331225804, 749.1565607960954, 614.4411162684167]
fps.c2:[0.9300247690958149, 1.2224037108746366, 0.829677104221976, 1.1248829206483864, 0.7892537164534205, 0.8712108647163652, 0.4968137870181732, 0.593255328713239, 1.6178192761831935, 0.6057050691199579, 2.4523980944707993, 1.9306888680593448, 2.9287841175636724, 1.0261088352750691, 1.7165818510851463, 0.6284030098173037, 2.37701685719892, 2.6758744328222663, 1.4921315416612215, 1.3264859835457243, 1.0183864680753525, 1.0894941602338863, 0.7688046471410831, 0.76623795826157, 1.845164071901748]
FC:[[3.8141479692077365, 3.862692964603289, 3.885672240082405, 3.900666321008827, 3.924140093981216, 3.956255143470901], [3.8461312834315833, 3.8962867474966325, 3.926810578271582, 3.95184205633521, 3.9734778032296094, 4.002659152228054], [3.990736226963935, 4.026886575786768, 4.050654405228946, 4.081332168901479, 4.109372125551876, 4.137116213812685]]
FCE:[[0.036261814300589675, 0.022794702460901817, 0.015073700035448728, 0.011835171686669643, 0.010074208647116003, 0.008905230771489862], [0.028206571450994884, 0.01760626593895303, 0.011675213809350873, 0.009188109970653094, 0.007823482250548757, 0.006934606309225159], [0.023848176304481793, 0.015010483833884179, 0.009918815023596494, 0.007470157011883764, 0.006377826617887094, 0.005651656315897527]]
