Ri:[100, 130, 160]
Zi:[50, 100, 200, 300, 400, 500]
fps.ts:[1728.9485799980164, 5186.845739994049, 8644.742899990082, 12102.640059986115, 15560.537219982147, 19018.43437997818, 22476.331539974213, 25934.22869997025, 29392.125859966276, 32850.02301996231, 36307.920179958346, 39765.817339954374, 43223.71449995041, 46681.611659946444, 50139.50881994248, 53597.40597993851, 57055.30313993454, 60513.20029993057, 63971.097459926605, 67428.99461992264, 70886.89177991867, 74344.78893991471, 77802.68609991073, 81260.58325990677, 84718.4804199028]
fps.e0:[10900.408580037047, 10889.60120170618, 10923.798784424604, 10904.583706476315, 10905.725368821075, 10870.164976781913, 10881.365609178554, 10885.042148802828, 10918.044599136456, 10910.811742893646, 10904.110981748261, 10892.09803511122, 10890.697943781803, 10909.618637175385, 10895.091131995616, 10893.466472902343, 10875.283338080902, 10890.170044918628, 10864.961364009814, 10901.383224593643, 10874.935393284912, 10905.015905720706, 10904.744930871675, 10870.52387550245, 10878.484125308556]
fps.e0u:[14.502402227015194, 14.722677927281287, 14.63969677751397, 14.410362366955068, 14.452768735445758, 14.42444204380214, 14.569590271052196, 14.563403112633146, 14.138953365549813, 14.384167434352694, 14.559428945980946, 14.331705957357716, 14.379980455315119, 14.474545702610886, 14.596323106388075, 14.812735483285817, 14.337551141755636, 14.391160974054886, 14.516490909277898, 14.704784229889402, 14.750889361986676, 14.624565253268297, 14.558289681636746, 14.425121289775579, 14.407350084151888]
fps.lt:[12492.207594798747, 12323.610618627978, 11503.54485979094, 11628.543349641239, 11948.757280932345, 13099.513828042847, 12624.967560437632, 12918.051524311828, 11834.419431380165, 11852.457577095089, 12274.86942341934, 12232.2403221552, 12335.027575468497, 11988.572092604276, 12365.72474264465, 11979.609935616061, 13335.715443134724, 13234.92587322847, 13701.90265946534, 12726.134297527578, 12927.705679049603, 11661.959466485563, 11851.098155087553, 13564.173855097702, 13493.610329546156]
fps.ltu:[624.8887012117506, 615.9016501676467, 531.6818183790137, 539.3493950024015, 572.256429567003, 687.7047226409101, 643.3423470700437, 673.725576367058, 547.678687060576, 560.936734004805, 601.5069230810008, 590.7666723553273, 605.8901233433126, 573.5070819203719, 612.6993067949129, 585.8210273992813, 705.1001122769986, 697.6047231837981, 753.4860932654885, 654.36940616695, 680.3825329751486, 548.8436438121296, 563.1322848130111, 733.402213798246, 722.4774227465432]
fps.c2:[2.167406897241209, 0.806110377152675, 1.7220697314865563, 1.5560948451453198, 1.2591345699764933, 0.8356172919512619, 1.445180602887268, 2.0809195035998944, 0.947717708472254, 1.1570532252063987, 0.8009149976206099, 0.8171482234186235, 0.8748368986247412, 1.0886824123368903, 1.782118603805331, 1.010377700312037, 0.5387585259732397, 0.7895537614689316, 0.7498668882883177, 1.20750862819277, 0.43050135339235296, 0.8324236514698385, 1.705725540794136, 0.7013369650473119, 1.5673815426630795]
FC:[[3.867663217678838, 3.880091661407777, 3.8959656452646754, 3.9137753315564296, 3.944846196233807, 3.9618281584976884], [3.9289851900343034, 3.9199249135297474, 3.942975382395398, 3.967309747396753, 3.9962316870793413, 4.018683672341043], [4.028911763033477, 4.03924408894124, 4.06709350086884, 4.087838240218826, 4.120604820867386, 4.142168651220201]]
FCE:[[0.033250539591396115, 0.020289213639857386, 0.013361798140199511, 0.010559776982155293, 0.008981065139206665, 0.007898032958953886], [0.02575422705364084, 0.015667645265387647, 0.010323436895146663, 0.008197493581717764, 0.006983648606187217, 0.0060241610585977335], [0.02135194249479054, 0.013028454980892168, 0.008568364734900944, 0.006776312572586546, 0.005647831271173527, 0.004993700676894868]]
