Ri:[100, 130, 160]
Zi:[50, 100, 200, 300, 400, 500]
fps.ts:[1731.1802399969101, 5193.54071999073, 8655.90119998455, 12118.261679978372, 15580.62215997219, 19042.98263996601, 22505.343119959834, 25967.703599953653, 29430.06407994747, 32892.42455994129, 36354.785039935115, 39817.145519928934, 43279.50599992275, 46741.86647991657, 50204.2269599104, 53666.587439904215, 57128.94791989803, 60591.30839989185, 64053.66887988567, 67516.0293598795, 70978.38983987331, 74440.75031986713, 77903.11079986097, 81365.47127985477, 84827.8317598486]
fps.e0:[10852.949966559352, 10853.27623258575, 10867.775215674219, 10876.45697855124, 10877.361846964064, 10887.613028879787, 10885.764578137545, 10866.393769337365, 10857.524743572245, 10848.634129883125, 10847.943746920871, 10848.762783930028, 10873.701224915545, 10871.488233308044, 10874.90918041216, 10866.997070509922, 10897.419827630454, 10887.162298729498, 10860.893794447664, 10877.244131010913, 10888.897858446899, 10884.24516426635, 10890.325542917139, 10859.959346773965, 10884.420570985832]
fps.e0u:[12.992773981711268, 13.055769602352065, 13.01560600660797, 12.922075274075267, 13.162207427664082, 12.883045728078336, 13.048991117086405, 12.965027707324994, 13.112760908899324, 12.991230920944687, 12.975404081987053, 12.983224906309593, 13.065408990150292, 12.911349458867738, 12.976950203506126, 13.142729537750094, 13.150061507594538, 13.011905284012405, 12.943917470050913, 13.0646804842904, 13.025301803385936, 12.965104351074412, 13.009586251191845, 13.070449139528403, 13.164706138486542]
fps.lt:[11608.193334578644, 11140.948474838087, 11165.626047029004, 11087.661945784102, 10799.95137864304, 10647.765366228894, 11021.561513463406, 11687.422211285762, 11640.50565140585, 11969.505999378564, 12157.52140530416, 12031.992551247948, 11134.71889740729, 11449.731310861343, 11155.605560263457, 11787.341658665773, 10725.403468687311, 11037.979834704875, 11667.360588464726, 10938.170235986798, 10902.234733446683, 10936.467141647128, 10847.337202295434, 11528.277639859089, 10925.630827416067]
fps.ltu:[483.8054974197874, 443.71658347566137, 446.36274602801313, 442.1149428108769, 422.4891209499134, 403.05455914782794, 437.20859114105104, 489.1166958287327, 489.49511662757703, 514.7012312278464, 532.4489280806716, 518.8079478946844, 446.8794644176248, 466.5535952028706, 446.044833215921, 502.95494164865613, 414.8987243716717, 438.368492827981, 487.2151728060246, 429.8659358944327, 426.09764733716736, 427.2069807092287, 423.7794783664419, 477.90472064925615, 432.0806612598019]
fps.c2:[2.9593448639611566, 2.1632180650236856, 1.8504701573436388, 0.6187916352344482, 1.817996198706653, 2.045137599231764, 1.2550278196964078, 1.5997719654874167, 1.906997951246852, 1.175044735867436, 1.8385130866177268, 1.583496804852352, 1.0367708706204593, 2.526152300442085, 0.8724800793023898, 1.5027032367562445, 0.8163558566606635, 1.5229990405546507, 1.3191200984110973, 3.005882355994882, 1.7032919441604177, 1.0361662628211432, 1.4836484044518974, 1.51614765781865, 2.6728894755975836]
FC:[[3.8426156265556335, 3.8611490908457493, 3.8809039578001245, 3.8962214896351735, 3.925419059508715, 3.9507951047277983], [3.8664714083059275, 3.8827235519895904, 3.912967161949223, 3.9357438316272884, 3.96704353609738, 3.9971521322851244], [3.986558094836707, 3.9953806892114825, 4.037470808850007, 4.065375542485461, 4.097198055174966, 4.12785458771738]]
FCE:[[0.02960547663924014, 0.01822054915607735, 0.011986423138337034, 0.009413741169293152, 0.007989113381856488, 0.007013663405487589], [0.022787408318337643, 0.013991162231230331, 0.00920833826020713, 0.007257249065707576, 0.006181035912962483, 0.005318981250268262], [0.01905741081384286, 0.01184043354992972, 0.007606048281857679, 0.0060084649135304135, 0.005119872806630071, 0.00453099165866032]]
