Ri:[100, 130, 160]
Zi:[50, 100, 200, 300, 400, 500]
fps.ts:[1294.3861600017547, 3883.158480005264, 6471.930800008773, 9060.703120012284, 11649.47544001579, 14238.247760019301, 16827.020080022812, 19415.79240002632, 22004.56472002983, 24593.337040033337, 27182.109360036848, 29770.88168004036, 32359.65400004387, 34948.42632004738, 37537.19864005088, 40125.970960054394, 42714.743280057904, 45303.515600061415, 47892.28792006492, 50481.06024006843, 53069.83256007194, 55658.60488007545, 58247.37720007896, 60836.14952008247, 63424.92184008598]
fps.e0:[10904.850417174492, 10905.985742164545, 10892.724611347336, 10918.818391882127, 10924.832781965368, 10910.798598211615, 10890.641503907022, 10902.46899967195, 10909.407408052333, 10911.221276148188, 10913.17842262262, 10922.639369625793, 10935.008461662635, 10920.477704575353, 10895.655141594501, 10927.564547349903, 10929.435850025593, 10928.387487246799, 10909.026342992065, 10905.148834093707, 10917.173723711141, 10923.881959683913, 10911.49589080768, 10913.030865638679, 10924.413440791239]
fps.e0u:[16.12495164962754, 15.943142576608206, 16.345283577975646, 16.0579238150615, 15.935601335924087, 16.216156805033673, 16.33624464135098, 16.338809552294084, 15.993841197915007, 16.273178066508628, 16.234383558098582, 16.275943630842097, 16.104776035215668, 16.118491965651238, 16.190098269887788, 16.24962979288152, 16.206113572594163, 15.91678966697971, 16.011139899617884, 16.128996458907157, 16.300204593668067, 16.09384135933632, 15.861168885738023, 16.215427827450743, 16.167871532413283]
fps.lt:[12688.304890328602, 12448.014114005106, 12930.284518465267, 11954.457952104169, 11448.341793241138, 12384.007013820792, 13211.90430604688, 12688.891005266045, 13629.427085511243, 12683.77609908745, 12156.85974363638, 11412.041011429323, 11737.715017352926, 12363.932739871123, 13357.716013713316, 11569.674773106679, 11735.064890157058, 12203.390796140984, 12253.98878955528, 12312.306093002342, 11852.587232452994, 11736.950401705639, 12901.354011456333, 12511.115930947255, 12451.159568225774]
fps.ltu:[713.52934504101, 687.618813569834, 754.6471538797674, 632.4943709208234, 581.287628468527, 683.2086452872674, 780.6315508758908, 725.4560188747914, 820.045810998271, 726.8826559844339, 658.5323420168386, 589.674040364484, 616.3858203079398, 679.6219272559266, 802.3056842795229, 601.1499517762413, 615.8530394093258, 656.4244161855811, 673.4940108288712, 679.6353571906345, 627.4432171275862, 612.9184231388072, 736.0761837099703, 705.6709920953352, 685.9057155430199]
fps.c2:[0.7944324384273169, 1.51889321797199, 2.044616304597425, 1.5991040931410991, 1.7684570885404214, 2.418784195792825, 1.25737254065566, 1.541793107060638, 0.7830846170248041, 1.3486928662756699, 0.6787060370346901, 1.010297169937981, 0.9167750720015361, 1.1815862983338739, 2.543404281900434, 1.0342826112431478, 1.184363903710008, 0.9006478689561173, 0.8458825599780031, 1.36074057324636, 1.1277149162775841, 1.1933567801682974, 1.2012812370704788, 1.2018667279257236, 2.06420575113584]
FC:[[3.8183662872080286, 3.8616420899528006, 3.8810138998484724, 3.8963610523748082, 3.918046269885227, 3.945205005392989], [3.8726142931390757, 3.912114912339366, 3.9318418976514415, 3.946847464658706, 3.9699298612460376, 3.995738697757791], [3.976537737357725, 4.022280521947162, 4.052891509111663, 4.068526072463996, 4.095904463606909, 4.1269262265936995]]
FCE:[[0.0354621149098891, 0.022290759034364522, 0.014649448461244496, 0.011519325823062462, 0.009792304900518694, 0.008653490319798526], [0.027654745808616973, 0.017258637862914296, 0.011390676812817847, 0.008957124843777803, 0.007622294889175202, 0.006751118083572554], [0.02350826729627801, 0.0143027573936602, 0.0094318271606596, 0.0074319699864264935, 0.006339073628900761, 0.005504790005973425]]
