Ri:[100, 130, 160]
Zi:[50, 100, 200, 300, 400, 500]
fps.ts:[1686.8865399980546, 5060.659619994163, 8434.432699990273, 11808.205779986381, 15181.978859982491, 18555.7519399786, 21929.52501997471, 25303.298099970816, 28677.07117996693, 32050.844259963036, 35424.61733995915, 38798.39041995525, 42172.16349995136, 45545.936579947476, 48919.70965994358, 52293.48273993969, 55667.2558199358, 59041.02889993191, 62414.801979928015, 65788.57505992413, 69162.34813992024, 72536.12121991634, 75909.89429991246, 79283.66737990855, 82657.44045990467]
fps.e0:[10768.463717630193, 10753.61499831929, 10767.706367471712, 10765.724852489786, 10774.563713502499, 10772.126516537943, 10779.512733325397, 10762.259314549236, 10788.007147189688, 10786.186077619714, 10773.206989429867, 10782.361219433362, 10781.663279498482, 10790.986634321685, 10783.163834914389, 10786.447438104231, 10788.744356278894, 10783.427732580241, 10787.987354549354, 10796.840814289428, 10779.32331496819, 10797.719302567295, 10791.149909650028, 10796.172268628812, 10801.893237700062]
fps.e0u:[6.86570633669146, 6.890543459295336, 6.84329919976773, 6.85224023108338, 6.819211072657117, 6.824742570658482, 6.894677320968051, 6.820826951785569, 6.880888171790878, 6.876964640911635, 6.923862517559563, 6.862685955231115, 6.829820792052055, 6.837031560211877, 6.857498811853614, 6.888553581455582, 6.859803219591238, 6.858624394497677, 6.857212490022997, 6.863849835554146, 6.872459980051528, 6.831233199011723, 6.843771306682485, 6.867853228854873, 6.919697199055681]
fps.lt:[7561.431642682281, 7933.922388156819, 7695.26098912523, 7822.021572722078, 7688.780526022947, 7779.776710561485, 7658.2241229712645, 8034.481274284839, 7604.328091935067, 7662.548638451911, 7806.44758245879, 7751.4745270335725, 7783.8842910806925, 7671.719971880803, 7804.878002203755, 7770.518442001048, 7721.784917949437, 7780.9161009064965, 7804.738325194371, 7673.809645821347, 7937.546023866664, 7633.829349534165, 7728.833704590874, 7716.888516225881, 7626.498141145433]
fps.ltu:[109.55094588847301, 121.02032186749159, 112.73234066304056, 116.63710418390524, 112.6688312239819, 115.2704104461757, 112.25790769833469, 122.8594334209645, 110.78877325334791, 112.47668654422215, 117.15217732838948, 114.71132074620543, 115.44969036065028, 112.11668577279234, 116.37839803022382, 115.56273182036269, 113.52251408175701, 115.55585516393579, 116.02639950682496, 112.7475198597831, 120.40538383461188, 111.01344031819458, 114.2965003917661, 113.75958526204136, 111.86555955359911]
fps.c2:[3.2412799539240114, 3.6648322865675977, 3.636564277039632, 1.9018253405294745, 1.9282686932491655, 1.5826651703324275, 2.1512300879983295, 2.576327621548603, 2.0072607701572047, 3.799043781011469, 2.6305157777312322, 2.8532357184408474, 3.9407769054832973, 4.5324075520088405, 3.4824381030900255, 2.7472942519589263, 2.939424812850309, 3.7968250078191796, 1.9410650093297037, 3.657111475512669, 3.582652509189128, 1.9235464484456561, 2.1172487438306398, 2.9575297831669, 3.1699752348859396]
FC:[[3.8307280540810624, 3.8476819829258777, 3.8680725891672156, 3.9009109184802235, 3.940366209342595, 3.9780710716614287], [3.885911152008496, 3.897829865186426, 3.9228061539587133, 3.958044155600232, 3.998331615590542, 4.039683359877248], [4.023388673952654, 4.037048458239782, 4.0657285726221275, 4.100570367684414, 4.140292088743368, 4.186466707598635]]
FCE:[[0.017690774500315528, 0.009748406832127816, 0.006187880251380625, 0.004845150245369935, 0.004120007229672915, 0.0036533288387869418], [0.013450937267994312, 0.007576816213215398, 0.004815646615056631, 0.0037758412163722086, 0.0032147688745463583, 0.0027904350652330984], [0.011278245748231025, 0.006332227105286492, 0.0040185146905836805, 0.003151642219474977, 0.0026832358959357166, 0.0023429909354432334]]
