Ri:[50, 100, 150, 200]
Zi:[100, 200, 300, 400, 510]
FC:[[4.051759126818046, 4.049403609595134, 4.063253464652974, 4.072818332936235, 4.08621158036894], [4.027281749646404, 4.039366456850792, 4.0481078450589525, 4.065790693015565, 4.09700209244972], [4.148787567065122, 4.17035095888361, 4.196588730408328, 4.223381934711329, 4.257065587643706], [4.7652185035546255, 4.82356348136325, 4.8594937425441325, 4.886682758973067, 4.9090975804409975]]
FCE:[[0.03967815509676423, 0.027218765965041664, 0.022153859062338306, 0.01907316437546761, 0.016735596571584296], [0.020072627918698963, 0.013590370112420716, 0.010942358510529875, 0.009434924246563062, 0.00832341145865635], [0.013610271338532915, 0.009189416824352167, 0.007416639181517479, 0.006400899865831644, 0.0056648653476528725], [0.012741875662928507, 0.008599985771895321, 0.0069614928259518006, 0.006003353899025208, 0.005306609957430608]]
fps.ts:[1604314806.12642, 1604318247.7312603, 1604321689.3361, 1604325130.9409401, 1604328572.5457802, 1604332014.15062, 1604335455.7554603, 1604338897.3603, 1604342338.9651403, 1604345780.5699801, 1604349222.17482, 1604352663.7796602, 1604356105.3845, 1604359546.9893403, 1604362988.59418, 1604366430.1990201, 1604369871.8038602, 1604373313.4087, 1604376755.0135403, 1604380196.61838, 1604383638.2232203, 1604387079.8280602, 1604390521.4329, 1604393963.0377402, 1604397404.64258]
fps.e0:[10031.620229031148, 10027.835888457448, 10035.027098760322, 9998.567995122954, 10008.361580739856, 10021.478364894987, 9979.760977370603, 9988.993950116532, 9979.82386393692, 10028.189421746543, 9992.286644737846, 10001.018538415865, 9998.292129038216, 9981.341108625595, 9992.920329259641, 10000.03151009948, 10018.582168337403, 9990.236887356004, 9991.597048532232, 10008.466596867442, 9991.473947516532, 10013.434039874666, 10046.265616037637, 9968.230455603723, 10023.875839415405]
fps.e0u:[17.2021384871485, 17.37578337580439, 17.13867549942587, 17.582386605170377, 17.209931375911978, 17.25130995194272, 17.428148043279812, 17.151055612719684, 17.318649804101007, 17.095166804351365, 17.41746963977935, 17.306873517757918, 17.609000381820817, 17.684792463697768, 17.384783420092308, 17.31917053356998, 17.306500244147113, 17.344369672589316, 17.552587405686882, 17.217307673822265, 17.35288612482384, 17.340276558931677, 17.388647678384473, 17.505285309519152, 19.98266834012956]
fps.lt:[15206.987138125874, 14609.05085825545, 14434.556046382288, 16107.242867920168, 15249.98338577832, 14960.739133654153, 17358.063109155417, 17324.25835085842, 16931.70981156795, 13975.422268707174, 16613.18478028936, 16606.376984084356, 15340.639313774698, 17122.753891270266, 16417.84375097316, 17572.606967297408, 14209.924873894632, 17132.66019533694, 16506.702769085405, 16180.008261030267, 16926.938756018502, 16345.323433731834, 14118.776470496341, 20200.205406851197, 14518.593804774684]
fps.ltu:[1188.064735156817, 1108.381220984132, 1074.3258843279707, 1359.1039964276488, 1204.2403788484055, 1156.375037530411, 1579.402793959845, 1556.877856942842, 1502.7474569602762, 1007.6135710219057, 1448.0877440049117, 1432.4026608856984, 1251.3294624719563, 1552.320299516892, 1415.1306834202733, 1604.3903471717, 1053.0464337872809, 1539.397534525417, 1433.1583463911163, 1350.8834954927372, 1493.5355375348765, 1379.0665344462898, 1039.18344659687, 2135.229950115632, 1267.4538814259647]
fps.c2:[2.0398000525149946, 1.5680381257118339, 2.499338140490448, 1.3082647032343941, 0.8192651317775765, 0.8067351536471485, 0.5891123601516433, 1.52142512986963, 1.2856730280934436, 2.6237475235882117, 0.800534854441517, 1.2574725640002231, 1.107183066861233, 1.559117452971764, 1.6515872731097156, 1.3257532334613744, 0.6885041650904697, 1.048496658034798, 0.7378205346844742, 1.588080453336882, 1.0782394247433298, 1.1723712325655624, 2.050829734948553, 2.492824013252383, 1.5652131103690783]
