Ri:[100, 130, 160]
Zi:[50, 100, 200, 300, 400, 500]
fps.ts:[1841.6190399980544, 5524.857119994163, 9208.095199990272, 12891.333279986382, 16574.57135998249, 20257.8094399786, 23941.04751997471, 27624.285599970815, 31307.523679966922, 34990.76175996303, 38673.99983995914, 42357.23791995525, 46040.47599995136, 49723.71407994747, 53406.952159943576, 57090.190239939686, 60773.428319935796, 64456.6663999319, 68139.90447992801, 71823.14255992412, 75506.38063992023, 79189.61871991634, 82872.85679991245, 86556.09487990856, 90239.33295990467]
fps.e0:[10874.75757072986, 10856.551023148379, 10872.556838799363, 10863.416657765027, 10864.46217178957, 10861.307068801225, 10869.317252673056, 10891.061466436102, 10865.731731118998, 10855.945406362336, 10855.66576529579, 10886.399973824298, 10856.613464300226, 10862.147935442226, 10872.009667235321, 10870.95774401103, 10854.686979085014, 10865.443738183756, 10866.753531002685, 10879.252324682144, 10860.588868295577, 10897.055246132677, 10884.592985754201, 10871.345726606169, 10886.781907592831]
fps.e0u:[10.732287456600812, 10.780849283005773, 10.731857008174833, 10.67698568911172, 10.81493430246516, 10.914631229930501, 10.7627106139201, 10.764653317562226, 10.83266423789923, 10.825612083191869, 10.793802161045262, 10.710359964155508, 10.823942063856046, 10.760922736242303, 10.720367125825565, 10.620577759943641, 10.7610871043658, 10.900281894311656, 10.803275974808402, 10.761227142855452, 10.63071153922455, 10.796286454189962, 10.665597295020374, 10.784039966941885, 10.797774764238238]
fps.lt:[6427.7889490159305, 6637.804365931558, 6446.155880790027, 6699.961776296654, 6580.434926772614, 6612.163539855667, 6562.040008935795, 6332.061168526304, 6576.281221899631, 6728.254152064975, 6703.771490601239, 6341.530806711711, 6695.604094452707, 6721.643316598339, 6566.964158508256, 6522.073564535672, 6657.7605002236905, 6548.97275876737, 6509.496850980954, 6416.351712692949, 6613.53597402534, 6342.149666232657, 6448.290844550802, 6547.316670536675, 6446.757852494073]
fps.ltu:[121.02654689746083, 129.90883183428647, 122.04944013631807, 131.23924140608872, 127.67475207873821, 130.33208392340475, 127.06898834842725, 117.74879891423689, 128.08550746942612, 133.77429232286457, 132.96356807165486, 118.17081454338522, 133.19422425304325, 133.3638223012711, 127.10643655184381, 123.76604348286985, 130.55206468855638, 127.99706340554718, 125.14117502777873, 120.84362387734618, 127.0024870830347, 118.31897716293038, 120.61780905398636, 125.79619901277488, 121.97339110889921]
fps.c2:[5.0498015002006, 2.8288859350969515, 3.071677678798743, 3.510792671168399, 2.4265205964342647, 2.353927511940202, 2.454741472556364, 2.991405948785553, 2.822208160625496, 2.9228686746962156, 2.7889035228432286, 1.863418210626332, 3.932495626681536, 2.383880423941456, 2.586001151462697, 3.5222264117036852, 3.1331720725376906, 2.4449414135198064, 3.142175419147639, 2.227862878235997, 3.053659368431928, 3.177885607923635, 2.937290969113675, 2.5614685773754835, 3.0856229099452106]
FC:[[3.7990975146853674, 3.769674850878237, 3.8078512498980515, 3.8809996038529904, 3.977129008067973, 4.071784092140689], [3.7951149736799867, 3.7871237474329456, 3.838888493768058, 3.9203464130171937, 4.001252463418628, 4.090960751151129], [3.839182478309768, 3.8596907732173475, 3.9149990800429175, 3.983902172027881, 4.062836866049135, 4.1489068399724145]]
FCE:[[0.029079974107883412, 0.015539975884589507, 0.009650233131944208, 0.007588954625959471, 0.006367281365371509, 0.005592871478191737], [0.02235861742629726, 0.011839170408883947, 0.007368675935310446, 0.005687227676449515, 0.004864580758779, 0.004276461852717909], [0.018562451894004385, 0.009611011983444523, 0.005952276038977135, 0.004677915467754284, 0.004012221705902606, 0.003525143144397241]]
