Ri:[100, 130, 160]
Zi:[50, 100, 200, 300, 400, 500]
fps.ts:[1744.044819998741, 5232.134459996223, 8720.224099993706, 12208.313739991187, 15696.403379988671, 19184.493019986152, 22672.582659983636, 26160.672299981117, 29648.761939978598, 33136.85157997608, 36624.94121997357, 40113.03085997104, 43601.12049996853, 47089.21013996601, 50577.29977996349, 54065.38941996098, 57553.47905995845, 61041.56869995594, 64529.658339953414, 68017.7479799509, 71505.83761994838, 74993.92725994586, 78482.01689994335, 81970.10653994084, 85458.19617993831]
fps.e0:[10840.82781541614, 10844.967242184992, 10829.893361579414, 10825.194923421132, 10820.38922717492, 10810.54783697273, 10826.11360198402, 10831.24295933534, 10838.788338244638, 10827.882104498003, 10813.39400414151, 10795.625544987151, 10806.820888705008, 10827.34489630496, 10856.056834904206, 10804.596062979324, 10850.570291923144, 10812.750342565678, 10835.348333595697, 10829.027775795645, 10825.148261485769, 10845.672947442396, 10818.888697885652, 10835.548916659436, 10845.693558493474]
fps.e0u:[14.828735138271814, 14.706864761255444, 14.839745309885082, 15.078281941536297, 14.756260910395572, 14.874229682316248, 14.859099572941108, 14.860378228002771, 14.95544582826424, 14.797034311312277, 14.873141889568524, 15.006383336665511, 14.891039701097904, 14.804949744654046, 14.82740339495026, 15.060004348281764, 14.983883115256946, 14.837710723600152, 15.007343215070764, 14.779812947835829, 14.956869092945835, 14.82333293897993, 14.912905470342274, 15.060893419477768, 15.043898476368964]
fps.lt:[5531.371529843061, 5483.672011310239, 5575.671920359965, 5674.555917594914, 5570.158334625778, 5691.953556891625, 5475.841802304619, 5458.546833586895, 5593.516206581448, 5545.5308511944395, 5514.311717453847, 5720.889786611936, 5737.1495904957255, 5504.712932862059, 5318.666628504766, 5593.420009760428, 5348.1874390456705, 5754.468630376587, 5436.275900995832, 5492.525994390525, 5510.698276994333, 5352.322900761473, 5578.697207375877, 5539.951904179091, 5332.8596385482415]
fps.ltu:[125.77718300802343, 122.40775207083279, 127.62250816470022, 132.3624008674979, 126.46291817441751, 133.24030799443452, 122.7666040851968, 121.80093759383931, 128.42605182462003, 125.58025898228641, 125.68193457847364, 135.76828973726208, 134.1403456943266, 123.4779711947929, 114.99235286750343, 129.37983738075368, 117.63567274673451, 135.11724414742585, 122.44101667359377, 123.10635880243215, 123.84298623392503, 116.30684599621138, 127.72650003722784, 125.74606820933494, 117.23726696933379]
fps.c2:[1.5026107947782372, 1.800118721062893, 1.1410499661930087, 0.6921676780726416, 1.8913097652363495, 1.307598010588888, 0.7920826410431381, 1.1234682410579369, 2.2239256082136367, 1.4665047567549148, 1.4279686042099324, 1.1150765870421318, 1.512613986496302, 1.5294185785177647, 2.969359983216274, 2.0943407028201717, 0.763496965884291, 2.1833492879632255, 2.2803821404892757, 1.8514383780667212, 1.3518595775068105, 2.1127400026301606, 0.8884334539277874, 1.9229526702090354, 2.96836896425332]
FC:[[3.75933054779585, 3.7813487002253945, 3.829486064900337, 3.889900915533029, 3.942112859306439, 3.9993954846033937], [3.8173603177787463, 3.8215839759733408, 3.8722559904415896, 3.9362322917127655, 3.992071646089265, 4.048551678916592], [3.939751724081665, 3.9507108005828857, 4.013643812166824, 4.072407048369306, 4.1280506977602816, 4.183805172803169]]
FCE:[[0.040104391662242576, 0.021178047057975866, 0.013075238904635356, 0.010238241284028074, 0.00869830215000356, 0.007539275916516627], [0.03165078007525666, 0.016495789445598298, 0.010139605908181313, 0.007947264004298068, 0.006597257954225796, 0.005856617485724484], [0.02689181094093447, 0.013985937655374373, 0.008417963755087137, 0.0065842350258931365, 0.005603368584705537, 0.004869715703216576]]
