Ri:[100, 130, 160]
Zi:[50, 100, 200, 300, 400, 500]
fps.ts:[1297.9144799995422, 3893.743439998627, 6489.572399997711, 9085.401359996795, 11681.23031999588, 14277.059279994965, 16872.88823999405, 19468.71719999313, 22064.54615999222, 24660.375119991302, 27256.204079990384, 29852.033039989474, 32447.861999988556, 35043.69095998764, 37639.51991998672, 40235.34887998581, 42831.17783998489, 45427.00679998398, 48022.83575998306, 50618.664719982145, 53214.49367998123, 55810.32263998032, 58406.1515999794, 61001.98055997849, 63597.80951997757]
fps.e0:[10866.260311991842, 10870.962504341302, 10880.718750231204, 10861.116549258355, 10873.953773280893, 10861.935468066926, 10868.717515012137, 10873.857649300699, 10866.609692522845, 10859.666239066803, 10858.440498326661, 10874.17404195619, 10876.507083461363, 10838.272663319156, 10877.792820005672, 10866.208479155037, 10868.67849855937, 10875.966772663582, 10868.240936589764, 10833.846259518894, 10867.056012357032, 10866.04329671035, 10867.09395060544, 10875.745161168032, 10857.979984997179]
fps.e0u:[11.22908179034037, 11.126179966618082, 11.044290246922824, 11.159342855985814, 11.134134292342438, 11.124517662301326, 11.053655516285547, 11.15641854754146, 11.199289332855168, 11.075497866242708, 11.009590760427786, 10.987915631820329, 11.140568056565348, 11.097691439433222, 11.02870027180956, 11.095992942352293, 11.051563440043925, 11.027353064054433, 11.099802283809321, 11.084322935447958, 10.998634197382819, 11.009434363302676, 11.103126861718508, 10.987759216315965, 11.298136010037432]
fps.lt:[5928.374430456551, 5941.179719483491, 5877.812894256285, 5930.333385416782, 5940.287908261548, 5989.779280580558, 5878.892568628178, 5800.263883606312, 5935.6479729260045, 5912.70374314266, 5957.373593419512, 5889.42526581496, 5749.497591156332, 6120.61700382718, 5819.928151729613, 5909.072479122994, 5833.419961622829, 5802.242246969654, 5872.167889552703, 6190.173137094966, 5923.424327113296, 5883.093248349314, 5925.526000913583, 5841.939275526184, 5944.524908058929]
fps.ltu:[108.11422657306784, 107.67134167739745, 104.54067181605505, 107.20014769809526, 107.28478951060501, 108.93257608854151, 104.97786820258723, 102.50728869476939, 107.63109346007765, 105.93938103034998, 106.96535944033332, 104.62866156739688, 100.92665313449567, 113.82547576552005, 102.09546215273886, 105.5018355156199, 103.32399107373304, 101.68637742071881, 104.7155694335031, 116.19482932150044, 105.83061121944435, 104.11410907128675, 106.26745586437353, 102.6372139527705, 109.04129725014249]
fps.c2:[2.6730940449472054, 1.943566145503753, 1.6388780993758874, 2.1480875074387265, 3.3332263617053894, 2.6329618367772833, 2.4388103414082494, 2.366023467605188, 2.5756717641657354, 3.356314110834582, 2.0261911188516035, 3.3431913617081666, 2.238777231793902, 2.1438150350945495, 2.0026377307381464, 1.3648213724977667, 2.2589771139146935, 3.3384735037932693, 1.636500288430663, 3.312315434077548, 1.9933654102904799, 2.226766299876366, 2.556210505248354, 3.96678431763026, 2.457467706584992]
FC:[[3.8114247939683286, 3.825475983889886, 3.853006303066622, 3.8866449392386504, 3.947616087258425, 4.009971946267042], [3.855381027619045, 3.8492215272242705, 3.890015980363286, 3.937221783859663, 3.996391462753909, 4.059843820109528], [3.95174936652162, 3.965492627764106, 4.00535036593125, 4.05914576855667, 4.119518205804166, 4.183821734941045]]
FCE:[[0.030321879557697995, 0.01603943314087394, 0.009829604065741954, 0.007611469529123139, 0.0062972357438253876, 0.0056000180259684765], [0.023885227366825173, 0.012410501757212674, 0.007579410671879746, 0.005742185551958671, 0.004882065189027032, 0.004347366164715925], [0.0198450562834447, 0.010227838499123615, 0.0062094006923320896, 0.004846946626900262, 0.004133406915664589, 0.0036920634323635874]]
