Ri:[100, 130, 160]
Zi:[50, 100, 200, 300, 400, 500]
fps.ts:[1585.4765600013734, 4756.42968000412, 7927.382800006867, 11098.335920009613, 14269.289040012362, 17440.242160015106, 20611.195280017855, 23782.1484000206, 26953.10152002335, 30124.054640026094, 33295.00776002884, 36465.96088003159, 39636.91400003433, 42807.86712003708, 45978.82024003983, 49149.77336004257, 52320.72648004533, 55491.67960004807, 58662.63272005082, 61833.585840053565, 65004.53896005631, 68175.49208005905, 71346.4452000618, 74517.39832006456, 77688.35144006729]
fps.e0:[10328.097234890327, 10442.181801136292, 10538.677586940823, 10611.879292181893, 10665.190091823082, 10690.898740112087, 10714.10360351293, 10704.123357201488, 10757.248683452302, 10763.862249314843, 10772.489110776247, 10773.050619850625, 10769.788445099992, 10773.718553567274, 10766.009689034234, 10762.531789906398, 10771.990645808497, 10766.131801473604, 10761.036496524808, 10748.139712414522, 10767.97281870585, 10767.752941224475, 10768.221051681385, 10773.50064034244, 10740.695147035774]
fps.e0u:[12.925905312634095, 13.098826681920132, 13.033782857971472, 12.72134574911721, 12.817514552920084, 12.701526862574656, 12.757553005562622, 12.821776556096845, 12.692951792066145, 12.567652875592065, 12.668896323683015, 12.596818601416379, 12.61087295104262, 12.62546312464235, 13.12764963104376, 12.86168902556917, 13.259714693060292, 13.442620858142721, 14.15975371555855, 13.072147322228101, 13.367264780117216, 12.805584439426719, 13.170363177300642, 13.03313562955023, 12.921889260891547]
fps.lt:[2561.3813594026683, 2605.8639480950874, 2606.4258134107495, 2636.02190735711, 2657.338334717941, 2705.8411897009955, 2745.8058493934886, 2829.503006381793, 2748.454127791016, 2805.4939491327555, 2799.465732448413, 2842.2408356700566, 2895.6049689438373, 2924.212153267335, 2995.3091446047815, 3055.442390475756, 3063.0842382180304, 3130.865486570436, 3195.658430339918, 3244.1569550890054, 3223.891217823135, 3283.163165197385, 3294.2085539841164, 3317.462845650378, 3437.6983897817795]
fps.ltu:[25.982308834920687, 26.838766363556957, 26.45133883637694, 26.49617525936804, 26.90488437955614, 27.655023433527106, 28.349667437187215, 30.45297141984457, 28.42301782597638, 29.103721806523723, 29.10899668834307, 30.212507150548543, 31.384740817699797, 31.857519694579754, 34.80530708785159, 35.35823658353148, 36.62004846098122, 39.01275841591807, 42.412977793172374, 40.620096066250504, 40.94535818480784, 40.81613647308744, 41.98712595680567, 42.140923835262655, 45.58031339560214]
fps.c2:[1.6650900785804965, 1.2759864068175932, 1.6779102528124343, 1.0547610483625387, 0.8741308400216461, 1.8885752916448164, 0.4656876941238978, 0.9512602942711091, 2.9405756529826315, 1.858604280998694, 0.7242257713430131, 1.3549816813728401, 1.9970017846387773, 1.5652046611110462, 1.7910612372657213, 1.7913906918386433, 1.3002476662983669, 0.8399945239753992, 0.32804488505599205, 2.0577103219938597, 1.4336229823915736, 0.5972648085034763, 1.9508470789354777, 1.2986462237050966, 1.0749240093608114]
FC:[[4.497407862271813, 4.568256674158192, 4.830904135489062, 5.1142904524248465, 5.386943569049015, 5.6777545399614775], [4.604006769760791, 4.710445856352156, 4.96772689168522, 5.2515020940077015, 5.538947325889192, 5.830477939968358], [4.722814553100249, 4.844081393177817, 5.118599694486059, 5.393786330874635, 5.7075424632947795, 5.992868883024702]]
FCE:[[0.04575035259381855, 0.02217221136000454, 0.014268169014374136, 0.012034278035968422, 0.0109823477430045, 0.010412098990418051], [0.03641140069325659, 0.017626599311838784, 0.01127936046070684, 0.00946040934527211, 0.00865063599778293, 0.008185309770906299], [0.030751327841590174, 0.014727927142568844, 0.009368563759268284, 0.007873396768560647, 0.007187612278068269, 0.006816794494590192]]
