Ri:[50, 100, 150, 200]
Zi:[100, 200, 300, 400, 510]
FC:[[4.02780839049005, 4.035150532562916, 4.058462202296371, 4.059718671773467, 4.079060786251939], [4.017685026297488, 4.025786260353486, 4.045792977512816, 4.066273392859678, 4.0905741276476215], [4.161207117793389, 4.168197128102041, 4.1910175952235225, 4.213598766638231, 4.240932829018913], [4.772229868361856, 4.802587095350583, 4.834417853493423, 4.855116905526567, 4.8871391881604405]]
FCE:[[0.04146461668802302, 0.028337251830289085, 0.02296954445116979, 0.01967614506594576, 0.01739173161824844], [0.02065434963944296, 0.014087705247650701, 0.011388893872021612, 0.009816160150507902, 0.008690544438361874], [0.013808935598325502, 0.009328893219290304, 0.0075196500446506375, 0.006475927802282281, 0.005728564647735373], [0.012980399090274703, 0.008823914218145525, 0.007124291939413569, 0.0061373544232437224, 0.005364869731627105]]
fps.ts:[1605802919.3909001, 1605806657.1847, 1605810394.9785, 1605814132.7723, 1605817870.5661001, 1605821608.3599, 1605825346.1536999, 1605829083.9475, 1605832821.7413, 1605836559.5351, 1605840297.3289, 1605844035.1227002, 1605847772.9165, 1605851510.7103, 1605855248.5041, 1605858986.2979002, 1605862724.0917, 1605866461.8855002, 1605870199.6793003, 1605873937.4731002, 1605877675.2669, 1605881413.0607002, 1605885150.8545003, 1605888888.6483002, 1605892626.4421]
fps.e0:[9937.292013464083, 9925.384277627825, 9945.473599164803, 9971.980647655406, 9930.694298311748, 9952.079338269272, 9962.218312623212, 9934.408559379366, 9958.268373050403, 9952.747506792173, 9962.183636354393, 9953.232893061986, 9967.454216876029, 9954.42636657781, 9946.464931306447, 9969.714753138045, 9929.670551236963, 9963.906342156033, 9962.697974272716, 9929.607883515644, 9961.068677849653, 9984.473238484072, 9927.824613548057, 9957.375282687812, 9943.39236663303]
fps.e0u:[17.726658686482352, 17.766109038434028, 17.767793993422476, 17.648146972812924, 17.78572340935545, 17.640507823588493, 17.65589716787551, 17.897658471900147, 17.760586415893457, 17.40021880204477, 17.665072140707384, 17.737039258980722, 17.6550858312717, 17.711031382964048, 17.73177102013964, 17.744287808859223, 17.676723277694297, 17.605418184738223, 17.510300170185072, 17.742619068469402, 17.604642579423587, 17.65295587554415, 17.62749510272859, 17.863583321219977, 17.7792701137199]
fps.lt:[16837.127446734594, 17573.1637959506, 16167.449024950047, 15606.56074968035, 17689.265273842357, 15247.415587173853, 15006.074655204124, 16595.839873248737, 14791.969487812905, 16972.339372210627, 15282.167432065218, 15270.460318427671, 15789.77514991613, 15686.551223508795, 17750.344498750397, 14990.549083487895, 17708.406843050452, 17121.158318734084, 15278.080513941703, 17172.520366507782, 14869.117835482139, 13895.27922399432, 17906.134107752085, 15209.690758773493, 16738.251150357184]
fps.ltu:[1513.917621546319, 1666.7782541251659, 1400.4372656768414, 1296.7332553250674, 1683.0627842255951, 1239.8285419154722, 1190.160953011392, 1480.4788942065397, 1174.2711548630361, 1528.3097185271338, 1247.5500675764215, 1247.221589582886, 1330.4332922335864, 1311.263940789349, 1670.78650486173, 1207.5850070104436, 1674.188935845218, 1552.4486307325556, 1230.477448662255, 1576.7041536453157, 1171.9927508393464, 1032.210047993876, 1708.432699387491, 1243.5616693656712, 1509.0931508259655]
fps.c2:[1.1155119620574063, 0.9967563132531609, 2.5009524287752565, 1.0396857798470038, 1.3437780404673023, 0.5539384414783879, 1.2062709040137958, 1.4388645878855029, 1.1444358100896186, 1.5996828672241168, 2.847526867421691, 1.8284933555351999, 1.932005123603076, 0.9357967482836697, 1.8284444759253078, 1.276666726580253, 1.2998366925778393, 2.051110187508468, 2.352768463534564, 0.9491989116558577, 2.274320191563918, 0.8487047212115565, 2.0713093806385645, 1.1086412375084183, 1.7237357763163461]
