Ri:[50, 100, 150, 200]
Zi:[100, 200, 300, 400, 510]
FC:[[4.9134240206654125, 4.858520169699351, 4.839895890124199, 4.823481269965131, 4.839376923634594], [8.520005351904466, 8.586261405496387, 8.54733706276238, 8.524746668369708, 8.506171420917154], [16.272314816802524, 16.925535064508455, 16.981162297190437, 17.030391108479467, 17.073863961154977], [23.137420749641368, 23.867321606873503, 24.029901862039008, 24.149574520645878, 24.195838419022476]]
FCE:[[0.09776791270100384, 0.0664077022335729, 0.05428041944871849, 0.04748568433794315, 0.04164407946585815], [0.07981422580277257, 0.05603177487517538, 0.04575006804486704, 0.039531534927517355, 0.034474924789898234], [0.13588527057381958, 0.09852604555353138, 0.07986116077778777, 0.06917238726435308, 0.06094511227470082], [0.2366159869306166, 0.1733264250733395, 0.1417347564653147, 0.12355046202551076, 0.10885105538504507]]
fps.ts:[1611234831.29016, 1611235182.80248, 1611235534.3148, 1611235885.82712, 1611236237.3394399, 1611236588.85176, 1611236940.36408, 1611237291.8764, 1611237643.38872, 1611237994.90104, 1611238346.41336, 1611238697.9256802, 1611239049.4380002, 1611239400.95032, 1611239752.46264, 1611240103.97496, 1611240455.4872801, 1611240806.9996002, 1611241158.5119202, 1611241510.0242403, 1611241861.53656, 1611242213.04888, 1611242564.5612001, 1611242916.0735202, 1611243267.5858402]
fps.e0:[9825.19079675549, 9787.07186663166, 9821.218958281193, 9927.355212430253, 9828.712888726755, 9877.722234750925, 9848.993550233377, 9905.955925343747, 9865.334006770496, 9927.713427455206, 9919.18278072649, 9951.374818573187, 9931.488559305115, 9914.243857457463, 9938.247601481982, 9972.517411152388, 9947.62228191929, 10010.304023337783, 9947.79532493548, 9968.194760134738, 9999.778390955551, 10032.427201878729, 9990.523464260907, 9962.238900081207, 10039.306269165816]
fps.e0u:[45.629626036835404, 44.01154121787015, 41.230148470942865, 39.847282360542785, 37.32055614606999, 37.296019842118646, 35.855956058456, 33.45048280394854, 32.961861365068266, 32.838094767767465, 32.03509024242071, 31.816469548358288, 31.576721051556007, 31.673448638890658, 31.491089224752386, 32.0114970093526, 32.462380316649, 31.932638243087816, 32.17835946558587, 32.4399564234305, 32.37234026841443, 33.01839049719238, 32.152717509320354, 32.925233635605466, 33.05221666002298]
fps.lt:[15676.683614396272, 29001.789292619018, 17233.43460150543, 11133.97528671802, 14029.179309152521, 12971.743818507453, 13291.259995163253, 12693.749389271876, 16242.30188095122, 14227.98249523263, 17470.832377094917, 16377.154553168766, 13509.185308139538, 18262.5001245449, 16984.604190178776, 13936.256061353224, 15937.00390272736, 12583.347085044772, 18130.45609092672, 16381.45417490708, 14376.47963157387, 12810.674658811755, 14617.082447937226, 18004.935966097128, 12541.805184690036]
fps.ltu:[3440.934319029351, 11284.393539758488, 3834.90143454507, 1520.0574605011013, 2265.612661058865, 1897.741506023734, 1951.7504955299303, 1679.4253392274238, 2636.3948654907526, 2017.57280724944, 3001.9463626311194, 2561.330360411409, 1770.8967030141323, 3215.22247231868, 2772.9321514214894, 1895.3114120193766, 2488.3879864437217, 1537.2427351528859, 3191.8785984147416, 2634.0709842927013, 2041.2324866244232, 1637.3605178333437, 2099.717450231445, 3178.928084508219, 1566.9711061056794]
fps.c2:[1.330253588752115, 1.3874281931388368, 1.3789130093232733, 1.1285704416770308, 1.782760175113643, 1.7835958935959213, 1.0932425001167574, 0.8329139793951382, 0.7211786143004021, 0.9734207136334246, 1.8763957024082494, 1.5547926117317261, 0.628605149226166, 0.7925797885107695, 2.8072626599212325, 1.550943761313289, 1.5676668432036196, 1.7871474321428613, 1.2126789957174144, 1.281187627513064, 0.8216559457011652, 1.3491594328009089, 2.219235819059148, 0.7239547600502986, 1.1691256085278139]
