Ri:[50, 100, 150, 200]
Zi:[100, 200, 300, 400, 510]
FC:[[4.08443344132975, 4.030766642760647, 4.036581786780674, 4.053404153922611, 4.091473368108551], [4.039300955174499, 4.0513663710251375, 4.072865868108883, 4.089412381502458, 4.113098831638717], [4.196323475263856, 4.203020172114557, 4.226196038961356, 4.2447177116722195, 4.2689154335497586], [4.756175989695145, 4.781180675034853, 4.831311425131825, 4.8546281683537975, 4.887675279579613]]
FCE:[[0.05651262626625132, 0.03858280815946076, 0.03144074429599959, 0.027516012393654036, 0.024291096684684495], [0.028175712764423707, 0.019646495221572063, 0.015842596046200218, 0.013490729494789976, 0.01190146509421744], [0.020267430711578847, 0.013728610170558871, 0.011071679087479504, 0.009519857829135597, 0.008401545376307318], [0.01854963405463323, 0.012558895781639118, 0.010181662158829723, 0.00878311572611195, 0.007769170269665139]]
fps.ts:[1620569340.31034, 1620571964.04302, 1620574587.7757, 1620577211.50838, 1620579835.24106, 1620582458.97374, 1620585082.70642, 1620587706.4391, 1620590330.17178, 1620592953.90446, 1620595577.63714, 1620598201.36982, 1620600825.1025, 1620603448.8351803, 1620606072.5678601, 1620608696.30054, 1620611320.0332203, 1620613943.7659001, 1620616567.49858, 1620619191.2312603, 1620621814.9639401, 1620624438.69662, 1620627062.4293003, 1620629686.1619802, 1620632309.89466]
fps.e0:[10747.277263343642, 10779.862738555159, 10754.818150936862, 10741.118325896121, 10814.594888772179, 10748.141123601728, 10753.819479174363, 10731.024149750987, 10714.906119590589, 10726.28659169062, 10757.746344406305, 10809.780285140932, 10750.716835136394, 10715.378853824, 10733.121321910477, 10717.975088899822, 10741.298170503898, 10709.972039190932, 10721.941649214117, 10746.096867109494, 10731.019936817933, 10739.339400286353, 10700.847305528123, 10753.387356243618, 10742.552543543035]
fps.e0u:[27.0739523788776, 26.939136372017533, 27.655853872193383, 27.62727933541767, 27.256324959975625, 27.188252248213548, 26.77140259238493, 27.87412548704985, 27.868369064222218, 27.731085081962853, 27.43887804245659, 27.26057790522374, 27.6270639640797, 28.155222323183935, 27.50365100127028, 27.53495008879499, 27.275448192740996, 27.74030783070023, 28.12062298836957, 27.082963792060298, 27.367643853985257, 27.100568947482326, 26.724540613514097, 27.484307437964283, 27.579959233265527]
fps.lt:[19402.469301238893, 19118.82964611818, 20507.850567420617, 19290.57329380148, 15285.087293578703, 19959.627279188284, 18481.81768613383, 21888.19681124496, 20684.1935761521, 20417.42701972998, 18674.514508516088, 14256.677448266732, 18808.0429280517, 21463.320167201797, 18919.3445039097, 20677.334515326227, 20264.540887094252, 26126.64060869618, 21925.98974780336, 21322.216633136213, 20990.114898794607, 20177.437543867392, 26752.326785414705, 18985.842946469227, 21632.973809488984]
fps.ltu:[2871.8891986581602, 2739.8327290295647, 3250.1610831080616, 2866.89627927684, 1776.5019865697247, 3010.0005743159986, 2572.5481429516553, 3729.8006628782127, 3374.6476817672446, 3227.083906564392, 2673.5010544734255, 1553.4482642351788, 2724.0698073925605, 3616.979687037946, 2769.624783465713, 3297.7466435615606, 3139.676472064754, 5252.053071680907, 3761.7230211819797, 3447.0141292174267, 3369.5422707502744, 3098.3620223624484, 5367.786418322063, 2777.4876949465147, 3613.248436182303]
fps.c2:[1.1089222177082365, 0.8613631094178849, 1.4207637135277464, 1.0050787418078793, 1.0140704018527353, 1.5383753140555352, 1.2744842468561024, 2.102496620974122, 1.098923063932042, 0.9610227339273695, 1.795357851211378, 2.068425230998143, 0.9579721653868266, 0.6861424941092393, 0.9300855979259299, 0.8520275507562479, 0.922251439317871, 1.1057336410527336, 1.2287167952224214, 0.9821741947682388, 1.1684714576922963, 1.2916187572891071, 0.9297619162319138, 0.8499097384169934, 1.4513425208927389]
