Ri:[100, 130, 160]
Zi:[50, 100, 200, 300, 400, 500]
fps.ts:[1480.5780400037766, 4441.73412001133, 7402.890200018883, 10364.046280026436, 13325.202360033989, 16286.358440041542, 19247.514520049095, 22208.67060005665, 25169.8266800642, 28130.982760071754, 31092.138840079308, 34053.29492008686, 37014.451000094414, 39975.60708010197, 42936.76316010952, 45897.91924011707, 48859.075320124626, 51820.23140013218, 54781.38748013973, 57742.543560147285, 60703.69964015484, 63664.85572016239, 66626.01180016994, 69587.1678801775, 72548.32396018505]
fps.e0:[10634.352744689268, 10593.74358791378, 10573.096602524862, 10585.861259795609, 10587.366599813207, 10580.17842467562, 10608.21701954391, 10605.177629324278, 10616.466436450979, 10601.772835362432, 10627.709581925099, 10621.130022246862, 10587.692497109547, 10573.57707572171, 10592.772436845855, 10600.397013676278, 10615.128802226958, 10596.6071457226, 10585.099093178287, 10616.744215611192, 10585.33632798755, 10570.078219646364, 10577.23003233977, 10618.230661088151, 10592.947993333068]
fps.e0u:[17.96909003966372, 17.772080270225214, 18.26412779336706, 17.941221407577302, 17.987988254682172, 17.861398227920493, 18.142728915988823, 18.224315498180356, 17.917251140313976, 18.05639128842671, 18.004099297329624, 17.99291075982643, 18.15932121554264, 17.860740759500988, 17.98532375806471, 18.026265326449813, 17.953149293574963, 17.68671234888489, 17.944470426127026, 17.978596016800896, 17.907338034347905, 17.975947798304336, 17.96646373131403, 17.972282687939572, 21.105302567023386]
fps.lt:[4550.50589743377, 4795.3726926734225, 4910.878174430254, 4820.142574524233, 4811.82478166881, 4886.429264763325, 4659.450432853654, 4699.052244557552, 4658.837101688418, 4681.816904094161, 4548.328303927236, 4596.975607797925, 4760.1355491352115, 4796.687256444827, 4703.004292512866, 4518.107454754847, 4490.904643276045, 4636.208242414232, 4730.018456911224, 4535.339564031146, 4671.545132181712, 4717.700417710374, 4810.092376146162, 4480.235588773015, 4798.81765962985]
fps.ltu:[106.36853257044359, 116.96617873878833, 126.52763159994284, 118.52943042191445, 118.54905571409394, 121.69126231534196, 111.60299245253871, 114.6874363170649, 110.81891369878798, 113.38989318912603, 105.87689782343192, 109.48650849513803, 118.39792167449961, 118.31737208170236, 115.03060947341737, 106.13937588737052, 104.94079059888024, 109.77421256735988, 114.35014601485788, 107.32975133744094, 112.73147491793394, 116.0465708821531, 119.54726339401753, 103.63818904836099, 139.4435834629764]
fps.c2:[1.3538185720133538, 1.4819755101888772, 0.8281370880941901, 0.9021989276457251, 1.1493074533157497, 1.599534356213026, 1.8476502480353392, 1.2042233317895983, 1.2663368979700043, 2.7444802093642697, 1.5761775415414028, 3.0816826441059275, 2.1759901336726766, 1.1831040796518486, 2.213168799693414, 2.2278384366431783, 1.166252279288047, 2.2013611389812273, 1.606035606089435, 1.2026168386262912, 1.1249005095132267, 1.7590611621700811, 2.029678216706918, 1.7074076322374414, 1.361814587545108]
FC:[[3.858492165878404, 3.8669617651245356, 3.923546439190156, 3.9684932141807754, 4.014797820755888, 4.075854592917625], [3.897316306224397, 3.890438047547571, 3.975303385253093, 4.021199139480298, 4.079352019662254, 4.132948797898503], [4.036591950036194, 4.032903983361843, 4.106934231048923, 4.159496746540708, 4.224960316871594, 4.28183238478678]]
FCE:[[0.054603382923583146, 0.02692797561000735, 0.016192452919821212, 0.01267549072425551, 0.010769015800157636, 0.00959760924546699], [0.04238784819942568, 0.020712513577500282, 0.012460977134702343, 0.009754817747345998, 0.008345793804156443, 0.0074407274148773125], [0.03598271411740069, 0.017260377914385176, 0.010489871765400373, 0.008251095321470284, 0.006966180165065521, 0.006227138526038153]]
