Ri:[100, 130, 160]
Zi:[50, 100, 200, 300, 400, 500]
fps.ts:[1728.7092199993133, 5186.12765999794, 8643.546099996567, 12100.964539995193, 15558.382979993821, 19015.801419992447, 22473.219859991073, 25930.6382999897, 29388.056739988326, 32845.475179986955, 36302.89361998558, 39760.31205998421, 43217.730499982834, 46675.14893998146, 50132.567379980086, 53589.98581997871, 57047.40425997734, 60504.822699975964, 63962.24113997459, 67419.65957997323, 70877.07801997184, 74334.49645997048, 77791.9148999691, 81249.33333996774, 84706.75177996635]
fps.e0:[10810.25413511839, 10820.360162855499, 10806.0872242701, 10790.511382166445, 10817.958028129378, 10811.573616542017, 10817.091135959192, 10830.304642414458, 10801.878180359672, 10805.045855876735, 10811.335253206178, 10826.195820732211, 10815.56171487777, 10816.131272141127, 10798.853329536014, 10805.307634198307, 10823.410643652456, 10817.94373312798, 10808.84638098937, 10799.889747786625, 10829.326514575458, 10801.138966919953, 10801.37792828104, 10804.037194137907, 10795.773701220414]
fps.e0u:[13.209716707658837, 13.164943683382123, 12.998155117155878, 13.11057816464248, 13.203412151582341, 13.160788659671601, 13.06575881661655, 13.10858225667174, 13.048089718498241, 13.126146567958603, 13.111601329767433, 13.110046291478348, 12.996516579203021, 13.143664063991183, 12.979789378668263, 12.9977011408675, 12.869186064778942, 13.103362886656136, 13.144820393869136, 13.298273596403119, 12.969790465836025, 13.222232261485537, 13.25512732714822, 12.995601141134983, 13.098713219824937]
fps.lt:[10850.090659632533, 11038.834677936316, 11753.466884957093, 11568.065024062042, 10717.18461789394, 11528.985410587922, 10698.634574187387, 10218.43153510236, 11387.016845448343, 11486.544117604264, 10673.30463055667, 10460.313618801445, 11083.838218607603, 10680.046925688723, 11326.645684306417, 11132.243059013119, 11129.93878345851, 11030.448271735662, 10956.920254333552, 11591.030004521832, 10763.684752690358, 11422.673998721608, 11161.174147453947, 11284.751307335355, 11559.07998181859]
fps.ltu:[431.01184242375894, 445.08162081265834, 500.21926279441254, 488.8784652902579, 421.49398778488745, 485.7330549620124, 418.0537938172253, 380.75795514020325, 474.18755412669697, 479.4411229902565, 413.5857741172918, 397.004761297324, 444.96150502442566, 417.9804111677733, 463.274580933272, 451.5925236928116, 446.9063180413951, 443.45098430725307, 440.0886031966852, 496.7982302084725, 420.55948760297287, 477.5020292399823, 459.4965768419629, 459.82028358124387, 489.5748948284748]
fps.c2:[1.6021239809272922, 0.8668107304675525, 2.237421130052034, 1.026592066867697, 1.3206477006893342, 2.7468600063107016, 1.2249373703063862, 1.56262368956622, 0.8191100786430444, 0.3582540504500852, 1.1858352785996804, 0.6142226900851075, 1.8161397526103364, 1.0793396611273707, 1.2994467562777767, 1.9331850002253481, 1.663431937819453, 1.5219432749734279, 1.388451048426886, 1.4299492803644722, 0.5661662325162834, 1.715019831315996, 1.5846690423865666, 1.796253579338072, 1.3340306225680731]
FC:[[3.8578827263649687, 3.8710394302240054, 3.88659799742087, 3.9033111274152357, 3.930334744487464, 3.9598342920872724], [3.8588698129183623, 3.900229491563208, 3.9250520385123098, 3.944233008520891, 3.974698703441027, 4.006387193237307], [4.0152008862396675, 4.022896231641162, 4.047004299291049, 4.06959646007098, 4.0998859354582935, 4.130654026707915]]
FCE:[[0.030004389509274105, 0.018331805764531535, 0.012033992505416376, 0.009478431267507198, 0.008053270184163295, 0.0069188513158211], [0.02321742708339883, 0.014169284293813322, 0.009082359516701997, 0.007150570298117776, 0.006083765419141321, 0.005389841237573953], [0.019625399423053233, 0.011733033564954053, 0.007684620525346232, 0.006070848195310639, 0.005174581376728812, 0.004592309455858793]]
