Ri:[100, 130, 160]
Zi:[50, 100, 200, 300, 400, 500]
fps.ts:[1801.7042600011825, 5405.112780003547, 9008.521300005912, 12611.929820008278, 16215.338340010643, 19818.74686001301, 23422.15538001537, 27025.56390001774, 30628.9724200201, 34232.38094002247, 37835.78946002483, 41439.197980027195, 45042.606500029564, 48646.01502003193, 52249.423540034295, 55852.83206003666, 59456.240580039026, 63059.64910004139, 66663.05762004375, 70266.46614004612, 73869.87466004849, 77473.28318005084, 81076.69170005323, 84680.10022005558, 88283.50874005794]
fps.e0:[10685.949093843532, 10703.913167696815, 10738.863470023718, 10718.201657903996, 10738.157053525525, 10729.636511361305, 10713.122445439521, 10739.122903396968, 10726.326686789, 10737.38620712275, 10713.741422775589, 10741.078318394335, 10758.509983411583, 10750.249277324221, 10746.751345655228, 10738.619825687325, 10750.864548206582, 10753.17909317505, 10746.301028894795, 10756.557485452075, 10729.719659619472, 10748.963613230311, 10751.50287869896, 10759.650089954064, 10747.557060559633]
fps.e0u:[11.345152452072124, 11.45533552974684, 11.235677533729469, 11.295506890902951, 11.267998031006341, 11.374319858021614, 11.286112536393087, 11.260574563896231, 11.325103163722972, 11.287252341328896, 11.343080900899134, 11.38905481261677, 11.29624596392223, 11.379620593191488, 11.459914902328492, 11.421050984816498, 11.470901229501605, 11.44566948638368, 11.389446414303213, 11.317492642247199, 11.32349389872529, 11.326480702447062, 11.42525579692266, 11.431488033250822, 11.41610327109901]
fps.lt:[3127.8759171697207, 3154.3449999163013, 3131.4504059777837, 3208.871230163797, 3193.7139926324644, 3225.9085574078163, 3312.6143576778522, 3278.9056790266914, 3306.0686970261286, 3302.7064754684443, 3357.294557224195, 3329.3106417244876, 3246.3140961938625, 3297.6702131672264, 3291.8509018293134, 3363.335163075742, 3313.468064303123, 3269.172686482217, 3314.277876564992, 3307.8055032671164, 3419.267254349754, 3336.260204529685, 3308.1939602144307, 3305.2265499813225, 3310.3571115659397]
fps.ltu:[32.66140593086571, 33.22791946239844, 32.22640434825904, 33.95546538342802, 33.56021008542183, 34.50911037148688, 36.12754630813139, 35.624504697825664, 36.09307126033234, 36.10227593097962, 37.50022227578415, 36.863927140808315, 34.93690105883485, 36.37964903559213, 36.31774730276994, 37.85506112123349, 37.084183656682974, 35.863989120574495, 36.534833178818566, 36.07487105248169, 38.829741707715115, 36.792406920449366, 36.46344316830464, 36.52965501797396, 36.67224964261837]
fps.c2:[1.991114469196255, 1.6856648745392728, 2.167574061806038, 2.3999144159790124, 1.7919054000872108, 1.1583676460859698, 1.110129529232115, 1.1515273801185955, 1.507503296519881, 1.8082480036727304, 2.4857739518337536, 0.7691783842245452, 0.8449429100178455, 1.482060128161043, 1.4917539109343778, 1.4361589960132843, 1.0046442192633465, 2.66546428829722, 1.5815742362931586, 1.580518594638582, 1.7158891053543308, 0.9603073220950264, 1.09343385493267, 1.3963169248940352, 1.7352833889732915]
FC:[[3.870664070938816, 3.8832621278385036, 3.9443762009743133, 4.024771705212366, 4.114012335982181, 4.2045371226824475], [3.8987947497172524, 3.9181858318763387, 3.982709276467211, 4.068665907647416, 4.1617517455682, 4.252014618786544], [4.041824935848315, 4.037136741172114, 4.123896407340759, 4.208032620963699, 4.292483652784474, 4.381259226474578]]
FCE:[[0.03344147234888387, 0.015383861543156274, 0.009460178692712814, 0.007700036661339702, 0.006512053760288654, 0.0060068174080655425], [0.02623158468334489, 0.012040260488811296, 0.007377743347718, 0.006019523374025726, 0.005084364400310262, 0.00469205025177257], [0.02223819186965869, 0.010333610786153906, 0.006045400206877966, 0.004905439022451447, 0.0043344467838001164, 0.004002071016575636]]
