Ri:[50, 100, 150, 200]
Zi:[100, 200, 300, 400, 510]
FC:[[4.025762157604377, 4.013532133702335, 4.02328166196966, 4.047950421677374, 4.057713841033115], [4.062847262735868, 4.04745652265601, 4.054974645013648, 4.0702942369824635, 4.096312603227353], [4.1670907108584805, 4.181921670926924, 4.201361376554406, 4.224192497844184, 4.254341384560106], [4.818533428635216, 4.842164901026468, 4.881908296838361, 4.906991917384839, 4.926983507809269]]
FCE:[[0.03909439087520077, 0.026520883220033223, 0.021266644022906445, 0.018320071446389738, 0.016103905250774493], [0.01983970184106708, 0.013359668891235944, 0.010760375465913284, 0.009221326809297464, 0.008159107727540594], [0.013675497366330528, 0.009026427305257292, 0.007290025453547918, 0.006278903712682416, 0.005560302040256733], [0.01229001464889828, 0.008338348558133058, 0.006770710209410442, 0.005837005368803606, 0.005158562983959056]]
fps.ts:[1615631359.8608801, 1615634814.0926402, 1615638268.3244002, 1615641722.5561602, 1615645176.7879202, 1615648631.0196803, 1615652085.25144, 1615655539.4832, 1615658993.71496, 1615662447.9467201, 1615665902.1784801, 1615669356.4102402, 1615672810.6420002, 1615676264.8737602, 1615679719.1055202, 1615683173.3372803, 1615686627.5690403, 1615690081.8008003, 1615693536.0325603, 1615696990.2643201, 1615700444.4960802, 1615703898.7278402, 1615707352.9596002, 1615710807.1913602, 1615714261.4231203]
fps.e0:[10729.366669210718, 10679.708783987311, 10694.695050814787, 10707.05711275311, 10700.881278511191, 10662.507769229156, 10724.162850557077, 10704.45581779025, 10694.236047629425, 10670.270092355559, 10681.261806466902, 10702.993326333832, 10676.165302583237, 10705.517067481394, 10702.552687036872, 10702.34363924299, 10700.657124302017, 10709.686207240364, 10696.216090913354, 10684.385104607385, 10660.503926009633, 10677.284458206877, 10674.153227407898, 10684.49123901061, 10695.582836864918]
fps.e0u:[17.87699099246866, 17.94549587993497, 17.949726084962904, 17.918498066304394, 17.958285905584557, 17.826204410933506, 17.97291121636343, 17.977296900096082, 17.892954935385134, 18.18317124941878, 17.83460240312507, 17.999336966571654, 17.92790392013165, 17.83532310566907, 17.92277969957236, 17.870006456852863, 18.05013965005491, 17.913906481027567, 18.025823563460897, 17.79096547300168, 17.920091273772208, 18.245470207404104, 17.992474518283622, 17.858577644702123, 17.893232893843194]
fps.lt:[16177.476047441487, 19504.327101346895, 18592.516973557853, 19142.9677214209, 17831.955482353744, 22687.32515371624, 16369.966544002838, 18260.434516625348, 19301.360954227297, 20574.12031284649, 20218.779957648967, 18999.357152642475, 19460.182717400614, 17572.38939067749, 18377.973097518752, 18296.721493439047, 20819.151078465387, 16982.713496751297, 18251.8298387882, 21000.874703947964, 20237.80982878888, 20881.77446445112, 19637.415004099992, 18031.21650674673, 18530.451792954977]
fps.ltu:[1321.5304914676108, 1934.1310859306914, 1764.4549553034371, 1843.6445727088776, 1612.8386842433206, 2600.531483986255, 1362.0206832962642, 1698.107770632169, 1886.9833555946716, 2169.863486733596, 2062.375585929989, 1838.7546681052736, 1929.8002863304002, 1550.5670161499536, 1721.1826865714534, 1689.7316262435327, 2210.87153177597, 1456.1672855945421, 1698.2435889977223, 2231.8038518264407, 2088.8030645282784, 2242.7421874767006, 1966.6266897680557, 1648.2821795363027, 1734.0361662597302]
fps.c2:[1.863854755159039, 1.5376370164089113, 1.516744540033724, 0.5666047106323572, 1.5486769994504712, 2.402565687768777, 0.8038549623729238, 1.7295350281983195, 0.8943321931657352, 1.4613218444527136, 2.794222139615552, 1.170609073845513, 1.0314392080591872, 1.1948878083675931, 0.9729608549730641, 1.5074778578642687, 1.384690651710135, 1.0454636069046601, 1.1284036328288714, 1.011517803392237, 0.7486436541378765, 0.8768841880695004, 2.145545545356433, 1.0530046213378652, 0.7465781570988349]
