Ri:[100, 130, 160]
Zi:[50, 100, 200, 300, 400, 500]
fps.ts:[1754.5832800006867, 5263.74984000206, 8772.916400003434, 12282.082960004807, 15791.249520006182, 19300.416080007555, 22809.582640008928, 26318.7492000103, 29827.915760011674, 33337.08232001305, 36846.24888001442, 40355.4154400158, 43864.582000017166, 47373.74856001855, 50882.91512001991, 54392.08168002129, 57901.24824002266, 61410.41480002404, 64919.581360025404, 68428.74792002678, 71937.91448002815, 75447.08104002953, 78956.24760003091, 82465.41416003228, 85974.58072003364]
fps.e0:[10892.448012015995, 10921.180996973464, 10911.078920948765, 10899.206143179203, 10896.14070813251, 10900.831039521478, 10903.6349405335, 10908.578458883994, 10920.651239111503, 10921.999588490035, 10916.26813744107, 10945.949293255182, 10911.436373397786, 10913.00919213857, 10903.269934547749, 10900.45998779142, 10938.328832058125, 10925.099467507622, 10913.220839404996, 10917.651952234588, 10929.034485052696, 10932.332864114307, 10931.814967313743, 10956.23149100845, 10927.706397087162]
fps.e0u:[11.535557020052563, 11.454890372183817, 11.633047791613084, 11.509551681351168, 11.441659131759387, 11.627440983750585, 11.33381030527588, 11.387541192711296, 11.619979050868139, 11.521481582715863, 11.724217308113914, 11.594946603797066, 11.530795722280137, 11.644106457186115, 11.694087653402722, 11.582200668933773, 11.639116334601205, 11.594804181702251, 11.571481393283351, 11.56239152041244, 11.73267342518851, 11.547390557025464, 11.592722814761045, 11.558597016276467, 11.634224369350953]
fps.lt:[6299.473155214719, 6015.553411534548, 5997.378026087658, 6245.863079466228, 6246.087198591832, 6214.99788479204, 6229.168031422819, 6287.437848050736, 6035.069241921637, 6056.84827829659, 6144.183211038104, 5821.893145236409, 6169.679012193376, 6129.846891199424, 6322.23692561337, 6282.702132918734, 5975.7510677289665, 6083.0052890584875, 6197.3406664360655, 6116.332280596857, 6117.6739094781915, 6014.204483500946, 6096.805295187583, 5859.811479257219, 6137.241470767915]
fps.ltu:[124.96209265141846, 114.35959308251519, 114.26063502056986, 122.98842014160468, 122.17428587001643, 122.51852142020861, 120.80714962275363, 123.61084700335961, 115.37280658307351, 115.74624772217975, 121.49134225241924, 107.58116836262404, 120.31797627789034, 119.56037030531571, 128.01044368278238, 125.62830409683521, 113.91190271026794, 117.25230032896083, 121.78805112824307, 118.6946543332864, 120.06203676514647, 114.62562639574588, 117.90438733871156, 108.31892005408696, 119.7052174832696]
fps.c2:[0.8712694623833797, 2.4038594260965684, 2.1966397819366565, 1.0523670074873839, 1.4449630011002437, 1.851003063157852, 2.418860673565235, 2.276050491959651, 0.944008530836019, 0.7155208446966651, 2.223110592323517, 1.8632422961261903, 2.1194864275365655, 1.5344670674030225, 2.066017746250961, 0.8774329631116989, 1.0111787747616954, 1.7720239942075031, 2.293608474392954, 2.115444357899604, 1.466474839963265, 2.5796670912883872, 1.0304046438302807, 3.9424551445648177, 1.7054221337102753]
FC:[[3.85932054948829, 3.8749669852424695, 3.8998835190384566, 3.930566064490682, 3.9634643564933394, 4.013262243737499], [3.8908915728683757, 3.9034520681553495, 3.9402442083565514, 3.9812540893926456, 4.022512397247143, 4.074447374346703], [4.028261574419125, 4.017631628323413, 4.053834016067003, 4.101512220384213, 4.145017188250681, 4.195405647983691]]
FCE:[[0.030599459504013337, 0.016764876530559015, 0.01030052133221896, 0.007992798794367883, 0.006756204232279735, 0.005890837664022819], [0.02436034659833576, 0.013105117111938012, 0.00803078506584902, 0.006246536385413945, 0.005172336330596063, 0.004519434159275386], [0.02100893357407358, 0.01081569631675833, 0.006606206497057621, 0.00505505765454157, 0.004288460484690803, 0.0038262824490972254]]
