Ri:[50, 100, 150, 200]
Zi:[100, 200, 300, 400, 510]
FC:[[3.962943168054622, 4.007795927292623, 4.041850534133343, 4.0367465370003455, 4.066506934405328], [4.013769496786202, 4.034438618670776, 4.053833346599727, 4.068529694265923, 4.09751268999311], [4.156266884177798, 4.1655714651230475, 4.192625711970898, 4.210635237220332, 4.237441843835762], [4.798317570143441, 4.82804968640793, 4.8630890919187495, 4.887063086849763, 4.903381445685157]]
FCE:[[0.04102735650712198, 0.027721335153007624, 0.022395420659200777, 0.019183993489934666, 0.016977105390827793], [0.020499701529617196, 0.014007036556361124, 0.011247282182383782, 0.009678845168508773, 0.008570205611879789], [0.014343551364485783, 0.009704280187332126, 0.007828217870752004, 0.006749615480482731, 0.005972899383114302], [0.01297323283705363, 0.008823856932531116, 0.007131280513746091, 0.00615635531402005, 0.005433788921354777]]
fps.ts:[1605626651.18226, 1605630243.3867798, 1605633835.5913, 1605637427.7958198, 1605641020.00034, 1605644612.2048602, 1605648204.40938, 1605651796.6139002, 1605655388.81842, 1605658981.0229402, 1605662573.22746, 1605666165.4319801, 1605669757.6365001, 1605673349.84102, 1605676942.0455403, 1605680534.25006, 1605684126.4545803, 1605687718.6591, 1605691310.8636203, 1605694903.06814, 1605698495.2726603, 1605702087.4771805, 1605705679.6817002, 1605709271.8862205, 1605712864.0907402]
fps.e0:[9947.669442597724, 9951.437098952598, 9929.210891290571, 9953.069628785619, 9995.796045914036, 9962.741259972754, 9941.794370222875, 9940.508211594633, 9947.199065846073, 9933.927609297094, 9926.592506664374, 9926.730639901056, 9947.365554775408, 9957.99568766183, 9922.911271744217, 9945.97482086876, 9953.338268947244, 9933.862607611269, 9948.543996496823, 9944.013536387722, 9936.375018259681, 9965.424399968666, 9935.22703315697, 9951.689286856996, 9949.3633960087]
fps.e0u:[17.77454057910894, 17.833419397236003, 18.013960529629607, 17.95208867008507, 18.000499093338494, 17.810039742781456, 18.027490340965283, 17.82336744230009, 17.91619405016426, 17.8796180845424, 18.129902526396847, 17.678041501499656, 17.78824784462235, 17.810640488082992, 18.2601653669549, 18.062325621227988, 17.928592824251318, 17.884691109736192, 17.89627893829706, 18.087231726225788, 17.729949533556, 17.842069963049024, 18.022651499154588, 17.95300398903901, 17.917769486717365]
fps.lt:[16437.561852241182, 16008.70665040449, 18790.58784923264, 16728.044332633726, 13789.330316089232, 16759.965867869912, 16508.45970398428, 17359.189192593407, 16667.45557633457, 17367.281313288277, 18403.533688290365, 19475.847184775263, 16201.46617706799, 15855.583585950344, 18076.877811341245, 15532.737439710352, 15265.195820957924, 17448.607428945164, 16546.70559091922, 15552.748202910096, 17254.00750478543, 15065.886845850679, 18032.250113414328, 15000.89476189094, 15298.931357480542]
fps.ltu:[1455.0650591240285, 1379.8252059018457, 1914.8721323790185, 1514.1029010039927, 1032.5733479977837, 1509.743718701746, 1483.6971107454021, 1620.446157811816, 1501.4228417049826, 1629.7031902054473, 1853.6569453819466, 2039.2180105302946, 1411.4146305808206, 1361.8434974451259, 1804.757198316786, 1318.262035962563, 1265.7483412680501, 1643.3882018332365, 1464.9016679898646, 1317.5481519113757, 1596.6689474466002, 1221.5867865056807, 1755.9701060767025, 1229.0037849728585, 1275.121110632141]
fps.c2:[1.5936465733168044, 2.742865281931535, 0.9799289422931362, 1.8887404590078631, 1.80208527144836, 1.252923291275335, 0.6450199129510849, 2.040399872301396, 1.2264437003025768, 0.7003340201971292, 1.2928998311022977, 1.082107399844502, 0.94775448847579, 0.6122332742094636, 0.6178758883436161, 0.6040936176068141, 1.9727403931909864, 0.8204144265736846, 1.0412382882631936, 1.2067557219578735, 2.171690809206098, 1.008745955187675, 2.0865977905403854, 1.5827501191963664, 0.5858310742561834]
