Ri:[50, 100, 150, 200]
Zi:[100, 200, 300, 400, 510]
FC:[[4.111566871906104, 4.076574135721637, 4.079354568039225, 4.082250356859748, 4.0931601301370355], [4.007750690204907, 4.032707543780984, 4.045025939995138, 4.078501956735242, 4.095014715356866], [4.134424281934184, 4.16566821680652, 4.182035460778336, 4.213871568839897, 4.238770915902161], [4.7581674302998875, 4.801554866480358, 4.824935516724236, 4.872039252484246, 4.890453182095469]]
FCE:[[0.05028110082774862, 0.03325959194645532, 0.026870091912816172, 0.023031408972070896, 0.02024148827338593], [0.023431099047976568, 0.0157923521097112, 0.012521068762150709, 0.010840325830378422, 0.00951211138237078], [0.016156673427569088, 0.01096185268116356, 0.008795730968388248, 0.007595563240082915, 0.006703151102281517], [0.015227414417465014, 0.010349698050382976, 0.008329159053584109, 0.007155279942699688, 0.0063067153195495804]]
fps.ts:[1609070937.9903598, 1609074496.17308, 1609078054.3558002, 1609081612.5385199, 1609085170.72124, 1609088728.90396, 1609092287.08668, 1609095845.2694001, 1609099403.45212, 1609102961.63484, 1609106519.8175602, 1609110078.00028, 1609113636.183, 1609117194.3657203, 1609120752.54844, 1609124310.7311602, 1609127868.91388, 1609131427.0966, 1609134985.2793202, 1609138543.4620402, 1609142101.6447601, 1609145659.8274803, 1609149218.0102, 1609152776.1929202, 1609156334.3756404]
fps.e0:[10074.521918065951, 10017.2612401784, 10006.651565805994, 10011.808090379347, 10037.341698477941, 10057.599921300769, 10027.804077870225, 10038.138884856204, 9989.540278091927, 9985.561449816782, 10030.8360421597, 10044.754011512958, 10071.20233613358, 10024.741266067556, 10032.291856056721, 10053.378195231686, 10014.774250221637, 10040.107034240762, 10025.044202517809, 10042.295632471505, 10033.177836010864, 10057.165472810331, 10033.886332157243, 10036.333412417502, 10009.011971710765]
fps.e0u:[20.62779632942694, 21.14398978061629, 20.68713248138201, 20.99988399364884, 21.00414460479828, 20.845827653717723, 20.845913793655257, 20.88792918275337, 21.137648158591876, 20.997104149059584, 21.02867963203872, 21.272684265531776, 21.025234846378996, 20.8263046858493, 21.077888787453624, 20.961874454615444, 20.994423589749854, 21.054187241942035, 20.94011071291313, 20.903930048181024, 20.936644129434004, 21.24956000190784, 20.73269820558342, 21.060199136615818, 21.229501458039167]
fps.lt:[15456.328046735662, 20921.68749840113, 19397.960082885198, 19237.468900444917, 18974.95373575662, 15943.844741928075, 19019.006543779455, 18225.95175942705, 21570.1237699233, 23356.287969726145, 16785.598036599025, 18490.796731799743, 15431.528297217179, 17896.827079328916, 18359.601320191727, 16062.782075752384, 18970.10356790182, 16480.59744194527, 18153.080104947705, 17734.195514220406, 19578.502850595374, 16215.680377667131, 18250.963078251767, 17886.435516415055, 22631.955677426253]
fps.ltu:[1468.938837540675, 2760.230214097761, 2348.7591458322304, 2343.906992971457, 2256.70561232606, 1581.078279415618, 2249.6019336689023, 2097.8763456050456, 2952.2934246548425, 3416.3650124535475, 1776.5659819387147, 2167.9525942855807, 1498.9188030369623, 2003.4990532445033, 2123.4415219842663, 1610.7253355490805, 2261.0197732192228, 1711.2516536880846, 2078.509025117206, 1967.978938264336, 2388.972377887193, 1668.0867612794395, 2078.582005730679, 2001.691232927079, 3259.6853829911024]
fps.c2:[0.9738620486884724, 1.2995174450249478, 1.4414875430633196, 0.7643398289943502, 1.1844604551829596, 1.3365324331899266, 1.6522901770507148, 1.1206341605234096, 0.9553775504459632, 2.5210680901756097, 1.154031957227924, 0.9011860517500383, 1.5193584694019793, 1.8574515050022113, 1.372910914667834, 1.8950716442822129, 1.2505275514903873, 2.1718513453231747, 1.420472409689221, 0.6826635604525882, 1.2690295651344532, 1.5355356705997172, 1.5227153364422281, 1.2523025569237176, 1.3275420058786607]
