Ri:[50, 100, 150, 200]
Zi:[100, 200, 300, 400, 510]
FC:[[3.997534607965848, 4.0233006593786875, 4.045315549501789, 4.0653089411079355, 4.084819953209594], [4.019620595021871, 4.029900453377724, 4.051150988425453, 4.080792676161292, 4.105462024284192], [4.116951812461324, 4.155930154386927, 4.180878595715701, 4.211934731000217, 4.241140305501268], [4.747492614012124, 4.799571899803528, 4.833982598213545, 4.861755380075463, 4.888054080106321]]
FCE:[[0.04311117104449247, 0.029676020132550936, 0.024092171169626312, 0.020659870316258017, 0.018230901023056162], [0.02172032419219813, 0.01476736332830922, 0.011937730084558602, 0.010301720139926088, 0.009078568227735418], [0.015112365189165956, 0.010335812009812588, 0.008343187922898313, 0.007201514520832519, 0.006366081734087028], [0.013725261345900526, 0.009369533643220466, 0.007565379741385455, 0.006526001743629794, 0.0057698809034518175]]
fps.ts:[1606667122.89462, 1606670599.4138598, 1606674075.9331, 1606677552.4523401, 1606681028.97158, 1606684505.49082, 1606687982.01006, 1606691458.5293002, 1606694935.04854, 1606698411.56778, 1606701888.08702, 1606705364.60626, 1606708841.1255002, 1606712317.64474, 1606715794.16398, 1606719270.6832201, 1606722747.20246, 1606726223.7217002, 1606729700.24094, 1606733176.76018, 1606736653.2794201, 1606740129.7986603, 1606743606.3179002, 1606747082.83714, 1606750559.3563802]
fps.e0:[9978.185353427805, 9963.041009516992, 9955.589431930159, 9981.257526595205, 9962.609482945432, 9968.685441046424, 9994.194432546004, 9987.42215822178, 10002.007294600915, 9963.737685938871, 9977.940084381053, 9982.904451117774, 9980.998123439424, 9957.005534369297, 9985.155284534947, 9967.719082662305, 9964.086982832454, 9964.713257433581, 9964.488621916003, 9971.659577968312, 9982.64110262082, 9981.463727965758, 9987.928811482429, 9989.171347991636, 9923.569738736938]
fps.e0u:[19.156360021678942, 19.280356641321777, 18.9983006378131, 19.36299639018191, 19.408544871152866, 19.056274405580755, 19.51530127473944, 19.31244501298307, 18.981900570669413, 19.021971674673846, 19.0197907461175, 19.196097126489033, 18.72043900220793, 19.29487445299914, 18.816631923535486, 19.41850472983946, 18.868695224513214, 19.24652941956019, 19.145281847987807, 19.495134915785393, 19.37631744596717, 19.035887651875992, 19.05174816804157, 19.004594041139455, 19.22859026949526]
fps.lt:[16272.913084752396, 18272.557039009593, 18408.513986224134, 17282.361742420293, 18771.554779461665, 17222.293160151723, 16271.848918612339, 16259.950394379937, 16067.899376116946, 17728.080193811278, 17234.18229038859, 16151.3099679019, 16879.181019126132, 18099.932331094053, 16424.565255808033, 17921.328859047066, 18566.982799214748, 16794.536599502895, 18730.604347766886, 19453.376352992276, 15027.194878894767, 16585.67431924005, 17474.591420699293, 16614.958798195607, 23081.208723679567]
fps.ltu:[1528.5926092107331, 1944.0138609794476, 1954.2093637994737, 1729.874692578435, 2039.319633483039, 1697.1401663654754, 1539.1001228095695, 1524.7671540762922, 1476.5802080377114, 1797.2449945801895, 1698.75656401941, 1504.2436227359708, 1611.3547489121345, 1905.9279346568171, 1532.5265673649228, 1868.0556140083902, 1952.053258308639, 1632.7760637571762, 2009.737830116189, 2184.708756359157, 1310.14096606594, 1582.194936754926, 1749.1680162216765, 1579.6911161202802, 3065.512280028903]
fps.c2:[1.612212582736583, 0.9244683449152975, 1.759893553415139, 1.5255145954804432, 1.9691236388643008, 0.7648530036996088, 0.9115496885469958, 1.5356526612032062, 1.2418250387996406, 1.3685765752067274, 1.217319440566081, 1.6344554087638647, 1.0594671201699881, 0.944039026911607, 1.12916042867497, 0.9688328790391358, 1.2284429890646278, 0.8718933768448387, 1.2526925921486813, 1.4179164297988425, 1.2176721648973468, 1.5961177797858777, 1.3302051877957968, 0.8454191930283259, 1.57847088481978]
