Ri:[100, 130, 160]
Zi:[50, 100, 200, 300, 400, 500]
fps.ts:[1762.6705399990083, 5288.011619997025, 8813.35269999504, 12338.693779993058, 15864.034859991074, 19389.37593998909, 22914.71701998711, 26440.058099985123, 29965.399179983142, 33490.740259981154, 37016.08133997917, 40541.42241997719, 44066.763499975204, 47592.104579973224, 51117.44565997124, 54642.786739969255, 58168.127819967274, 61693.468899965286, 65218.809979963306, 68744.15105996132, 72269.49213995933, 75794.83321995736, 79320.17429995537, 82845.5153799534, 86370.8564599514]
fps.e0:[10821.174073859065, 10800.769635856801, 10821.279269792114, 10823.88484803547, 10796.328050480242, 10808.978238842814, 10832.219614413712, 10814.081848685319, 10814.691872714884, 10814.196008838248, 10805.181084208643, 10808.40373774267, 10811.159803645229, 10802.610808627667, 10814.366503270834, 10826.221649135065, 10814.862409961062, 10793.45336734865, 10814.575880331728, 10799.738137318529, 10797.445645308244, 10782.31121477325, 10791.059415572, 10783.801707086475, 10795.391198569054]
fps.e0u:[10.963044625012953, 11.35664511724857, 11.549276913009084, 11.971092140957735, 11.975412098218055, 12.193660446961548, 12.178359795414865, 12.165298952044234, 12.167948771545007, 12.16695750363864, 12.079439401489013, 12.167595208543318, 12.073799679480286, 12.138288241353681, 12.07794264168788, 12.119668385698754, 12.222120596369226, 12.158482668216458, 12.006996805260378, 12.21260125000457, 12.114842156917291, 12.277427935194384, 12.170221577618978, 12.3790142102155, 12.38508985235023]
fps.lt:[5527.983830086601, 5678.10849792951, 5482.362593470881, 5412.210355380654, 5657.272463973171, 5541.873345674197, 5358.431787048312, 5485.146771379845, 5474.637439545127, 5528.938060733932, 5580.667744070003, 5480.125966129057, 5536.727210784298, 5632.929222651191, 5503.14414139749, 5456.859133926936, 5577.041432727366, 5744.0779402998905, 5638.054259741711, 5696.7003700180485, 5813.771740667998, 5809.279968209608, 5877.390417315064, 5965.949618006743, 5767.577589046395]
fps.ltu:[92.13176285977838, 100.81041610075663, 95.00858946931014, 96.30666494877167, 105.4183913637476, 102.57509088696759, 95.86139260537804, 100.38755980213506, 100.24335133811122, 101.69077685922396, 103.37346723171873, 100.65739280376238, 101.69041831573158, 104.98049592940491, 100.64055676712604, 99.0890943214688, 103.90555644577258, 110.00288196829425, 104.75185766418086, 108.24325391777046, 111.84414503705456, 113.40098412488456, 115.0285828821817, 120.18930221548004, 112.89309781902915]
fps.c2:[1.1029652360955122, 1.6436201859211355, 2.160014546654406, 2.141029905322766, 2.1554730108610487, 1.762624448039573, 1.036030011002288, 1.46416846720931, 1.3565481647200615, 1.2312340290978316, 1.8563072934029714, 1.0678887715300018, 2.0545249214595653, 1.640940055648709, 0.8616249496033302, 1.2853938026386706, 2.0279436456242865, 2.6129079854158923, 2.0443110951023797, 1.93206119442876, 1.1669656881078365, 2.7367660224593946, 3.5273427253344734, 2.4110923928401964, 2.0398757099938645]
FC:[[3.78041570954194, 3.7993595528403237, 3.836767015438633, 3.888570785171012, 3.952468208464229, 4.020678529874495], [3.811374842442395, 3.824778175587934, 3.8869222914365436, 3.9359288987721657, 4.002987771586967, 4.066920917249992], [3.883136757607447, 3.9372488554662985, 3.997118609927878, 4.0450095176363545, 4.115900211246933, 4.180344549666243]]
FCE:[[0.035048569236709445, 0.01789072113310363, 0.010848298503980692, 0.008220744503629855, 0.006782375694863753, 0.006030530448564969], [0.027569316447037466, 0.013917731766092041, 0.00822851820505027, 0.006206115480064293, 0.005273605965020673, 0.004691297194335726], [0.022657944584266915, 0.011168730371848594, 0.00673294176206206, 0.005216628902017013, 0.004451488379082216, 0.003967907010832278]]
