Ri:[50, 100, 150, 200]
Zi:[100, 200, 300, 400, 510]
FC:[[4.04336235131496, 4.025490950144446, 4.023293378960313, 4.041560352601614, 4.058057020795069], [4.025287996986811, 4.026245907307934, 4.040172993893562, 4.063171856586765, 0.09740585649646023], [4.14745938960315, 4.1492814870035035, 4.167424388693497, 4.1956430796870245, 4.22346994798918], [4.779080431589877, 4.799771722612402, 4.825494045702832, 4.848695997335926, 4.867726240298458]]
FCE:[[0.03428575434256906, 0.023297067327605954, 0.01883109301134973, 0.01625856235620307, 0.014334575744734401], [0.016967644235322925, 0.011532827541673923, 0.009345229055877698, 0.008083898034703581, 204051.45095231576], [0.011933456628980814, 0.008080354332817369, 0.006515394831810076, 0.005636327337138769, 0.004861216640958481], [0.01079433735480387, 0.0073346323951040526, 0.005922451030080456, 0.005113385939844915, 0.004523700700126432]]
fps.ts:[1613737248.17098, 1613740709.35494, 1613744170.5389, 1613747631.72286, 1613751092.90682, 1613754554.09078, 1613758015.27474, 1613761476.4587002, 1613764937.6426601, 1613768398.82662, 1613771860.01058, 1613775321.19454, 1613778782.3785, 1613782243.5624602, 1613785704.7464201, 1613789165.93038, 1613792627.11434, 1613796088.2983003, 1613799549.4822602, 1613803010.6662202, 1613806471.8501801, 1613809933.03414, 1613813394.2181, 1613816855.4020603, 1613820316.5860202]
fps.e0:[10736.551955149644, 10760.211475546941, 10704.27842582791, 10753.787656514596, 10715.353212950033, 10725.67157305366, 10758.169552250729, 10733.824123963936, 10732.379214159713, 10723.523073283148, 10752.477645038553, 10753.129472051643, 10755.145413843737, 10772.354484891668, 10697.948545721047, 10735.947983825337, 10693.782911604167, 10733.577963604426, 10704.597336091103, 10720.143909259667, 10734.798120695736, 10761.50099946362, 10716.874907535253, 10739.81757558043, 10727.082563097269]
fps.e0u:[15.983923578975514, 15.74540293755279, 16.13331303236946, 15.899866811859706, 16.03112433594854, 15.98495038895106, 16.017642102092537, 15.872672933156759, 16.108921676805984, 15.883760440945876, 16.043397843187982, 15.841581273668526, 15.936751146219919, 15.889813283847037, 15.90802252247259, 15.873445872994138, 16.19861746942139, 15.838865409947125, 15.998432812252409, 15.855503477405119, 16.015518424117104, 15.820803126342959, 16.113828010499187, 16.054863543933457, 15.987502139784063]
fps.lt:[18218.22547393935, 16464.13008662471, 21208.35573730387, 16635.057859109424, 20566.801745969824, 19179.21822644625, 15451.767908356085, 18129.255428394994, 18236.659850179545, 17881.051428242044, 16214.59597255722, 16677.092933840544, 15812.919165659721, 15677.154636165136, 20411.608601242384, 17512.12206663516, 21907.547791655124, 16910.52567398763, 21222.816671874876, 17984.796485971194, 18282.00270936486, 16348.910898284132, 18760.626028517065, 16933.44615723933, 19308.0401461697]
fps.ltu:[1488.0979598429724, 1203.1397421007862, 2029.6287888223505, 1231.6947820182272, 1900.468878270531, 1648.4551870040002, 1079.9338156694964, 1467.4035341403833, 1503.517430520183, 1441.2278495999844, 1190.4219015936992, 1234.1155308029997, 1125.6154028207382, 1093.6312037305374, 1872.4567325440264, 1358.4029638144923, 2176.1737213284405, 1275.2842553264547, 2022.5532830335146, 1435.5006674139045, 1498.0644599438303, 1191.45028498604, 1586.5855960353656, 1288.6477921277917, 1668.8697782095123]
fps.c2:[1.089883624605285, 0.9877991929438891, 0.7802626430012578, 1.307358683573276, 0.9171375734730418, 1.2327266629851032, 0.449221231897343, 1.2457919071858787, 1.12383263249022, 1.1998711579009433, 1.9122650189861987, 1.7618397595866493, 1.5178386144815477, 1.75450752725761, 1.169556035306648, 2.4925959891959772, 1.8936814124889163, 1.2726182395190833, 0.5149125305968528, 1.3588183009521575, 0.8876847541852804, 0.5774096041453596, 0.9448754490189966, 1.5129265552592626, 1.266968469722101]
