Ri:[50, 100, 150, 200]
Zi:[100, 200, 300, 400, 510]
FC:[[4.038850927760931, 4.023382449381343, 4.028562316779345, 4.0388809839502455, 4.051904169719831], [4.024341750355149, 4.020961683235146, 4.038447640894285, 4.063479013012814, 4.082060490217932], [4.1467618076684625, 4.158375413864002, 4.180507295957203, 4.209323337448006, 4.239165649950269], [4.773202046704302, 4.817850655537429, 4.84564175647658, 4.879778881603256, 4.9046824926402754]]
FCE:[[0.037233244847925055, 0.025066368721299245, 0.020245510236737034, 0.017576142393275145, 0.015644931594799516], [0.018702028962483786, 0.013059567868840377, 0.010258167565301245, 0.008931449476567106, 0.007935132213754548], [0.01276460227724202, 0.008673864054714948, 0.007032001826723514, 0.006115428958920254, 0.005445263953520139], [0.011812110510193794, 0.008101206219520376, 0.0065698999352432055, 0.005699453328379532, 0.005060337491511743]]
fps.ts:[1615194006.15226, 1615197458.52278, 1615200910.8933, 1615204363.2638202, 1615207815.63434, 1615211268.00486, 1615214720.37538, 1615218172.7459002, 1615221625.11642, 1615225077.4869401, 1615228529.85746, 1615231982.2279801, 1615235434.5985003, 1615238886.9690201, 1615242339.33954, 1615245791.7100601, 1615249244.0805802, 1615252696.4511003, 1615256148.8216202, 1615259601.19214, 1615263053.5626602, 1615266505.9331803, 1615269958.3037002, 1615273410.67422, 1615276863.0447402]
fps.e0:[10756.605459694623, 10739.845969711392, 10739.725948056419, 10757.583382746458, 10764.657591109955, 10748.031630802492, 10723.197657974133, 10761.294824563216, 10744.366640324273, 10784.03933878687, 10751.78610473519, 10745.038072182593, 10755.613447061663, 10735.160918092462, 10722.795124675393, 10736.931326144357, 10765.300860008065, 10744.187180898565, 10771.867849481949, 10771.038555335836, 10779.424768268467, 10738.92815015359, 10729.527931331662, 10736.701132178585, 10773.66524562458]
fps.e0u:[17.78008724010424, 17.611048252481023, 17.790149988007553, 17.907510988531612, 17.698876683201572, 17.8476902195859, 17.716509028895384, 17.98952600610645, 17.95464234236493, 17.906797688339708, 17.838552539970628, 17.810643186635446, 17.879401626473534, 17.983861319530746, 17.711875707246815, 17.697227864756105, 17.83575479577793, 17.976993869566996, 17.911451159799814, 17.88205260119913, 17.59486720477514, 17.753064081811704, 17.71731951041473, 17.735060983969124, 17.74377366558229]
fps.lt:[14203.190305251002, 15518.156935267316, 14448.756905631397, 13488.441583049274, 14179.183170891753, 14841.639439136927, 16238.249182611116, 14264.5011214816, 15702.968808658132, 13356.925052221093, 15331.169208376046, 15716.943900326469, 15460.381885463425, 15202.120106501161, 18237.06907766357, 16251.048697030434, 14661.329604987026, 16705.99957910475, 13668.699085507094, 14623.246620079586, 13423.145637201367, 15506.924344229392, 15521.78588302364, 15699.6358672207, 14053.341550023473]
fps.ltu:[1015.6265165665891, 1207.520447930322, 1058.961874027714, 923.8530147199104, 1016.8842972910005, 1123.0845783295588, 1327.7620259234716, 1037.4181057721078, 1254.185952752033, 905.8147308340186, 1186.5593970330324, 1250.1409223989729, 1217.0104394085597, 1182.3939334542083, 1658.322765804727, 1332.5544302281155, 1086.8930105929162, 1407.861964860731, 944.2996730262938, 1079.0092329770673, 905.1296421698604, 1208.9146910001205, 1214.6037979333792, 1233.6794978193086, 990.543588704471]
fps.c2:[1.0625544128563453, 1.3055768101162857, 1.1567163307406612, 1.1904310814999925, 2.074405444745455, 0.9375329877294128, 1.1706606927213545, 2.2881678902430953, 1.644757685868345, 1.083634724436426, 0.8846994815067644, 0.7781239052404485, 0.6111890112738642, 0.9368642372716974, 0.8793832813695368, 0.573842463110844, 0.6178159454004093, 0.996275335176504, 1.5369816386869188, 0.8606735678027911, 3.2734508640774984, 0.9742458890987508, 0.8475481441952575, 2.453335538243886, 0.9500395095517411]
