Ri:[100, 130, 160]
Zi:[50, 100, 200, 300, 400, 500]
fps.ts:[1752.475419998169, 5257.426259994507, 8762.377099990845, 12267.327939987183, 15772.27877998352, 19277.22961997986, 22782.180459976196, 26287.131299972534, 29792.082139968872, 33297.03297996521, 36801.98381996155, 40306.934659957886, 43811.88549995422, 47316.83633995056, 50821.7871799469, 54326.73801994324, 57831.688859939575, 61336.63969993591, 64841.59053993225, 68346.54137992859, 71851.49221992493, 75356.44305992126, 78861.3938999176, 82366.34473991394, 85871.29557991028]
fps.e0:[10873.197880258695, 10908.698312693437, 10892.306719032638, 10910.376533400184, 10901.748821345662, 10905.90554642726, 10909.56961496917, 10897.177514615383, 10896.586193780342, 10878.297768650187, 10892.752777412032, 10893.921145514534, 10896.44461430728, 10915.609921601348, 10897.093264506288, 10888.122667630576, 10917.133092389027, 10897.557969393318, 10902.31636652976, 10885.30275427664, 10902.02210208376, 10902.878181662156, 10903.575659543829, 10889.911951163424, 10898.428157374694]
fps.e0u:[10.535291379717581, 10.671179391254087, 10.468918723538987, 10.701929306559183, 10.655572428939266, 10.459695602218641, 10.473940396659597, 10.552496633022589, 10.56175519113186, 10.6434012290726, 10.593909718489043, 10.505176777822276, 10.564771694621687, 10.558534004786965, 10.484267131361028, 10.596521815030744, 10.337765137434637, 10.489344397936796, 10.53289858049993, 10.497024277227972, 10.501369488000861, 10.478152031217105, 10.561333805819324, 10.527508079433893, 10.529149627826104]
fps.lt:[5936.486282646347, 5640.436272241678, 5799.730851715649, 5646.774047203807, 5695.912495903053, 5726.875802080249, 5658.483542206475, 5677.07983702, 5758.161992087157, 5920.60699468746, 5774.996702715929, 5795.90945264037, 5837.510728044364, 5629.052276172939, 5852.617636540206, 5789.741396753099, 5602.888594356089, 5670.032688693072, 5682.076334452846, 5842.75450903201, 5697.034347976589, 5758.3058442457705, 5686.89529654574, 5821.090767477459, 5750.5321307502645]
fps.ltu:[101.39576737368971, 92.58211701451789, 96.28629286433562, 93.09339594188265, 94.08553065972065, 93.70333513171883, 91.51860574760246, 92.59501216208571, 95.4265464253899, 101.92822193171888, 96.02765716402587, 96.44393244537595, 98.47440609749499, 91.07159023994012, 98.02087786834481, 96.91699168345536, 88.99933614562984, 92.6378897103156, 92.65057727304324, 97.96699823280895, 93.00458973317684, 94.79323623551034, 93.52610919076066, 97.33922385702651, 95.3414843318128]
fps.c2:[1.8592075275283373, 2.353104217919188, 3.010717404144754, 1.6011226178406308, 1.8676183596846567, 5.243653994650095, 3.672181189333444, 2.617243977350259, 2.41384341738215, 2.0862519930984935, 2.1543550465473116, 2.674983209723953, 3.669676019189616, 3.0097659958647984, 3.2992799399998765, 2.8431749280703604, 1.117751112673412, 1.9315481917193102, 1.2612789969588376, 2.475575676621259, 2.6850612441072608, 2.339975329213954, 1.8446904632763657, 2.509191078630558, 1.6059623642275132]
FC:[[3.674016671603111, 3.7080242315293734, 3.776961514646549, 3.857455852172068, 3.9213208654780147, 4.003769791123591], [3.708746821573669, 3.745733770442287, 3.8080922237133406, 3.8875924078555353, 3.9608180978947547, 4.034993536955962], [3.7906784129322175, 3.8125554882593087, 3.8805210044799643, 3.9591159699106147, 4.033641161194954, 4.10710781979354]]
FCE:[[0.027599219462113512, 0.014506933732767433, 0.009083719646218852, 0.007176343382305236, 0.006106155304070113, 0.005350862295704937], [0.021581984001055307, 0.011269689635155586, 0.006979759229964169, 0.005519051259929958, 0.004608762288987041, 0.004131180505560433], [0.01831365753845958, 0.009394525282823394, 0.005787074695432975, 0.0045739599946142215, 0.0038232586091132815, 0.003432878721602538]]
