Ri:[100, 130, 160]
Zi:[50, 100, 200, 300, 400, 500]
fps.ts:[1808.5568199968338, 5425.6704599905015, 9042.784099984168, 12659.897739977838, 16277.011379971504, 19894.12501996517, 23511.238659958843, 27128.35229995251, 30745.465939946174, 34362.57957993984, 37979.69321993351, 41596.80685992718, 45213.920499920845, 48831.03413991451, 52448.147779908184, 56065.26141990185, 59682.375059895516, 63299.48869988918, 66916.60233988284, 70533.71597987652, 74150.82961987019, 77767.94325986385, 81385.05689985753, 85002.17053985118, 88619.28417984486]
fps.e0:[10848.850650025726, 10867.903224034766, 10870.932879098866, 10857.370629006566, 10859.23724869156, 10862.077164682993, 10876.750824223374, 10877.95440848106, 10883.806658256604, 10876.968037184377, 10887.733034783867, 10866.778565047385, 10875.64848411494, 10874.078406726683, 10880.582413011623, 10857.647494348448, 10891.344289171906, 10886.25939501872, 10891.526837247493, 10858.338284782636, 10861.293106807881, 10881.543177632208, 10867.423668096164, 10873.244068292213, 10873.911473449945]
fps.e0u:[10.023073174730868, 10.133293720231341, 10.003909395662774, 10.057414431891782, 10.01454338176671, 10.052179095565544, 9.948293909631891, 10.092947521938534, 10.003684205044316, 10.072618787674388, 10.067485614504577, 9.989479649583714, 10.016625626393562, 10.004453676179551, 10.01419531320915, 10.060319828264928, 10.007860951032388, 9.997857446580195, 10.038310578077557, 10.035856560265279, 10.083590251529671, 10.039023057661193, 10.033909089237515, 9.966749033136965, 9.98833637659213]
fps.lt:[6318.190932783333, 6139.902471716106, 6060.558934806966, 6215.751278424741, 6236.313892362756, 6187.615324804898, 6108.31100517764, 6079.416386332673, 6079.859247701929, 6104.388251325637, 5906.377075646223, 6162.519913305315, 6143.768479062112, 6272.959078034142, 6083.693054112684, 6316.977279833248, 5958.382407621851, 6138.091707631012, 6003.5744485260275, 6279.884644092523, 6343.741011882706, 6132.990668568817, 6299.94016181104, 6363.060396195465, 6243.623465538874]
fps.ltu:[109.08973126786364, 104.11200606002956, 100.04938951412508, 106.42190916845888, 106.42095459736447, 105.38887331252188, 101.80374114528814, 102.05068316385342, 101.31882217520145, 102.4345539201065, 96.32308556968417, 104.00859076933335, 103.46179671976323, 107.4601330771331, 101.07205388439121, 109.7830149463333, 96.80630307689808, 102.80872062710935, 98.6217436853135, 107.80155453705005, 111.0399116618054, 103.01731636069654, 108.43737625506108, 110.43247732252928, 106.75575295307264]
fps.c2:[2.722211478197588, 1.9511349178163597, 0.9591041691274605, 2.903156910146222, 2.0018335821577877, 2.813816390597295, 1.783070702628708, 3.7917526814644082, 2.658204158159421, 3.0229210889288844, 1.728235464234851, 2.8803515458761897, 3.241886404308064, 3.7373424335647405, 2.8732718619760202, 3.503918305178054, 3.2726032460022987, 2.2191897384658237, 2.7677259810452393, 4.1360879218213205, 1.6954953528803178, 3.1719028093746076, 4.195696674170287, 3.8037275461049616, 4.566832903830419]
FC:[[3.8139788253678857, 3.831381585370285, 3.8656427202677897, 3.924812784905248, 3.9985291008540034, 4.075552915880156], [3.8581600360209176, 3.876665228135406, 3.9114566314985164, 3.9730064101471396, 4.044293454161124, 4.121967049621499], [3.9594117156981605, 3.9929861853652637, 4.035213994719218, 4.103305320090993, 4.170477842876927, 4.2458759236522265]]
FCE:[[0.02810907519265832, 0.014596622762377512, 0.009004675417812821, 0.007043761788320436, 0.005865322823717204, 0.005241917905059301], [0.020980170392923755, 0.01135064339661546, 0.0069585748250791495, 0.0053200383764148125, 0.004546152336084525, 0.004073229147351666], [0.017844832490023502, 0.009349750092197634, 0.0057340747844852255, 0.004502749274228433, 0.003850794100735312, 0.003374533200890375]]
