Ri:[100, 130, 160]
Zi:[50, 100, 200, 300, 400, 500]
fps.ts:[749.6895399999619, 2249.0686199998854, 3748.447699999809, 5247.826779999733, 6747.205859999657, 8246.58493999958, 9745.964019999505, 11245.343099999427, 12744.722179999353, 14244.101259999275, 15743.4803399992, 17242.85941999912, 18742.238499999046, 20241.617579998972, 21740.996659998895, 23240.375739998817, 24739.754819998743, 26239.133899998666, 27738.512979998588, 29237.892059998514, 30737.27113999844, 32236.65021999836, 33736.029299998285, 35235.4083799982, 36734.78745999813]
fps.e0:[10012.3229181893, 10071.824978561206, 10103.67478904133, 10158.587196650793, 10175.395258605926, 10138.245439141718, 10218.065498829272, 10185.724693367873, 10265.381268208184, 10150.393277538942, 10223.446384964343, 10255.772210185507, 10293.278598754063, 10289.002935439144, 10295.337293488703, 10327.80789273849, 10279.466910223793, 10292.08763066653, 10357.123258324007, 10407.317935216286, 10346.26597115183, 10320.42393358818, 10396.1814225041, 10400.236771888329, 10384.777346103781]
fps.e0u:[27.029631464541463, 26.355051873020145, 26.407007303267427, 25.971203003685453, 26.536080982984803, 26.421682328900914, 26.784125216439257, 26.691919234898833, 25.956602496562077, 26.38615354506842, 27.34863724451822, 27.037984770688233, 26.25394783697073, 25.968267336831484, 26.14238397593015, 27.08947956994309, 26.282935396532412, 26.146506021135355, 26.289565058745573, 26.048730136180197, 26.751675808351358, 26.86891244026384, 26.319742951697553, 26.43269508626534, 26.212403592564712]
fps.lt:[6329.357570471947, 6135.166366305481, 6481.523532656739, 5820.876571373642, 5861.246767325728, 6318.335759063706, 5929.820579034031, 6246.009653479325, 5827.059474723858, 7089.5957653743835, 6605.980405707182, 6214.647686822601, 6173.772431707423, 6103.784575280492, 6172.5047871962715, 5933.44551539065, 6608.660037918661, 6934.983994526453, 6042.434174262822, 5798.178502895028, 6359.90289334607, 6533.562155486548, 6029.192063376631, 6109.130726854906, 6253.551250990346]
fps.ltu:[312.74738316587104, 285.57983201430994, 318.24164700728846, 254.0894555587287, 260.5712796574953, 304.8832440748764, 266.33383005840864, 298.06210689528655, 253.60416666714963, 378.88226246201003, 338.09330100895085, 295.55199764294787, 285.96695319778127, 278.29082938732085, 287.63047903696327, 268.4524420190328, 328.91445472403365, 359.10928799756476, 271.51993220641066, 248.5183831523962, 303.77661586149065, 323.47600829473134, 268.5358364290617, 280.25882002331696, 287.33537709413486]
fps.c2:[1.900112063677916, 0.9041866593713958, 1.9674072981163127, 0.9312564481230647, 0.38376539911200097, 0.9946398842443231, 1.3160188047719994, 0.8935366269809878, 1.1591777644765222, 1.9736606159002816, 1.1809800795295755, 1.6581726083084487, 1.117302068066326, 1.2833271260192345, 0.7033064915660421, 1.3166659237565257, 1.4527123785157134, 0.7134737263632782, 2.225966784302837, 1.1602587501367816, 0.9773790491427546, 2.1113739204674533, 0.7778209437455412, 1.6220652156492208, 0.8804489143713023]
FC:[[7.059825909371884, 6.202097308830778, 5.765293260400358, 5.572355502166896, 5.479577607235086, 5.427459130342043], [7.144846082057001, 6.300849128117082, 5.788360485183633, 5.586441284547849, 5.475557606013342, 5.434794821866493], [7.266964959986108, 6.387494848049812, 5.89074892907001, 5.6749779450358355, 5.5688710764148, 5.532766552324663]]
FCE:[[0.16193021511208433, 0.06982586651699971, 0.03886352133763741, 0.028063796111670612, 0.022365335560767304, 0.018846672847409318], [0.12404312897623987, 0.05353583648886927, 0.02927214207342537, 0.021101893107420135, 0.016847263856977813, 0.014294156003169857], [0.10191041959451351, 0.04380388288678153, 0.023694576659050507, 0.017147166379576084, 0.013715581946101632, 0.011735588000007634]]
