Ri:[50, 100, 150, 200]
Zi:[100, 200, 300, 400, 510]
FC:[[4.075392054570759, 4.055233501484545, 4.03610911416647, 4.039317945059741, 4.05007053059671], [4.042589051030647, 4.04679444652631, 4.051105422057603, 4.071480066232327, 4.093711244808522], [4.163322357664021, 4.185204804892869, 4.2030959790652265, 4.227463064171877, 4.250241406166794], [4.799066096356417, 4.841134495431678, 4.869301153908718, 4.898239855196078, 4.919477724337339]]
FCE:[[0.041957291154739645, 0.028160062877531502, 0.02272238972687586, 0.01954280097612337, 0.01717036705960394], [0.020893978878703146, 0.01418093756489967, 0.011435257583148868, 0.00984616014319697, 0.008688572255294088], [0.014688158222782575, 0.009934402761143653, 0.008014712573848932, 0.006912950690982546, 0.00610882847343857], [0.01314603062524837, 0.008948790446072653, 0.0072303182099789365, 0.006238926648081244, 0.005517781578733536]]
fps.ts:[1616670305.14306, 1616673732.58518, 1616677160.0273, 1616680587.46942, 1616684014.91154, 1616687442.35366, 1616690869.7957802, 1616694297.2379, 1616697724.68002, 1616701152.1221402, 1616704579.56426, 1616708007.00638, 1616711434.4485002, 1616714861.8906202, 1616718289.3327403, 1616721716.7748601, 1616725144.2169802, 1616728571.6591003, 1616731999.1012201, 1616735426.5433402, 1616738853.9854603, 1616742281.4275804, 1616745708.8697004, 1616749136.3118203, 1616752563.7539403]
fps.e0:[10722.799493997441, 10705.989376847965, 10672.684153634258, 10652.610464627054, 10648.729235387433, 10676.681005100112, 10653.819292475033, 10711.193012675889, 10699.876739412019, 10689.260944285801, 10678.85383076017, 10677.524346899985, 10698.95856785779, 10694.295614206681, 10670.058820383792, 10663.720884903376, 10655.530645845538, 10682.747043122416, 10673.622078509788, 10663.091444533555, 10636.080300102125, 10685.947101872032, 10643.210885568858, 10691.582918818362, 10655.207083775449]
fps.e0u:[19.270736945661273, 19.148432305668347, 19.105366624010525, 19.273306045863126, 19.210241491470132, 19.298027275306364, 19.37829716563028, 19.223939316529542, 19.316066694773248, 19.247363736798796, 19.405193612833752, 19.156437587309956, 19.477143085517785, 19.16397990033777, 19.00318774576803, 19.312758387312563, 19.07239358324715, 18.97233852799773, 19.086283929239507, 19.048583303800577, 19.381329481897048, 19.275237715774065, 19.401622768003488, 19.073837406711135, 19.727107448667564]
fps.lt:[16255.704480656726, 17985.83894158519, 20087.800857451522, 20861.24514498037, 23013.73976529567, 18792.821571808287, 21339.88770285604, 16890.397782323846, 18497.425874980665, 18077.232902420576, 20998.170671541367, 20154.637288317652, 17000.687726298303, 18377.841797740366, 20421.785819672907, 22048.23277111393, 22013.968649700866, 20302.327420483765, 20270.188108095477, 22843.85198152995, 24561.39968750511, 18518.25905382776, 23414.875345700966, 18438.58127177841, 24106.77274061276]
fps.ltu:[1424.3161740002174, 1746.9921601116428, 2169.7386145737532, 2372.860141323545, 2880.4342686953983, 1930.6033154956601, 2482.7876119034386, 1554.5595445613053, 1866.0860754290547, 1782.5493151591384, 2376.3121229421567, 2191.4759671721363, 1586.0558450736326, 1832.6139040126043, 2219.587038865934, 2646.338430258541, 2617.84777814382, 2186.580034355712, 2218.7206879044097, 2802.9568308142, 3286.9553715550196, 1860.3977012485054, 2992.7702564515816, 1824.3064260650845, 3226.147654107812]
fps.c2:[0.8596991355465889, 0.8095662112223506, 1.1655264094883304, 2.006234599985475, 1.007044521144354, 1.1401571516904168, 1.5126363994887535, 1.1094588710060438, 0.7144039766080195, 0.7567063668203892, 1.7523300312418277, 2.170246365902568, 1.4173611944977031, 2.173532758948272, 1.3388429545359346, 1.8473825383575853, 0.9416001560351315, 1.682960497542715, 1.7716382374487116, 1.6179386342306186, 1.2254794655930221, 2.2812286514045432, 1.8104274795615056, 1.9731571213403, 0.6474114158236538]
