Ri:[50, 100, 150, 200]
Zi:[100, 200, 300, 400, 510]
FC:[[3.998120969318457, 3.99155118390345, 4.010204201208711, 4.054252802145984, 4.082180876759662], [4.009756436045946, 4.002281871496633, 4.036053711097311, 4.07394619095606, 4.09805018109409], [4.13781587562751, 4.149275425766019, 4.179138451196404, 4.209947270536634, 4.242014679122819], [4.797375856272826, 4.823843354581535, 4.866228911065242, 4.897011272097176, 4.901706402976755]]
FCE:[[0.0419950989519579, 0.02829880128539687, 0.02289180387640906, 0.02008280133141599, 0.0177880659505913], [0.020965538470068698, 0.014112480670570384, 0.01149459776662962, 0.009983673787381476, 0.008839177822598595], [0.014740925381493047, 0.009937475831251092, 0.008052991603264293, 0.006959717955094191, 0.006179627904278164], [0.013367736363879322, 0.009072667945091427, 0.0073356633584955476, 0.006345037700361224, 0.0056430752173300585]]
fps.ts:[1617014417.69124, 1617017890.11572, 1617021362.5402002, 1617024834.9646802, 1617028307.3891602, 1617031779.81364, 1617035252.23812, 1617038724.6626, 1617042197.0870802, 1617045669.5115602, 1617049141.9360402, 1617052614.3605201, 1617056086.7850003, 1617059559.2094803, 1617063031.6339602, 1617066504.0584402, 1617069976.4829202, 1617073448.9074001, 1617076921.3318803, 1617080393.7563603, 1617083866.1808403, 1617087338.6053202, 1617090811.0298004, 1617094283.4542804, 1617097755.8787603]
fps.e0:[10660.873865028683, 10667.292644956067, 10666.30051807061, 10661.425347842438, 10688.661660373687, 10691.067347974194, 10644.811334651029, 10679.999421512806, 10669.266725129144, 10705.911202998615, 10703.325972637453, 10691.570867691587, 10675.807463566292, 10685.866895183552, 10713.220673058971, 10682.87887283149, 10702.149555531363, 10675.410305953534, 10702.12257855707, 10699.897953948857, 10670.127133738282, 10724.407508107453, 10681.949544839692, 10678.997636420328, 10672.449923768629]
fps.e0u:[19.73819666278058, 19.61034666283751, 19.421316781184863, 19.70197024588725, 19.470317148941525, 19.32843189017672, 19.59191413693048, 19.528191105065623, 19.356752275842695, 19.532177700475344, 19.6649260749254, 19.437930692385226, 19.556147664132833, 19.45662241714144, 19.663683305564103, 19.713907868100677, 19.442059107083114, 19.31638699965707, 19.474667461306822, 19.270893978681645, 19.53724350250178, 19.424456307593587, 19.49876206907113, 19.10675680055007, 19.61240071183738]
fps.lt:[18954.57080378501, 23574.926090836, 18685.339962256287, 18611.92867396904, 18506.73734783897, 16643.452295763047, 21354.253444944872, 18990.06505787768, 21042.743940580935, 16885.326624425154, 17488.334926405794, 16209.174517277264, 20985.882768249154, 18772.47558368807, 15822.479785252295, 18300.720813669945, 17527.54212673362, 17759.6414038131, 16694.684304206123, 17541.619195902782, 20101.620501639154, 15046.528518120502, 17301.64927437569, 19084.517399312306, 23494.416696406177]
fps.ltu:[2006.1886379054436, 3059.275536402663, 1913.515314019581, 1925.0234519876121, 1885.1315895730331, 1509.4489659275746, 2520.8234647583863, 1967.7936722000532, 2424.892537185656, 1575.6570074524757, 1689.1742828159286, 1438.7735771590915, 2431.820856984951, 1938.6468575281594, 1382.0505973441457, 1865.4889894104415, 1695.400670270846, 1726.4655704988272, 1537.9987345112672, 1672.6319541368816, 2230.687045657611, 1245.2943808327973, 1646.855297101491, 1966.2409465327867, 3051.4751745852395]
fps.c2:[1.0598685025742152, 1.3489102519965026, 0.7667177388994966, 1.00987394509049, 1.4128908290085442, 1.1158093420846769, 0.822563960663994, 0.6381285543698986, 1.4405827238652633, 0.8943281411316804, 0.9047578597085055, 2.1491777963197523, 1.9219340821512145, 1.9157112087858583, 1.0046498002311677, 0.6939594364773636, 1.3632646307240548, 0.7240893293688218, 1.5198609758519, 1.1158622369329156, 0.9911796109211507, 0.6933051057767392, 1.0422396994319985, 1.8386301144250103, 1.3504027563302594]
