Ri:[100, 130, 160]
Zi:[50, 100, 200, 300, 400, 500]
fps.ts:[1718.8033599996568, 5156.41007999897, 8594.016799998284, 12031.623519997596, 15469.230239996912, 18906.836959996224, 22344.443679995537, 25782.050399994852, 29219.657119994165, 32657.26383999348, 36094.87055999279, 39532.477279992105, 42970.08399999142, 46407.69071999073, 49845.29743999005, 53282.90415998936, 56720.51087998867, 60158.117599987985, 63595.724319987305, 67033.33103998662, 70470.93775998593, 73908.54447998524, 77346.15119998455, 80783.75791998387, 84221.36463998318]
fps.e0:[10844.000302831462, 10840.67420091654, 10853.731211162058, 10842.52757510143, 10828.794723379702, 10848.890220287127, 10844.53707644251, 10825.409177948164, 10807.366970152738, 10852.791136776705, 10826.698325635374, 10834.554998965812, 10839.199902404122, 10845.270484105042, 10847.173097495775, 10842.101141541205, 10836.957357838357, 10850.613146688387, 10810.466056092495, 10813.366927892936, 10798.948810357313, 10835.246593991453, 10825.333486921727, 10802.596034369632, 10834.370424803623]
fps.e0u:[17.055961217060624, 16.94024794375742, 17.159463407798736, 17.032139089983428, 17.04161352894723, 17.02338664580772, 16.800459400010876, 16.883714146697073, 17.030640732434943, 17.08509619382382, 16.837437407951374, 16.9872190280723, 17.11212283178072, 17.04383741051239, 17.109070210496526, 17.16603551740795, 17.360570012687177, 17.275064677695156, 17.06893688932288, 17.166471608586527, 17.18763850544849, 17.474505976454044, 17.22990876795383, 17.275169329087483, 17.24239283293073]
fps.lt:[7094.551451717451, 7358.021369684425, 7051.100086738187, 7179.117246145526, 7341.4480152274855, 7171.894353648327, 7232.251552770291, 7330.94116838038, 7797.0148115692555, 7076.455116330778, 7330.12297340991, 7394.50779421686, 7215.08893032374, 7111.619417586583, 7221.222941317071, 7218.365992007536, 7312.393128621369, 7112.205434898567, 7596.419368223058, 7553.576705841607, 7737.229983477317, 7503.9826194030065, 7539.609595035432, 7661.992902887253, 7280.479536885874]
fps.ltu:[237.8179431241091, 253.92861634689467, 235.00313728467788, 244.50488382567704, 253.73399889392462, 243.68897834372402, 242.63604956587838, 252.81680150512585, 286.9580161482768, 238.47327625331158, 253.14304214070307, 256.2611398501166, 249.01779712641766, 238.51804735509887, 247.7983610138139, 248.1526811380084, 258.28364248217696, 240.92321475287267, 276.9172799260598, 273.43497117303906, 287.0208372763502, 270.3118039121462, 270.94659223721595, 281.0712703942036, 254.76315359845805]
fps.c2:[0.9190173762887173, 1.757866052817428, 0.575262180947946, 1.6677101571563502, 0.9719872839807421, 2.545944357576668, 1.8661839168903616, 0.9461381859101237, 0.8549322297380783, 1.5579336852666439, 0.9204612990108546, 0.7656610960397431, 0.7086726638176895, 1.8097797568055425, 1.718670844467108, 1.852983232426014, 1.4922010295430481, 1.5771493925107265, 0.5258710270788685, 2.0760597536612506, 1.4119699885677628, 1.7994727343671344, 1.2591955207752656, 0.9981655533319983, 1.4935367061514744]
FC:[[3.8501028774604027, 3.9222624983231498, 3.965325726391289, 3.983228323087874, 4.0378427177585134, 4.079812403220018], [3.8768000573012986, 3.9711117383901002, 4.045220214044421, 4.0817045327773736, 4.122501291357636, 4.160336431317518], [4.070863212949291, 4.1549698773038, 4.217464902301151, 4.260235178295943, 4.313799353448732, 4.348931527619559]]
FCE:[[0.044043508416355244, 0.025552868607879843, 0.016323639368942357, 0.012633199442442641, 0.01058053412047298, 0.009219223433748562], [0.0338194758438206, 0.019767199097249513, 0.012436959156720773, 0.009708782394212048, 0.008182520450863673, 0.007235750112577786], [0.028745345507279217, 0.016505457877197975, 0.010598607889023226, 0.008301250616264914, 0.006990642955659956, 0.006190052420792178]]
