Ri:[50, 100, 150, 200]
Zi:[100, 200, 300, 400, 510]
FC:[[4.02262131889808, 4.030066096846748, 4.015719787133675, 4.023460956398368, 4.047660179895656], [4.020885328930314, 4.026408031336903, 4.025113117303991, 4.046359969590257, 4.070569129467307], [4.122929668417684, 4.149183797529711, 4.156326109834675, 4.181951664558685, 4.208323739394845], [4.801166707115801, 4.830551320635532, 4.848443477649139, 4.868606349538496, 4.883996654701948]]
FCE:[[0.03356234799966966, 0.022755470298455018, 0.018772341638811713, 0.016246742829902263, 0.013881485763093965], [0.01665531503897361, 0.011283278205966706, 0.009351429179397316, 0.007851635372008635, 0.0067316066727996365], [0.011101083852636992, 0.00756874170810422, 0.006099458541104276, 0.005274366124857585, 0.004665621481297755], [0.010311474436910018, 0.007014052855500146, 0.005671986708340223, 0.004897648776530834, 0.004330543211131739]]
fps.ts:[1613229281.85168, 1613232699.81304, 1613236117.7744, 1613239535.73576, 1613242953.6971202, 1613246371.6584802, 1613249789.6198401, 1613253207.5812001, 1613256625.54256, 1613260043.50392, 1613263461.46528, 1613266879.42664, 1613270297.388, 1613273715.3493602, 1613277133.3107202, 1613280551.2720802, 1613283969.2334402, 1613287387.1948001, 1613290805.15616, 1613294223.11752, 1613297641.0788803, 1613301059.0402403, 1613304477.0016003, 1613307894.9629602, 1613311312.9243202]
fps.e0:[10773.59852200015, 10768.649136287233, 10762.55663705706, 10712.627106546899, 10767.872961408952, 10763.738520224322, 10762.055225205, 10757.378883570786, 10750.808677352683, 10768.562524325363, 10763.152856139879, 10745.197949906873, 10774.239504347086, 10775.839232134864, 10734.681263132146, 10740.509852807267, 10779.08247972674, 10779.086861113057, 10745.450461428454, 10758.117302235152, 10768.55412733125, 10742.336965524837, 10771.51437588936, 10774.089045493107, 10739.01640765113]
fps.e0u:[15.371219990250351, 15.378476785001286, 15.358551347250748, 15.55930820941027, 15.46330818284787, 15.359200281329949, 15.315749961081009, 15.365462856454437, 15.431193784905657, 15.394551620194141, 15.380508891690548, 15.484991709697262, 15.421019312425413, 15.3622918913125, 15.33041325951807, 15.442046832302497, 15.297185829223249, 15.349351495055668, 15.384101547191504, 15.394170135034617, 15.424240933215685, 15.344237364704254, 15.420284401167875, 15.45169590874318, 15.472923720662573]
fps.lt:[18174.755409010333, 17207.97853130289, 18955.356995269918, 24434.665647854952, 18630.342861686924, 18491.28789586904, 19017.42183464751, 18161.248176507506, 19806.152657266102, 17957.848471303045, 19088.738414030388, 18907.06620320556, 16280.805704779157, 17310.84328757704, 22921.392051086896, 19187.280222829962, 16240.749953862993, 16826.156532391655, 19681.15062211879, 19071.171314222633, 17231.849869032372, 19902.4712178824, 18921.7720360062, 17281.03107484932, 20406.60833752801]
fps.ltu:[1418.0591591205819, 1275.888586276508, 1549.6312959469963, 2592.0966798451705, 1500.4587477944117, 1475.8580881810367, 1566.6836698623838, 1427.4736391101565, 1698.1781411952131, 1395.1984869482544, 1568.2649092865634, 1559.8366599448602, 1144.0418465978926, 1295.4179311182527, 2260.3963320484927, 1602.844159438554, 1135.258318167601, 1227.4759948428423, 1670.5816564560553, 1573.288508133234, 1283.9601966121224, 1704.2423292551414, 1554.2376805976496, 1291.01435240433, 1808.7404612377986]
fps.c2:[2.133423917935166, 1.193650788709912, 0.7010775308394286, 2.038653387353878, 1.5726846135948045, 0.6312163706763426, 0.964417382154714, 2.523149545485118, 1.2844141009369732, 1.8548536075310464, 2.4014004722391245, 1.7909149714886416, 1.5952099862075206, 2.011072983874851, 0.7284313226871535, 1.5122134644542924, 1.5186640625849164, 1.6066592775619308, 1.7013475928219037, 1.2854339278272324, 1.2911136817951243, 0.9060477435220146, 0.8229245222751402, 1.8897654130781103, 1.8877221960820105]
