Ri:[50, 100, 150, 200]
Zi:[100, 200, 300, 400, 510]
FC:[[3.9911868417618663, 4.050192800273497, 4.039141305368376, 4.050849512838268, 4.0590323279524405], [4.029753662586481, 4.043322851318436, 4.053361504745737, 4.077975531630675, 4.100865862234376], [4.149242586949142, 4.167784136213872, 4.184569794968048, 4.2118289020190005, 4.236559573743764], [4.738852942779157, 4.782976457071731, 4.831499872569284, 4.861166645056842, 4.893208011830087]]
FCE:[[0.04416020241247907, 0.030166693606669296, 0.024773739119543486, 0.021363221378236593, 0.018782451736030673], [0.021635742425272927, 0.014631367049697475, 0.011739810150787261, 0.010091599555104263, 0.008912944035291344], [0.015035485248888661, 0.010198678733727986, 0.008190628034283949, 0.007050821769715324, 0.006230918610566607], [0.01405185176161228, 0.009595259261862176, 0.007692454810531834, 0.006637578261265761, 0.005803975562270731]]
fps.ts:[1606411692.28862, 1606415016.03786, 1606418339.7871, 1606421663.53634, 1606424987.2855802, 1606428311.03482, 1606431634.78406, 1606434958.5333002, 1606438282.28254, 1606441606.0317802, 1606444929.7810202, 1606448253.53026, 1606451577.2795, 1606454901.0287402, 1606458224.77798, 1606461548.5272202, 1606464872.2764602, 1606468196.0257, 1606471519.77494, 1606474843.5241802, 1606478167.2734203, 1606481491.0226603, 1606484814.7719002, 1606488138.52114, 1606491462.2703803]
fps.e0:[9937.003624074508, 9985.827627324952, 9970.751477974085, 9961.570348789184, 9965.776200091888, 9961.405092426521, 9981.060540099816, 9954.389196447117, 9994.631830280607, 10002.304044613731, 9966.09492559829, 9980.730855289821, 9964.026953395536, 9981.065983750575, 9950.846811806436, 9954.027013156146, 9956.863954751814, 9943.251403680764, 9986.181260462288, 10014.1232545424, 9971.023407825794, 9998.307063126198, 9943.580487280746, 9995.386407566308, 9987.405616058866]
fps.e0u:[19.465778225478754, 19.57116009584438, 19.339784740528547, 19.4317477891949, 19.206711529957296, 19.653806864255817, 19.399055151626943, 19.293872428756675, 19.53959618821549, 19.269014527047172, 19.34448054101642, 19.140668929447116, 19.343266631881963, 19.240886336123435, 19.352156569284894, 19.23355869207545, 19.432384486199474, 19.373615357425745, 19.132217881626126, 19.26310343760608, 19.12811120643929, 19.549834429576123, 19.231218690902384, 19.272691838465175, 19.138900013636384]
fps.lt:[18561.123731316056, 15186.103620952848, 16466.911272300982, 16006.84335292686, 16819.605394226586, 16720.03812959565, 16408.828095546727, 19314.078777402392, 15859.218599450425, 15262.789437337233, 16712.008901530786, 14423.017241317491, 17514.823767341695, 16228.880175666669, 18969.10772034282, 17443.113609971442, 18032.106156177488, 18633.246130498537, 15665.367972264326, 15017.229776986134, 15809.597029333048, 15478.352727615658, 19278.73679066224, 14753.000369889303, 14812.593496400092]
fps.ltu:[2016.8124622177904, 1367.4825741819454, 1585.4750306102164, 1496.2344857379378, 1633.015625684581, 1651.5555791982458, 1574.2881015214923, 2163.0888857537284, 1467.0326382205915, 1355.8402975193255, 1621.5148436507552, 1206.463387870123, 1774.7600997307666, 1532.7772392748486, 2082.8298876593667, 1758.0903384112546, 1897.8083300012775, 2014.8629393899994, 1418.193300247114, 1298.2582046579075, 1447.0936693437056, 1398.5732839859224, 2161.8635291870755, 1256.0122481571532, 1267.9940279984828]
fps.c2:[1.0433251487683814, 0.9103918604819996, 0.5252299790522387, 1.2645092555531383, 2.5981092673333146, 0.7718721234591144, 0.6956987115640506, 1.8550108296894083, 0.7966733999770292, 1.0571926040022703, 0.47633459170795217, 1.3783821606498532, 0.9513565119745019, 1.3207687623081994, 0.8043042206949854, 1.3281217680655517, 1.549895606735241, 0.9184492588979409, 1.5740379224661254, 1.7500446707665336, 0.7063972039088833, 0.7175604397271665, 1.7260828627048252, 1.000649797128608, 1.5479786156954478]
