Ri:[50, 100, 150, 200]
Zi:[100, 200, 300, 400, 510]
FC:[[4.034901246989296, 4.0037183671592915, 4.02810396144283, 4.053729466641924, 4.081879523322667], [4.035390232834472, 4.03063959965172, 4.053546169754793, 4.081904967193048, 4.115037939117532], [4.1426356162174605, 4.171940925034687, 4.194072979038076, 4.22678524748535, 4.2582754721532785], [4.784519365693026, 4.843625715145217, 4.887124966142413, 4.917868794818124, 4.936010805501434]]
FCE:[[0.03316217280964755, 0.022081627739316646, 0.017892303054518943, 0.015539092555273602, 0.013297962384193484], [0.01655103638269408, 0.011134153873229932, 0.009007292884575469, 0.007548019620655487, 0.006474802972523645], [0.010806775865234442, 0.007352777036544487, 0.005917416317724421, 0.005115799655281132, 0.004525035143482063], [0.010206300252139932, 0.006900158547401922, 0.005521972500126348, 0.004767859726049932, 0.004206390470673332]]
fps.ts:[1604098697.52642, 1604103929.34726, 1604109161.1680999, 1604114392.98894, 1604119624.8097801, 1604124856.63062, 1604130088.45146, 1604135320.2723, 1604140552.0931401, 1604145783.91398, 1604151015.7348201, 1604156247.5556602, 1604161479.3765001, 1604166711.19734, 1604171943.0181801, 1604177174.8390203, 1604182406.6598601, 1604187638.4807003, 1604192870.3015404, 1604198102.1223803, 1604203333.9432201, 1604208565.7640603, 1604213797.5849004, 1604219029.4057403, 1604224261.2265801]
fps.e0:[10001.64278172472, 9978.033060808408, 9999.171172412385, 10011.461250444827, 10009.179232034729, 10013.418421946688, 9976.02407886092, 10008.189084020203, 9991.714738814078, 10022.84792815452, 9971.237514543453, 10002.930025057321, 9998.045362843228, 9995.231705102397, 9985.606520766478, 9986.70663720845, 10002.327517609348, 10016.947809805268, 9989.262751253149, 9967.14757659542, 10018.046896808795, 9987.880458538635, 10003.681638203841, 9988.752177442222, 9970.692845362008]
fps.e0u:[13.870928620409257, 14.15209432692557, 14.007908870578742, 13.942151814137663, 13.965500831455724, 13.859225068509211, 14.034621238762123, 13.97411768124083, 14.103702375553684, 13.920263571276262, 13.985738448497779, 14.002908959655404, 14.005091176886122, 13.954481888289587, 14.081295808667617, 14.081157422677785, 13.939420330604138, 14.13954341818405, 13.982007595646895, 14.120179563002173, 14.067363690941121, 13.897644466488122, 13.980332003630716, 14.121007013943345, 14.237802288397141]
fps.lt:[14794.773639782927, 16975.097903139977, 14978.465798620791, 14350.436015744715, 14885.410520845835, 14779.404389972411, 16843.9069904868, 14408.234358188303, 16204.790482880437, 13990.012255416425, 17059.88557069628, 15290.161456893356, 15408.8401900405, 15270.226046530943, 16967.039743276247, 15980.403152283523, 14549.417625440998, 14172.757094018247, 16036.16576376829, 18404.9052704995, 14535.797747375762, 16357.745233150506, 15482.383689047254, 16829.154462149632, 16340.185769632604]
fps.ltu:[913.943841925246, 1224.9994721465455, 938.1895529828283, 863.8607230825904, 927.5241248913493, 911.9037681779605, 1193.8946291875964, 868.2126150773526, 1113.0967546748527, 815.5811027358295, 1224.0924749198439, 985.0761653141055, 998.444582363513, 981.331825950012, 1213.8304435280947, 1076.420667778568, 891.4931260378581, 851.2754119143331, 1083.5324762513758, 1436.8919117871897, 893.6793377510598, 1120.2211055831654, 1002.5040728863945, 1199.5795094882503, 1143.3831605892392]
fps.c2:[0.31594534446775674, 1.1963851396589527, 1.7388224415548879, 1.703941499678287, 0.6921746758964857, 0.7230172080792562, 2.148287232305559, 2.225345287943197, 1.2155084165224361, 2.436450620434405, 1.8856137114388267, 1.4120086363214612, 1.3613945398628393, 2.2637774251813054, 1.0635295668418097, 1.883612048130991, 1.2149915493723322, 2.1357223336106697, 1.723420791632466, 2.0582485541905338, 3.1987200064596832, 1.2776248476461471, 1.5505025078723038, 0.9490046761828475, 1.135260387103862]
