Ri:[50, 100, 150, 200]
Zi:[100, 200, 300, 400, 510]
FC:[[3.854852664561633, 3.876092672495963, 3.901996737414517, 3.921100882799874, 3.9461702849263522], [3.8626938211265944, 3.8770536667669733, 3.90744030105085, 3.936440929924081, 3.9638501292441384], [3.9826413375824106, 4.009089260065113, 4.042129754221454, 4.0654118500108885, 4.092882110133037], [4.318513050687027, 4.3540999566403, 4.4038829163398265, 4.435326367401527, 4.467250306087363]]
FCE:[[0.028735208304893605, 0.019672637818543736, 0.01601521973380038, 0.013976147198081702, 0.012299081055583827], [0.014494758805830926, 0.009900953189009003, 0.007867911934349919, 0.006713345697152564, 0.00591785208374504], [0.00966294900359002, 0.006601169616280256, 0.0053583971560147185, 0.004632098420403643, 0.004092097399836639], [0.008238004337380016, 0.005603744405105817, 0.004553424116803527, 0.003938255144812202, 0.0034849609328756266]]
fps.ts:[1612020306.4746199, 1612023584.30986, 1612026862.1451, 1612030139.98034, 1612033417.81558, 1612036695.65082, 1612039973.4860601, 1612043251.3213, 1612046529.15654, 1612049806.99178, 1612053084.8270202, 1612056362.66226, 1612059640.4975, 1612062918.33274, 1612066196.1679802, 1612069474.00322, 1612072751.83846, 1612076029.6737, 1612079307.5089402, 1612082585.34418, 1612085863.17942, 1612089141.0146601, 1612092418.8499002, 1612095696.6851401, 1612098974.52038]
fps.e0:[11136.240243006034, 11149.650963742617, 11126.000235712065, 11115.678210392078, 11112.282887688441, 11123.750943728339, 11132.719773223336, 11148.37699650387, 11120.585910885398, 11127.140763100884, 11115.050348893603, 11123.619015603717, 11115.653305816266, 11097.663707035741, 11114.870915850921, 11097.265459320337, 11107.274669297096, 11098.535152923443, 11108.46655602748, 11085.170927105932, 11070.433632551649, 11122.965254119994, 11086.149906887775, 11055.067011944664, 11070.536143475629]
fps.e0u:[14.119203561885806, 14.153802406608431, 14.17684703144245, 14.217000867192871, 14.304699873320882, 14.148139688207191, 14.154751441481057, 14.271849580354592, 14.18681943505946, 14.137706258241405, 14.165218393011116, 14.27172503567041, 14.064811374822648, 14.198269198025981, 14.136394697138131, 14.229513794271888, 14.235625595924748, 14.234976753233752, 14.269672302292335, 14.16947503231445, 14.150108656445843, 14.099283796891157, 14.157328336042129, 14.354782804429165, 14.281113212808307]
fps.lt:[17142.867820953168, 16103.12949173772, 17447.34252479141, 18851.217752997338, 19321.64724589509, 17073.551621865132, 17184.911870321383, 16078.250262036861, 18835.539276014108, 17391.52157891961, 18254.301358255412, 16092.33184413273, 18741.276595377578, 20480.381034138474, 17880.442866820074, 19458.66625018401, 19715.478249335352, 19804.34399955401, 18908.971567182372, 20286.517586614653, 22552.4595408913, 18023.246146074503, 18170.579226692887, 23680.650409227368, 20855.830492412344]
fps.ltu:[1124.9337649468532, 989.2080053567272, 1167.7353242882045, 1362.8162419451423, 1442.3264695854714, 1118.6748304792002, 1136.4566512089384, 998.9843794711054, 1371.5100535048164, 1164.659644369982, 1276.8402899520647, 1010.4475878934253, 1346.2332835000727, 1614.47584636338, 1231.2479585476644, 1459.7716375011858, 1507.602025448096, 1512.4994486469566, 1390.172251523102, 1586.632242643516, 1970.3546658770626, 1244.9162968362984, 1277.9006818326313, 2188.9781524105165, 1697.1129587385603]
fps.c2:[2.691094172818639, 2.67087769427598, 2.8792716227719106, 2.8282945686430923, 1.418084919054324, 1.6077013294571076, 1.797398295116448, 1.406793167311405, 2.0051623818593667, 1.8846389608141354, 2.0811894658853456, 2.0328109376320844, 2.0660729790739025, 2.039569094575857, 1.9168700692239138, 0.5893794869331803, 3.1658656002913528, 3.0119175057793277, 0.7417528072200879, 2.01719333704143, 1.8974198918187393, 0.9773962100141593, 2.3979652180619206, 1.6448351333561253, 1.1717470231897917]
