Ri:[100, 130, 160]
Zi:[50, 100, 200, 300, 400, 500]
fps.ts:[1695.8092399978639, 5087.427719993591, 8479.04619998932, 11870.664679985046, 15262.283159980776, 18653.901639976502, 22045.52011997223, 25437.13859996796, 28828.757079963685, 32220.375559959415, 35611.99403995514, 39003.61251995087, 42395.230999946594, 45786.84947994232, 49178.467959938054, 52570.08643993378, 55961.70491992951, 59353.32339992523, 62744.94187992097, 66136.5603599167, 69528.17883991242, 72919.79731990815, 76311.41579990387, 79703.0342798996, 83094.65275989533]
fps.e0:[10889.09168926111, 10875.557954117077, 10855.17956430862, 10860.843190229882, 10851.853890044616, 10861.167539169543, 10879.975277453417, 10885.142849187783, 10871.08677557215, 10850.938299991423, 10838.11479070496, 10879.892661178677, 10881.819085587722, 10871.735909111121, 10882.303266434043, 10878.300124531515, 10858.666736302981, 10882.977718038155, 10889.187638621319, 10866.206822883, 10865.771873798332, 10886.08027281874, 10865.546543343326, 10896.549046833783, 10861.2166473614]
fps.e0u:[15.576133511359018, 15.404036791648261, 15.708640730236658, 15.778225362355442, 15.49724635813492, 15.431507333061042, 15.458024561843752, 15.568959844875538, 15.76188428781199, 15.424439772746986, 15.638579907816444, 15.41229824313517, 15.622681536290493, 15.334646309356433, 15.571216825786406, 15.616110266836326, 15.57771386681961, 15.48892484453381, 15.504114986188563, 15.637979875579425, 15.41235100377198, 15.664135953146811, 15.472228387601817, 15.715235434129056, 15.674028704663119]
fps.lt:[10992.302616136236, 11677.351647931226, 11909.613227627813, 11799.001990189783, 12691.402494406415, 12910.612637280828, 11538.881120556001, 11330.944510545341, 11844.75338230889, 12511.464587622748, 13191.046175509411, 11605.072515292568, 11483.762104746094, 11956.398455781602, 11212.88118973254, 11552.129266873564, 12007.796680128615, 11498.943954364553, 11375.214573824907, 11510.991741407157, 12059.303490600461, 11270.256099122078, 11979.36754336133, 10970.165714414936, 12042.469215935735]
fps.ltu:[518.4464764702388, 579.7359684661353, 617.6466471055106, 604.5641655873374, 692.593059556344, 706.7916970190154, 568.7374806750466, 551.3704234049335, 609.6762896583692, 666.7320934523541, 756.2560531515408, 574.4688688466865, 564.9135904572001, 611.275173662691, 540.1369787318357, 576.435203648597, 623.8490680621711, 567.8837548344007, 553.2994985412499, 576.2673585411235, 621.3028852502794, 547.450354246177, 614.9367279384011, 522.455020199196, 630.4532604614118]
fps.c2:[1.5662399003002596, 1.2396535205667045, 1.7322074404952053, 1.6157469362877053, 0.31225585079573087, 2.0944625547779276, 0.7675788766601988, 1.1566368372895426, 2.0116641083090383, 0.7929056593655301, 0.6380400325556408, 1.274009508981232, 1.8835751534064782, 1.0404267124598283, 0.5179567540265155, 1.595728918201893, 1.3891270305484085, 0.602163154305864, 1.7249072795489075, 0.7523914208889984, 1.1032979696227296, 0.6117019653529646, 1.0724093118518017, 0.6045181840657878, 0.9005465992498075]
FC:[[3.8343212507644537, 3.9030516517429317, 3.9130125911208973, 3.926715385588662, 3.954651450331206, 3.9734360931130133], [3.886176149218415, 3.9267834228379708, 3.9473143191681643, 3.9661769973856105, 3.9948876540902583, 4.0174925294457156], [4.017249241133308, 4.037217671588194, 4.068772628312283, 4.086573840927628, 4.119951624025116, 4.144805174998438]]
FCE:[[0.0347299137484608, 0.02171222099395635, 0.01395362246257534, 0.010986176537947085, 0.009324901688235267, 0.008182879863667315], [0.02719967983217905, 0.016426883892818198, 0.010774086314907864, 0.008513618636990251, 0.007242783504636506, 0.00637818195695585], [0.022648184147661746, 0.013895793039446054, 0.009114074307564187, 0.00719742643552306, 0.006149381082952291, 0.005441243198616857]]
