Ri:[100, 130, 160]
Zi:[50, 100, 200, 300, 400, 500]
fps.ts:[2098.4871400022507, 6295.461420006752, 10492.435700011254, 14689.409980015755, 18886.384260020255, 23083.358540024758, 27280.33282002926, 31477.30710003376, 35674.28138003826, 39871.25566004276, 44068.22994004727, 48265.20422005176, 52462.17850005627, 56659.15278006077, 60856.12706006527, 65053.10134006977, 69250.07562007428, 73447.04990007877, 77644.02418008327, 81840.99846008778, 86037.97274009229, 90234.94702009678, 94431.92130010128, 98628.89558010577, 102825.86986011028]
fps.e0:[10716.119951110286, 10699.670453025865, 10741.440228128786, 10712.042173832013, 10748.63035408081, 10719.456564240894, 10694.808714501802, 10713.684247464693, 10717.091372819536, 10711.256957955029, 10739.440313896965, 10734.521882540696, 10732.955253388607, 10729.515788441564, 10727.385989038708, 10731.22743549397, 10732.127164249256, 10710.60265040207, 10757.648328386374, 10738.129929372388, 10738.841882173116, 10735.97013000487, 10713.806385734433, 10732.372493754472, 10717.684130378151]
fps.e0u:[12.778763001403034, 12.89592227651457, 12.875361386825029, 12.845132152517152, 12.774670235067177, 13.080932263163701, 12.763916257377735, 12.881557017293714, 12.990986969425665, 12.837503075506792, 12.817273275120478, 12.794903446453203, 12.94445154437616, 12.808076351419695, 12.919485612091657, 12.843560283672678, 12.91419552323671, 12.825507826015043, 12.746076226909747, 13.321165212104603, 12.91892891348069, 12.912727138583648, 12.81951874112312, 12.745192715056172, 13.482892312860402]
fps.lt:[9140.52258188474, 9730.922492988826, 8710.004729760867, 9669.706181436277, 8843.819516190066, 9209.01494572613, 10124.872199950742, 9689.053225137875, 9121.200949816055, 9401.044273159221, 8973.240702793393, 9381.09980115464, 9077.95888106675, 9360.594266089422, 9524.27015415132, 9408.514280875575, 9279.70601017561, 9949.669208330753, 8756.977092960591, 9269.9830003072, 9086.36675891073, 9520.143265092425, 9700.272892728824, 9592.766611337709, 9718.698618065007]
fps.ltu:[299.5137193847501, 340.3649224393193, 272.2291212634912, 335.6838051175165, 280.74877641486137, 308.91605985078075, 367.17434392420955, 335.7651629091585, 300.7840612813082, 315.9532431202524, 288.61755903485255, 315.3143433923547, 298.66235028282614, 314.47087026315774, 326.7886736534968, 317.34157138562387, 311.6179467131081, 352.8716787164744, 273.1840786906071, 322.5718621562081, 298.5354868022898, 326.0775500183599, 338.20459177184625, 328.61602586851046, 355.7974424828481]
fps.c2:[0.7932707044654788, 0.7604919000891388, 1.9174481904668959, 0.7768750982155228, 1.949963692442219, 2.148525441565643, 2.461028517177479, 0.8674718902894015, 2.663897738559407, 2.622445974568927, 2.134476873038525, 1.9495128961939467, 2.3867599594618127, 1.445441877891144, 2.1378202253508296, 1.6546459140861667, 2.319302321371743, 0.4294191831548908, 2.403710411999097, 1.461908704209346, 1.3253674069132058, 1.3529708176313495, 1.3683888052541877, 1.8847037752400255, 1.1874176430442733]
FC:[[3.8132847484304007, 3.8505688915910676, 3.856509356316006, 3.8969454357967903, 3.9303814682433678, 3.9657798090905776], [3.858810490390335, 3.89697445366631, 3.9120002425396048, 3.941489999502313, 3.972407803441601, 4.006188260437353], [3.98866696757803, 4.034228455412282, 4.048896641274633, 4.077740609142444, 4.108072472834443, 4.14005702866003]]
FCE:[[0.030545749109882992, 0.018183353497426877, 0.011684609768929287, 0.009207540268401478, 0.007799741793991158, 0.00689591582208968], [0.02336966512504963, 0.01403438602756381, 0.009034650622733616, 0.007101508683420781, 0.006018867197544887, 0.0053388309806933956], [0.01956389499606415, 0.011719875852613169, 0.007686306152965665, 0.005890427281769712, 0.004994977388846348, 0.004428641065602262]]
