Ri:[100, 130, 160]
Zi:[50, 100, 200, 300, 400, 500]
fps.ts:[1722.2841400003433, 5166.85242000103, 8611.420700001716, 12055.988980002403, 15500.55726000309, 18945.125540003777, 22389.69382000446, 25834.26210000515, 29278.830380005835, 32723.398660006522, 36167.96694000721, 39612.53522000789, 43057.10350000858, 46501.671780009274, 49946.24006000996, 53390.80834001064, 56835.37662001133, 60279.944900012015, 63724.5131800127, 67169.08146001339, 70613.64974001408, 74058.21802001476, 77502.78630001546, 80947.35458001614, 84391.92286001681]
fps.e0:[10905.305690329089, 10872.117649229514, 10894.999157810567, 10867.87572109076, 10878.590769273394, 10869.869225520728, 10895.444857297747, 10869.567102086574, 10878.515205071286, 10868.359793204076, 10875.208380658103, 10897.309048774472, 10868.757928981508, 10875.125915625727, 10856.242663877421, 10873.106730481206, 10884.316554814182, 10848.172459451656, 10882.866384550593, 10850.990825411154, 10890.912780688654, 10934.76603921083, 10865.709472333312, 10903.588293488374, 10884.363563778608]
fps.e0u:[15.420130946844589, 15.96310123202513, 15.71069727258094, 15.97195395411007, 15.803002854782655, 15.763887969541798, 15.678531319219584, 15.744927075998003, 15.807683841465272, 15.849083698977108, 15.777271179882378, 15.823802210244361, 15.77197543864811, 15.815855467828627, 15.520277741138694, 15.794345323565205, 15.62471766866664, 15.702178012907106, 15.885972364878404, 16.127366288039912, 15.775928166774841, 15.648385923447307, 15.943890951976599, 15.678929243403338, 15.572798672327782]
fps.lt:[11112.292891548026, 11980.840362019277, 11382.347284918544, 12113.556708893719, 11946.46118454965, 12231.628774647761, 11849.721881644797, 12275.12946359256, 12324.085986241673, 12622.647394322152, 11888.778849741757, 11272.283593025679, 12361.429534741173, 12378.994625807742, 12910.290714287503, 12417.009068492194, 11652.328907153345, 13945.457715858352, 12436.790970011838, 12632.930168578154, 11458.703875282183, 10466.892851503022, 12204.198511692117, 11241.169813925022, 12087.913728727935]
fps.ltu:[532.946338568197, 633.3306278324533, 567.0847245250989, 646.747572112577, 623.2859687178885, 651.6780606981039, 607.1655995219819, 657.8024303683457, 663.3908416042258, 698.5719041047522, 617.9028293394931, 554.8476051226572, 667.9598631994041, 667.4767621142665, 719.4297043902617, 668.9716681470367, 588.0037455896393, 843.8930313670875, 678.4473511263419, 712.6415298065967, 568.4664759858367, 475.98300745294296, 657.7767160872144, 546.0478907591843, 634.8388498954989]
fps.c2:[0.915749305382447, 1.687500160697733, 1.807450143016888, 0.42342290227689283, 1.2114086005818843, 1.1466003112228118, 0.7694182343278343, 1.3361181544788385, 0.773031214034318, 1.290459055388849, 2.002582706839381, 0.9068584070409818, 2.2763031812411025, 1.6004731003791122, 0.6316019394504901, 0.9360609952742974, 2.085967069604358, 0.6485417211169964, 0.5991331409226727, 1.896719018677293, 1.0231024035429548, 1.349627834508777, 2.7636232846105835, 1.3705259855715501, 0.9435976565914886]
FC:[[3.7807444630645075, 3.8165233113743935, 3.8556883409737237, 3.8889505855609268, 3.9180432080020515, 3.945095834535399], [3.838080705278546, 3.8790341787139737, 3.90306660353185, 3.943849311356307, 3.978889496196698, 4.0062409134105135], [4.009759466618183, 4.030339587263019, 4.040427661625246, 4.0772276103454335, 4.1086209340263915, 4.1375582429372795]]
FCE:[[0.03332045519562028, 0.021011527729578615, 0.014169933488870235, 0.011231017955719066, 0.009592285139269756, 0.008472599362176645], [0.026505856274531163, 0.016508764491295902, 0.010995932166861653, 0.00877256732641939, 0.007330412087180094, 0.006483346461383838], [0.023486030184133574, 0.014036473603578075, 0.009206967467594609, 0.007313852274523655, 0.0062520744006411225, 0.005543418414992561]]
