Ri:[100, 130, 160]
Zi:[50, 100, 200, 300, 400, 500]
fps.ts:[584.3267199993134, 1752.98015999794, 2921.6335999965668, 4090.2870399951935, 5258.94047999382, 6427.593919992447, 7596.247359991074, 8764.9007999897, 9933.554239988327, 11102.207679986954, 12270.86111998558, 13439.514559984207, 14608.167999982834, 15776.82143998146, 16945.474879980087, 18114.128319978714, 19282.78175997734, 20451.435199975967, 21620.088639974594, 22788.74207997322, 23957.395519971848, 25126.048959970474, 26294.7023999691, 27463.355839967728, 28632.009279966354]
fps.e0:[10933.487021275885, 10919.23373345612, 10926.973439813102, 10874.73853170535, 10896.149438754199, 10894.674488868408, 10931.664769436411, 10923.59385228878, 10915.660080402247, 10909.052736422665, 10910.357864416845, 10913.005812665659, 10922.09919980098, 10975.080990086666, 10940.517489125414, 10953.084945710723, 10960.262910661962, 10938.480887018737, 10936.65764077318, 10949.43228199243, 10956.833249885865, 10929.913248097988, 10953.178511712958, 10930.779195707093, 10945.384371464135]
fps.e0u:[17.111194059295904, 17.101517525305475, 17.19832962489388, 17.25645562515853, 17.06748628304385, 17.2180920577858, 16.93466239428792, 17.045687566297367, 17.276931827154776, 17.003682539632237, 17.010411477013456, 17.150172371545292, 17.205593653490407, 16.86615675844866, 17.167087783859376, 16.96558656412929, 16.894030449365587, 17.06010904784329, 17.01674377934701, 17.123625078435637, 16.909197906362746, 17.040809400537427, 17.071582614194377, 16.841880940470105, 17.10706536083259]
fps.lt:[2971.614723477337, 2978.3500279981113, 3004.3245632663984, 3120.0814230860005, 3035.2071462981485, 3022.9138720739984, 2970.4112124837816, 3003.5063790714476, 2992.0459338159685, 3004.4479357516793, 3015.8475808222033, 2986.7913819800006, 3014.4344705726426, 2880.5286081990066, 2939.2806637679582, 2926.0226078748356, 2915.3893655589422, 2954.4200563856834, 3004.170210855292, 2925.556812831049, 2958.0741954733558, 2965.7943501392915, 2946.244322855935, 2977.9961290320257, 2973.7974402528625]
fps.ltu:[43.83511386100981, 43.958360560016175, 44.3697006648484, 48.47151417952136, 45.301612767751465, 45.026254416566424, 43.08745084974831, 44.526600955589394, 44.74714900493666, 44.45605239244555, 44.78957896024187, 43.940418755683915, 44.58008361770826, 40.492442274895524, 42.671227379192175, 41.59280145865445, 41.57861919993165, 43.064733666770955, 44.6108978820741, 42.17236421269248, 42.542918702257246, 43.48929687496347, 42.56353788523952, 43.52004533288418, 43.686924054317274]
fps.c2:[1.5479092052234757, 2.023131054747486, 1.8945782092471157, 1.2871893606049223, 2.306269866968691, 1.0561446168059563, 1.2983318561266897, 0.8236912184983757, 0.9110763021909905, 2.159914448316534, 1.6273965166763362, 0.8859625529179753, 0.9955792121078157, 1.8532095129971988, 1.623004860230837, 0.7648167888049016, 1.332246722455484, 1.2379913184837603, 0.8330395901866086, 1.6863965247415404, 0.9285307621842956, 0.9770772043870922, 2.6007837345644282, 1.6794675425448706, 1.3632361544233584]
FC:[[3.848128171284781, 3.8503449713771345, 3.9036187185446294, 3.987514592419842, 4.068099569959163, 4.153509937810139], [3.8878330076975467, 3.893848670213101, 3.9541712999881917, 4.040651549617665, 4.123975543397918, 4.210933401018884], [4.043451811240687, 4.018322900426728, 4.0920010652753085, 4.197784855004264, 4.289317796814316, 4.371896120346734]]
FCE:[[0.04207770514240371, 0.021846142080790405, 0.013367362981816651, 0.010999917309972343, 0.009751124245647901, 0.008807999349433647], [0.03381016360827925, 0.01670471243417861, 0.010465742515926562, 0.008622037337397147, 0.007660873265239998, 0.006913549695457124], [0.03039252760561202, 0.014395399469639195, 0.009023041824415011, 0.0073012758892565125, 0.006347694706198732, 0.0058348178227718706]]
