Ri:[100, 130, 160]
Zi:[50, 100, 200, 300, 400, 500]
fps.ts:[1735.4876399993896, 5206.462919998168, 8677.438199996948, 12148.413479995726, 15619.388759994506, 19090.364039993285, 22561.33931999206, 26032.314599990845, 29503.28987998962, 32974.265159988405, 36445.24043998718, 39916.21571998596, 43387.19099998474, 46858.16627998352, 50329.141559982294, 53800.11683998108, 57271.092119979854, 60742.06739997864, 64213.042679977414, 67684.01795997619, 71154.99323997498, 74625.96851997374, 78096.94379997253, 81567.9190799713, 85038.89435997009]
fps.e0:[10863.948166593249, 10860.845394160782, 10843.92005576919, 10866.115794809406, 10877.25895104557, 10846.841435780505, 10874.718029173067, 10872.763395584469, 10894.953942075766, 10859.367024612407, 10860.104828582229, 10874.261811631224, 10870.392833329384, 10871.885252075286, 10862.832905779875, 10872.740086213284, 10855.818056451648, 10861.429894588513, 10872.40036597599, 10871.407506671007, 10866.765325417411, 10887.37240033101, 10874.60099039659, 10861.962923392253, 10869.08056614522]
fps.e0u:[11.79642068574332, 11.804335725699943, 11.866336134663252, 11.732050164866752, 11.72925244354199, 11.759618342448631, 11.868164181844907, 11.72395874527002, 11.65098072854874, 11.83294770188595, 11.80261718050819, 11.773594952227848, 11.740152117260207, 11.78640249476687, 11.715539572476846, 11.665425560766623, 11.802985472695015, 11.696632129985678, 11.659288234503121, 11.78841374113521, 11.858610711576862, 11.675180823426848, 11.668146445885851, 11.853682175243662, 11.842261007821293]
fps.lt:[8726.51849889759, 8991.403954457084, 9110.833106451319, 8784.139109771308, 8436.82961555387, 9181.589893422797, 8740.907174667862, 8833.48171035993, 8403.49696647728, 9010.69289514873, 8855.651068807361, 8808.844134311516, 8844.118909830657, 8789.867196191173, 8707.037315163538, 8605.35465626437, 9065.102628763, 9196.905822647348, 8908.628433254993, 8699.780853569531, 8783.52040394247, 8628.894370117847, 8666.837414173733, 8895.881229354165, 8679.783200221857]
fps.ltu:[246.91430083607807, 260.07533285698696, 270.11525928594796, 248.3835764132489, 228.4969909910388, 270.5090127009721, 248.06985817355093, 250.66725446168027, 226.07538984472953, 262.83985878826144, 252.86913800905958, 250.47549755048132, 251.50358921762938, 249.085319712859, 244.16625876752542, 237.46145937069085, 265.357420509682, 271.06021678458006, 253.59291756724087, 243.87241902503737, 249.96594600566743, 237.96216066633446, 240.11465942938224, 257.0716423858056, 244.67418477551192]
fps.c2:[1.813703286280969, 2.0819944258087184, 1.1279596825727136, 1.1259390361506265, 1.5174222008563623, 1.8736972044692624, 1.342046060860844, 1.0317266606083957, 2.3114318965597116, 1.0169376880775765, 2.3874429364579095, 1.4672873020379644, 1.3683896519792649, 1.3722995633860233, 2.494083258772591, 1.9203177928350228, 2.216043596777719, 0.8247202458105323, 0.8435154272709148, 1.2809361358581177, 2.580976884411852, 1.5887128053497404, 1.008331551549241, 2.5454087956472433, 1.3034518675385693]
FC:[[3.810837957190194, 3.8258640104611867, 3.8386389993693, 3.866675748009687, 3.900023738253433, 3.9367839795717368], [3.8574627021091463, 3.8620037104273934, 3.8803108476271237, 3.9144605943239243, 3.9545279771763355, 3.995541100775313], [3.967589763804489, 4.000525213431238, 4.036054442508647, 4.067880749866676, 4.10704119863701, 4.143663663680038]]
FCE:[[0.028880843216363236, 0.016480520178745156, 0.010492170233905748, 0.008164817393744393, 0.0068895913551590025, 0.006079772590400621], [0.022849375874879493, 0.012808450449442272, 0.008104999127986375, 0.006330859458051522, 0.005370407030463186, 0.004640134226358244], [0.019537373061907892, 0.010701210000928732, 0.006794657967424774, 0.0053055091247338195, 0.004501527461771105, 0.003986706329879755]]
