Ri:[100, 130, 160]
Zi:[50, 100, 200, 300, 400, 500]
fps.ts:[1749.360560002327, 5248.081680006981, 8746.802800011636, 12245.523920016289, 15744.245040020944, 19242.966160025597, 22741.68728003025, 26240.408400034903, 29739.12952003956, 33237.85064004421, 36736.57176004887, 40235.292880053516, 43734.014000058174, 47232.73512006283, 50731.456240067484, 54230.177360072135, 57728.898480076794, 61227.619600081445, 64726.3407200861, 68225.06184009076, 71723.78296009541, 75222.50408010006, 78721.22520010472, 82219.94632010936, 85718.66744011402]
fps.e0:[10853.928800249214, 10848.463208941468, 10840.283984898399, 10848.519685606556, 10833.58259632792, 10840.090868906735, 10828.630547839748, 10844.718591195395, 10848.273393081712, 10842.28798368021, 10846.475870756722, 10833.901056099932, 10826.699914866544, 10819.509389544346, 10848.41800053204, 10859.190127568245, 10851.28990658369, 10842.627980775425, 10833.411457972776, 10833.047494902561, 10839.453276891934, 10844.365261084678, 10857.989646134347, 10845.686677387952, 10840.321391717875]
fps.e0u:[11.933048885533314, 11.980893200062244, 11.952186679862637, 11.863596055909928, 11.897588674402352, 11.913549316135798, 11.921150222542664, 11.850728978070425, 11.85474950265238, 11.837499315076755, 11.895609298362205, 11.859378861131797, 11.975594508883152, 11.812089950205888, 11.847643611759535, 11.936795911223575, 11.731359574959804, 11.786501487631558, 11.869979227823766, 11.853430848570177, 11.949256806596003, 11.90480389843689, 11.91601604303753, 12.1032336605399, 12.024459417034981]
fps.lt:[3026.546372739422, 3023.677513191726, 3043.9211810537026, 3007.7215784556656, 3065.799238058396, 3068.4208610739056, 3071.8608767676933, 3053.361588919326, 3031.288550906934, 3032.6688953629673, 3041.7399341602245, 3089.524771007628, 3071.631910633838, 3094.61631375226, 3038.4239709236, 2984.868731167687, 3029.0646384198258, 3048.7077897150225, 3072.4392889067585, 3076.842116907784, 3040.7771521410637, 3063.382557216733, 3027.005589110997, 3034.925856942701, 3081.9826852110687]
fps.ltu:[31.732968664764613, 31.979755125664237, 32.203659344419215, 31.260907340920063, 32.58828392609109, 32.50173470923019, 32.76038624268274, 32.301262413020204, 31.653356849930336, 31.79748756344807, 32.09277042054623, 32.920079806619036, 33.126256190045446, 33.08794362664689, 31.768396673455136, 31.063110529454512, 31.5708895872851, 32.05713669739922, 32.548530996818705, 32.8278263130764, 32.17616979958058, 32.53005655679766, 31.816335102273186, 32.46197577527792, 33.2854485454643]
fps.c2:[2.5766462633402694, 0.8319941688902226, 1.791504225254553, 1.9232462312601442, 1.2767774101953673, 2.477482361269295, 1.9164834687867582, 2.176982851799029, 1.807318966489952, 1.2028257283250934, 2.8977839206267455, 2.0542792459551396, 2.712917326607083, 2.247487866527771, 2.4756807559519225, 1.709917515998235, 1.3829064619833509, 0.9886657348161525, 2.010852228522917, 1.2405964922421273, 1.086922318878617, 2.4210439683537937, 1.347776881675127, 1.3085550195098432, 2.023386709994197]
FC:[[3.839342425701734, 3.828507123987232, 3.9087390395846664, 3.9909392561362655, 4.065956281154443, 4.145779882557492], [3.9123493507317533, 3.8913769162878045, 3.969044508353533, 4.042292996920359, 4.117846434307985, 4.199999650256086], [4.012493564163973, 4.027924298831784, 4.1115273192803565, 4.186671511380595, 4.266161085693207, 4.35052002700467]]
FCE:[[0.032656671797700904, 0.015695879927793508, 0.009737569512931194, 0.0076981989581187404, 0.006781895233877256, 0.006249296442724656], [0.025617692516329824, 0.01239058683911875, 0.007437081958152857, 0.006030018694477914, 0.005317245149244755, 0.00490337627651976], [0.02208111251493044, 0.010353887155853957, 0.0063856466910050865, 0.0051920582114899725, 0.004483890889777544, 0.004037855774483393]]
