Ri:[100, 130, 160]
Zi:[50, 100, 200, 300, 400, 500]
fps.ts:[1778.2106599998474, 5334.631979999542, 8891.053299999236, 12447.474619998931, 16003.895939998627, 19560.317259998323, 23116.738579998015, 26673.15989999771, 30229.581219997406, 33786.002539997105, 37342.423859996794, 40898.84517999649, 44455.266499996185, 48011.687819995874, 51568.10913999558, 55124.530459995265, 58680.95177999497, 62237.37309999466, 65793.79441999434, 69350.21573999405, 72906.63705999375, 76463.05837999344, 80019.47969999313, 83575.90101999283, 87132.32233999252]
fps.e0:[11253.48895906969, 11246.523427536069, 11220.430928333655, 11266.24445624369, 11250.030541265023, 11230.350947263612, 11255.877701775617, 11238.659013102384, 11250.77526149354, 11264.985085731165, 11239.627882560075, 11225.053847052439, 11248.369524727737, 11233.474173703975, 11253.129887906925, 11239.310668908924, 11252.722590208517, 11251.309576770624, 11261.47361893754, 11252.229792127026, 11232.603111818611, 11259.994518660222, 11245.933898100058, 11252.81774516366, 11253.167849094545]
fps.e0u:[11.36485696925772, 11.34458358358503, 11.450216598589682, 11.355257692854066, 11.46913736259296, 11.45506154540068, 11.297066558993137, 11.483583435162373, 11.45728809459983, 11.328253693156388, 11.410982198049023, 11.346651173277094, 11.33522291573275, 11.360387508085116, 11.443847640949059, 11.309337779022007, 11.472341739768721, 11.388026335414159, 11.313242536459052, 11.375691779209607, 11.440672794424943, 11.39063566710422, 11.367113010312453, 11.3842468433538, 11.378745603783916]
fps.lt:[3787.5692189514916, 3800.4317622142817, 3887.62361711445, 3735.1800610201603, 3794.205423215821, 3889.38898257633, 3778.3235299127264, 3886.1602312988575, 3791.2414932354513, 3752.6189010755106, 3840.6300189812023, 3916.218724573258, 3807.8246980880645, 3889.8659483046367, 3813.306469158733, 3852.2201785027814, 3814.642706363234, 3813.7949918116733, 3763.920987473211, 3790.1122264701885, 3925.411817309706, 3782.589996961869, 3841.3492292837705, 3832.4799208493814, 3802.516242765577]
fps.ltu:[45.82015932583514, 46.26167585125433, 48.86481328678109, 44.592393768257594, 46.65951340153775, 48.79381994723546, 45.400155711475236, 48.76021212333231, 46.2517898528995, 45.022525211717266, 47.5158884103943, 49.152305728838975, 46.32202553407435, 48.57553187007314, 46.758114893258224, 47.39085901233791, 46.910237824112805, 46.94700941016206, 45.01110213541276, 46.183040027442544, 49.72463749436078, 45.841915925131, 47.484730338074606, 47.13924880431167, 46.546324928784564]
fps.c2:[1.808944296328001, 2.1247431379012776, 1.2057183623592218, 2.9687686757931457, 1.5715252864866802, 2.890504758182355, 1.5765964022867098, 3.2935420306189465, 0.976603270902139, 2.4195616880068287, 2.1208690427573575, 2.8163216623882303, 1.792955746850239, 2.2136722591280873, 1.8511175603288352, 1.9289226620492255, 0.9919898321088136, 2.5339166419385797, 1.6442205548712414, 2.499866709742306, 0.7735465501621507, 1.8489121101201502, 2.436347278065974, 1.3371795333876417, 2.991707093481207]
FC:[[3.683360731145016, 3.7035821823529793, 3.790554467124034, 3.8832310259801126, 3.9588141780522137, 4.037630013469335], [3.7212661683006933, 3.7470205126863014, 3.830219899600155, 3.9196593956299948, 3.9956113873056007, 4.073439807189799], [3.795768343467174, 3.843573470098738, 3.917507664977977, 4.015424652304066, 4.094460488682965, 4.164567669076233]]
FCE:[[0.028221352382226606, 0.014547850598977117, 0.009314464314877318, 0.0074713056575316005, 0.0065764675042847345, 0.00590893444385907], [0.022248944664936692, 0.011294344071129152, 0.0070130754798326065, 0.005756717211130327, 0.005077560300781875, 0.0045671692423872555], [0.018419893623749014, 0.009284113205196055, 0.005848401424175482, 0.004729069831474972, 0.004181165204512506, 0.0038326163413432354]]
