Ri:[50, 100, 150, 200]
Zi:[100, 200, 300, 400, 510]
FC:[[4.102975705106913, 4.084801738840043, 4.061999815395073, 4.084791403861515, 4.090741469177854], [4.022744039819216, 4.0529301923042595, 4.060597068575526, 4.084084764598975, 4.103042044477996], [4.145691663251424, 4.17312813424522, 4.193847309401266, 4.224156797353184, 4.249632319409876], [4.797270263390631, 4.842362525496107, 4.870629335075604, 4.902458833041191, 4.918247187819565]]
FCE:[[0.042492807112598244, 0.028501866932216745, 0.02284236710551746, 0.01997189330044895, 0.017453790495939276], [0.020711201590645538, 0.014191067359306529, 0.01140011892379162, 0.009865001081094869, 0.008694136891187832], [0.014510305872513177, 0.009893329540625273, 0.0077688334480450795, 0.006731949454227776, 0.0059442117031081095], [0.01312410041865429, 0.008957488609082449, 0.007239476624275703, 0.006256735704377697, 0.005517967620520264]]
fps.ts:[1616584865.9354, 1616588275.3662, 1616591684.797, 1616595094.2278001, 1616598503.6586, 1616601913.0894, 1616605322.5202, 1616608731.9510002, 1616612141.3818002, 1616615550.8126001, 1616618960.2434, 1616622369.6742, 1616625779.105, 1616629188.5358002, 1616632597.9666002, 1616636007.3974001, 1616639416.8282, 1616642826.2590003, 1616646235.6898003, 1616649645.1206002, 1616653054.5514002, 1616656463.9822001, 1616659873.413, 1616663282.8438003, 1616666692.2746003]
fps.e0:[10681.99375629158, 10682.711174356215, 10701.151300964942, 10720.38284639681, 10689.34808311471, 10673.160207781924, 10701.121433990207, 10701.035772858975, 10645.599494037322, 10690.854832372777, 10714.944595025687, 10717.00290805296, 10685.078729845296, 10693.523176788303, 10664.825347566019, 10660.904335345833, 10671.608143388492, 10718.609786154839, 10692.609535534426, 10705.056214036376, 10717.466268913318, 10682.151272952762, 10693.805226341516, 10680.484502821804, 10674.00076329938]
fps.e0u:[19.15188052144719, 19.161760134014614, 19.125026824967684, 19.32304967884486, 19.26229441142655, 19.086735269348203, 19.494845562344846, 19.153044604505496, 19.29203449606847, 19.54231280667429, 19.148964643336743, 18.915007656239155, 19.42630084703861, 19.240632877006462, 19.052061380073663, 19.113487297974608, 19.438877971496208, 19.231183289996377, 19.311925775047197, 19.254384004787944, 19.42766981783707, 19.098944007034586, 19.007118220505138, 19.246832149870222, 19.60810623687242]
fps.lt:[18424.142902865126, 19230.313068126135, 17292.428887679227, 15959.594367287324, 17519.509499241667, 19987.820002496384, 17998.981437383856, 18792.09092747295, 21678.788403093673, 18632.348692471296, 15885.096829633108, 17858.9003430753, 18560.570818361673, 16681.205566216086, 21443.505421248745, 21085.999397390347, 18491.91727737732, 15851.059248972379, 17869.425735813547, 17120.400493517453, 14812.523089489108, 19176.66300554649, 18881.186764011134, 19819.35353435249, 18448.602087817086]
fps.ltu:[1837.1537824731101, 2004.225694306883, 1618.550867792411, 1384.2173278542393, 1666.0266621804678, 2145.2976111225726, 1759.9214477995565, 1888.1801546549598, 2570.728076286738, 1898.7936354911212, 1360.6971245584289, 1699.5637811746583, 1892.3167232275466, 1505.6027008558294, 2463.708621226432, 2402.683661407302, 1873.379447770717, 1351.4982225703727, 1742.4975976783762, 1588.463501160454, 1197.601616721202, 1980.4598680426798, 1927.267110058759, 2126.0822734123776, 1889.269019376785]
fps.c2:[2.053642923537695, 0.6402894322825875, 0.8647590438487073, 1.3537817307018165, 1.259228140900544, 0.8038820250422337, 0.8286757712329571, 1.1763762674418565, 1.4404329791359223, 1.2877189558103734, 0.789812461314532, 1.9263527199943957, 1.05270242329158, 1.0959295439434569, 1.07800565512298, 1.1205727934489214, 0.868962512484848, 1.8903631953936872, 0.6783467970589832, 1.6502809336003694, 1.8756360757444206, 1.6825263967051654, 1.3040832352902358, 2.0711087086612343, 1.4085011746326552]
