Ri:[100, 130, 160]
Zi:[50, 100, 200, 300, 400, 500]
fps.ts:[1736.2785400009154, 5208.8356200027465, 8681.392700004577, 12153.94978000641, 15626.506860008238, 19099.06394001007, 22571.621020011902, 26044.17810001373, 29516.735180015563, 32989.29226001739, 36461.849340019224, 39934.406420021056, 43406.96350002289, 46879.52058002472, 50352.077660026545, 53824.63474002838, 57297.19182003021, 60769.74890003204, 64242.30598003387, 67714.8630600357, 71187.42014003753, 74659.97722003936, 78132.5343000412, 81605.09138004303, 85077.64846004486]
fps.e0:[10864.304280966922, 10828.304348054122, 10827.831372365936, 10819.155019828397, 10823.59566283241, 10828.56759238804, 10843.885989022143, 10838.387549193296, 10843.505510682211, 10811.906587434363, 10834.142148127097, 10836.087401007073, 10808.197748042177, 10843.367024209867, 10833.095530671566, 10838.519099616376, 10807.00306290847, 10835.580660319698, 10812.71842267706, 10825.563514012976, 10838.763408593959, 10829.003819142148, 10829.514091859872, 10835.555058351572, 10839.971611221066]
fps.e0u:[14.143390793524814, 14.069702599926321, 14.072705796407098, 14.091423543417084, 14.119829243272791, 13.9538764666059, 14.090581743202248, 14.08434362447482, 14.1225436942641, 14.058808367739807, 13.916757299305353, 14.105867920034935, 14.201078981304185, 14.044416352431629, 13.909603537394608, 14.235105555571808, 14.210165668926185, 14.010500200513675, 14.139964406398782, 14.218055168574747, 14.251401553945094, 14.046288437900168, 14.351695286635012, 14.184093920419102, 14.145814354466193]
fps.lt:[10469.596063774914, 10936.88059819204, 11088.946621397965, 11134.64290283438, 11272.694274022135, 11032.929913142003, 10677.84340057282, 10696.60062269148, 10721.63182596911, 11963.908062879009, 11039.277611516953, 11580.02173342064, 11843.754052777556, 10606.263391413922, 11025.769135743738, 11169.700275981279, 11819.56134158359, 10901.280257851347, 11319.648162990954, 11284.010582007011, 10962.486267350476, 11073.220907092049, 10859.687515990383, 11035.311136498005, 11427.622245071096]
fps.ltu:[430.5986864006855, 466.0432114781836, 483.5232796738964, 487.3199029643242, 500.6242904454293, 472.44369428811694, 446.9978603238788, 449.7183232554037, 449.7141385680862, 560.0551083602843, 472.25887321324547, 525.5599700685735, 554.2881152255026, 442.41384069305633, 472.3738686645479, 492.60619257790273, 552.7219451919925, 466.5836460485062, 506.9011867204693, 503.1876751460802, 475.87220195995536, 480.01991663220065, 470.2997440678103, 479.9348592838895, 512.8929436268471]
fps.c2:[1.1826422441832454, 2.04790626194674, 2.0513087530582146, 1.8095485578813664, 0.397755574647693, 0.7821355905055368, 1.1973308243076606, 0.42413332470613085, 1.990052474248941, 1.198640142772549, 1.5065196034413608, 1.170611791952227, 0.8904843186592839, 0.6959356705202357, 2.0168803760654304, 1.2090254436486831, 1.8769281426920275, 1.703484650346394, 1.651986640238403, 1.1914603798469459, 1.034388180741841, 1.3033143711016815, 1.1154927069874994, 1.7296207736635043, 1.2578683319353348]
FC:[[3.7615921826312166, 3.859775349042179, 3.8731042882170654, 3.8984805034140595, 3.922440248215344, 3.9562204343196683], [3.851594989209853, 3.9027280948284004, 3.9233680576230388, 3.9505977808699497, 3.977748397834607, 4.007900424349548], [3.9823891875741526, 4.025818151553234, 4.060942851056429, 4.093592312770182, 4.126604358994276, 4.1601569189959156]]
FCE:[[0.03107918523774332, 0.01947941310813159, 0.012734638465256425, 0.010062109615009002, 0.008540145494964409, 0.007565821843815896], [0.024580551369965904, 0.015169016914134045, 0.009897100278654333, 0.007818015826364714, 0.006647577627698759, 0.005893622197280523], [0.02114351819689737, 0.012899420323329183, 0.008276368606207972, 0.006542540220053098, 0.005448142390124746, 0.004837986469836435]]
