Ri:[100, 130, 160]
Zi:[50, 100, 200, 300, 400, 500]
fps.ts:[892.2515599966049, 2676.7546799898146, 4461.257799983025, 6245.760919976234, 8030.264039969445, 9814.767159962654, 11599.270279955865, 13383.773399949074, 15168.276519942283, 16952.779639935492, 18737.282759928705, 20521.78587992191, 22306.288999915123, 24090.792119908332, 25875.29523990154, 27659.798359894754, 29444.30147988796, 31228.804599881172, 33013.30771987438, 34797.81083986759, 36582.313959860796, 38366.81707985401, 40151.32019984722, 41935.823319840434, 43720.32643983364]
fps.e0:[10831.65545264505, 10868.845976073766, 10807.774384550548, 10815.601560615762, 10826.705880384081, 10838.849988400962, 10863.052277723738, 10851.85892199394, 10854.342420054334, 10849.061241875834, 10836.777334666205, 10847.518482211446, 10832.988236007588, 10845.652199924507, 10838.06172073785, 10876.390606654224, 10868.623368444898, 10873.289381718952, 10863.558131009075, 10852.670104585834, 10864.850299160758, 10843.19540406074, 10836.237684955075, 10850.454936491853, 10823.798840877027]
fps.e0u:[20.151595724791385, 20.263989010926213, 20.24141804424447, 20.08730443275797, 20.297731982151145, 20.262409021821377, 20.344909491040074, 19.813161922505444, 20.181086570289345, 20.204269334162877, 20.093374298210424, 19.761664396794693, 20.358163796415443, 20.304653062644466, 19.87909260371675, 20.225871784801516, 20.252999160404638, 20.24928558787147, 19.957956854196013, 20.02879600650208, 20.232933986185053, 20.37974931615471, 20.21572318479206, 20.182336148814592, 20.469558802634765]
fps.lt:[10435.522811223678, 9433.156143532822, 11058.600655711303, 10163.813260053104, 10518.023948337514, 9939.969412756924, 9567.8222131635, 10073.911831482552, 9802.300187647528, 9852.235181830885, 10484.068642565726, 9834.61339331291, 11022.406028409318, 9889.906682769157, 10581.171983640996, 9393.5646225421, 9399.084896966193, 9413.249950891419, 9704.88404865811, 10452.326757547926, 9418.649157892778, 9780.21689912142, 10058.299633198045, 10288.10397637128, 11086.171585472428]
fps.ltu:[611.9024410881234, 497.49924912261594, 687.8979119223552, 574.3742460073196, 620.4575404611123, 549.0002440617371, 515.6608057997171, 562.100721673107, 539.3431455367845, 545.5184521284737, 611.4028732507123, 538.0892438958963, 682.6708994949045, 551.1443240053355, 621.9267334323739, 496.8260139535427, 492.1486035321376, 495.75117636255703, 520.005927120072, 610.3895197059469, 502.1382317313534, 544.6554271973577, 568.5738698902693, 589.5203216123051, 698.2850653894976]
fps.c2:[1.8160396447303593, 0.9598351898026662, 1.518376405085168, 1.4179221840262977, 1.775724938208477, 1.3920154101301043, 1.653828787968901, 1.116382583330973, 0.6872901924433539, 0.835307398974993, 0.9705657204409128, 1.0699190313181723, 0.9115184049350291, 0.4818206597467479, 0.7151244990006873, 0.9902890010197444, 0.7525385622545288, 3.1945579234709665, 0.6104008485660795, 0.3756695770015019, 1.0915393621921519, 1.1195325036191082, 1.5122853250706767, 1.3453146333883363, 1.058460265827871]
FC:[[3.700314340361803, 3.8200788489147786, 3.870302976588222, 3.9019456892477677, 3.9210947696891396, 3.942550390745008], [3.7564172466600128, 3.8558649493612775, 3.9042232521264317, 3.9440716962370685, 3.964603652382478, 3.988670664752554], [3.863885747983841, 3.9725349257107307, 4.011218609868856, 4.0550228777544985, 4.085010600835899, 4.114542674702942]]
FCE:[[0.04557851394588493, 0.027764761302626065, 0.018370465376549048, 0.014344966919534258, 0.012154049049347592, 0.010773319079749018], [0.03579853204986055, 0.021471273502962226, 0.014102648634065228, 0.011114665561066647, 0.00944197014041856, 0.008385551296765745], [0.029242695199207237, 0.018159317700125303, 0.011927286996916298, 0.009469187871230099, 0.007878765818571998, 0.006843970165019825]]
