Ri:[100, 130, 160]
Zi:[50, 100, 200, 300, 400, 500]
fps.ts:[1297.9144799995422, 3893.743439998627, 6489.572399997711, 9085.401359996795, 11681.23031999588, 14277.059279994965, 16872.88823999405, 19468.71719999313, 22064.54615999222, 24660.375119991302, 27256.204079990384, 29852.033039989474, 32447.861999988556, 35043.69095998764, 37639.51991998672, 40235.34887998581, 42831.17783998489, 45427.00679998398, 48022.83575998306, 50618.664719982145, 53214.49367998123, 55810.32263998032, 58406.1515999794, 61001.98055997849, 63597.80951997757]
fps.e0:[10866.260311991842, 10870.962504341302, 10880.718750231204, 10861.116549258355, 10873.953773280893, 10861.935468066926, 10868.717515012137, 10873.857649300699, 10866.609692522845, 10859.666239066803, 10858.440498326661, 10874.17404195619, 10876.507083461363, 10838.272663319156, 10877.792820005672, 10866.208479155037, 10868.67849855937, 10875.966772663582, 10868.240936589764, 10833.846259518894, 10867.056012357032, 10866.04329671035, 10867.09395060544, 10875.745161168032, 10857.979984997179]
fps.e0u:[11.22908179034037, 11.126179966618082, 11.044290246922824, 11.159342855985814, 11.134134292342438, 11.124517662301326, 11.053655516285547, 11.15641854754146, 11.199289332855168, 11.075497866242708, 11.009590760427786, 10.987915631820329, 11.140568056565348, 11.097691439433222, 11.02870027180956, 11.095992942352293, 11.051563440043925, 11.027353064054433, 11.099802283809321, 11.084322935447958, 10.998634197382819, 11.009434363302676, 11.103126861718508, 10.987759216315965, 11.298136010037432]
fps.lt:[5928.374430456551, 5941.179719483491, 5877.812894256285, 5930.333385416782, 5940.287908261548, 5989.779280580558, 5878.892568628178, 5800.263883606312, 5935.6479729260045, 5912.70374314266, 5957.373593419512, 5889.42526581496, 5749.497591156332, 6120.61700382718, 5819.928151729613, 5909.072479122994, 5833.419961622829, 5802.242246969654, 5872.167889552703, 6190.173137094966, 5923.424327113296, 5883.093248349314, 5925.526000913583, 5841.939275526184, 5944.524908058929]
fps.ltu:[108.11422657306784, 107.67134167739745, 104.54067181605505, 107.20014769809526, 107.28478951060501, 108.93257608854151, 104.97786820258723, 102.50728869476939, 107.63109346007765, 105.93938103034998, 106.96535944033332, 104.62866156739688, 100.92665313449567, 113.82547576552005, 102.09546215273886, 105.5018355156199, 103.32399107373304, 101.68637742071881, 104.7155694335031, 116.19482932150044, 105.83061121944435, 104.11410907128675, 106.26745586437353, 102.6372139527705, 109.04129725014249]
fps.c2:[2.6730940449472054, 1.943566145503753, 1.6388780993758874, 2.1480875074387265, 3.3332263617053894, 2.6329618367772833, 2.4388103414082494, 2.366023467605188, 2.5756717641657354, 3.356314110834582, 2.0261911188516035, 3.3431913617081666, 2.238777231793902, 2.1438150350945495, 2.0026377307381464, 1.3648213724977667, 2.2589771139146935, 3.3384735037932693, 1.636500288430663, 3.312315434077548, 1.9933654102904799, 2.226766299876366, 2.556210505248354, 3.96678431763026, 2.457467706584992]
FC:[[3.8358859897721924, 3.832889230708656, 3.8559996993057837, 3.8904477668637423, 3.9449804487929225, 4.000821323774096], [3.885928348368381, 3.872986436789118, 3.901097502432166, 3.9423249327849956, 3.9955600261508546, 4.0525491715653725], [3.9769726405201973, 3.999148683069085, 4.033637746404681, 4.083038443180688, 4.137043524206328, 4.1936589267215725]]
FCE:[[0.030586094389040835, 0.01597515838679572, 0.00981150537513149, 0.00761011870954988, 0.006453333439358115, 0.00573359767268529], [0.024130171777443563, 0.012473430390818125, 0.007611841051127662, 0.0059071598968710075, 0.005013136076213561, 0.004351210557287287], [0.019999845748046682, 0.010636623327620593, 0.006466013995855694, 0.004799683818642419, 0.00407874423229531, 0.003626171233729275]]
