Ri:[50, 100, 150, 200]
Zi:[100, 200, 300, 400, 510]
FC:[[3.9323136641927743, 3.9248363645143187, 3.9820186993916664, 3.9958190573431898, 4.0203655796732525], [3.974561251703138, 4.009629539703869, 4.044460663737179, 4.067078379146378, 4.09080288453135], [4.1089723335522494, 4.141668429253939, 4.176840329965609, 4.215045085671561, 4.243650957782922], [4.732429058660873, 4.775827349859613, 4.831168164061759, 4.8664593294065535, 4.8909622250256035]]
FCE:[[0.04143794848984202, 0.02785465231104002, 0.02256100923102897, 0.01944996948737909, 0.017214108048807412], [0.021075994535384314, 0.014345103292699302, 0.011234829253012646, 0.009690621004448391, 0.008557653614368985], [0.014413442106265542, 0.009763989599689807, 0.007869141538958449, 0.006615721067409909, 0.00584657185661812], [0.013221540387677104, 0.008965931256870773, 0.007187592622218319, 0.006212352148429499, 0.00548773996992648]]
fps.ts:[1604587451.2815, 1604590926.4445, 1604594401.6075, 1604597876.7705002, 1604601351.9335, 1604604827.0965002, 1604608302.2595, 1604611777.4225001, 1604615252.5855002, 1604618727.7485, 1604622202.9115002, 1604625678.0745, 1604629153.2375002, 1604632628.4005003, 1604636103.5635002, 1604639578.7265003, 1604643053.8895001, 1604646529.0525002, 1604650004.2155004, 1604653479.3785002, 1604656954.5415003, 1604660429.7045002, 1604663904.8675003, 1604667380.0305004, 1604670855.1935003]
fps.e0:[9878.364192245916, 9901.725408555414, 9910.018751671565, 9889.64349098989, 9917.640643056127, 9902.00908921999, 9876.357721090197, 9923.987873795, 9911.244749730666, 9915.271803151387, 9923.780605001653, 9919.589916197749, 9912.931387652516, 9901.308443121432, 9870.761685280899, 9898.732496032273, 9946.293396531997, 9886.093424435128, 9938.49201619608, 9907.6430769936, 9928.600439951017, 9910.469570883712, 9879.235491420453, 9944.024612880055, 10110.254643031922]
fps.e0u:[17.281338338578266, 17.547240398943913, 17.14920345339472, 17.31285396608639, 17.366730039055756, 17.687043056732726, 17.576342853111996, 17.259317495196267, 17.283832879991447, 17.302941390149076, 17.411319063457558, 17.220001579364457, 17.48211070854065, 17.414423547542967, 17.58235844367485, 17.184983216853265, 17.40058871855109, 17.533689543677237, 17.39328809189775, 17.282338374700963, 17.349637957553863, 17.49114626361239, 17.246448411206142, 44.49220875284264, 173.04900680622694]
fps.lt:[17426.911365898548, 15856.005154141078, 15016.566084432332, 16588.23184084405, 14760.525916042727, 14826.316698729048, 17731.93766245162, 14377.759358235775, 15675.49483694373, 14733.314557266414, 14521.939248239165, 15175.900640966833, 15434.019321157099, 16415.657938739667, 17265.829485978426, 16857.187346124992, 13883.44217618968, 16368.128531619861, 14262.102168458927, 15346.390146420092, 13570.438929490592, 15077.933189022902, 18267.634512722132, 14126.65747112773, 16864.62168632222]
fps.ltu:[1601.6612627162779, 1334.0513723630063, 1168.6543662788863, 1446.62070154537, 1139.156328867722, 1173.8990330702438, 1676.3004149757646, 1083.2609616492798, 1282.8421187938973, 1141.4220530314128, 1114.2675399841823, 1201.7963540316641, 1253.979373626403, 1420.1921250961784, 1585.4406572815665, 1487.6689883009499, 1014.2323807668076, 1418.0786076064296, 1066.7121603403252, 1238.8969921688918, 974.4248417306004, 1207.893459539656, 1745.3347488053305, 2675.57681747811, 14203.111631732736]
fps.c2:[1.1705619531207618, 1.0222523493634292, 0.9466032724960769, 1.0618025142241405, 0.8926844810676664, 2.1132869637529828, 2.031085458643026, 0.5956410686110719, 1.5032529827111227, 1.0869630906954932, 1.8052790455413326, 1.2856407979976312, 2.5389655657388794, 1.4458739241062388, 0.3131626237799201, 1.7184875026795192, 1.828675847410074, 0.6902842417029456, 1.8122886722404046, 0.9350573506052662, 0.45068907533062547, 0.47921427538219885, 1.045946269940878, 1.2359933738453082, 0.6360484402146737]
