Ri:[100, 130, 160]
Zi:[50, 100, 200, 300, 400, 500]
fps.ts:[1726.752000002861, 5180.256000008583, 8633.760000014305, 12087.264000020026, 15540.76800002575, 18994.272000031473, 22447.776000037193, 25901.280000042912, 29354.78400004864, 32808.28800005436, 36261.79200006008, 39715.296000065806, 43168.800000071526, 46622.304000077245, 50075.808000082965, 53529.31200008869, 56982.81600009441, 60436.32000010014, 63889.82400010586, 67343.32800011158, 70796.8320001173, 74250.33600012302, 77703.84000012875, 81157.34400013447, 84610.84800014019]
fps.e0:[10797.664853467028, 10793.5308959092, 10801.960489967718, 10801.178317269505, 10792.695024182654, 10807.581743288129, 10797.812288726534, 10807.402603654491, 10820.778222657736, 10816.450985441244, 10806.368895233567, 10807.425331318967, 10791.25074223204, 10789.932733680671, 10811.60645167265, 10818.574483417837, 10809.75009437054, 10794.866092233442, 10825.346768180283, 10807.57130806461, 10801.187890585348, 10791.028772384194, 10798.1630097236, 10817.135975760515, 10796.451060524796]
fps.e0u:[11.495649093090798, 11.354386841308981, 11.531233071951199, 11.46766471082879, 11.497813069994468, 11.444488674495522, 11.46962253004247, 11.547223191618556, 11.383607386186803, 11.48390714544796, 11.385784620093357, 11.386028007486498, 11.380044492672628, 11.57495464281071, 11.646998604021256, 11.399604868942095, 11.445421884875929, 11.498746171515357, 11.512823558356448, 11.47967305036536, 11.437538017871585, 11.57679110260262, 11.544435071482814, 11.491116615675242, 11.682008425477235]
fps.lt:[8290.143923359112, 8386.672626274549, 8137.498392015311, 8372.69708863854, 8388.5147906547, 8136.24695280953, 8256.228303573713, 8047.274881436718, 7882.601845477495, 8155.910672445861, 8179.638649710826, 8313.407663939606, 8430.041216305512, 8395.518591654158, 8148.114229949179, 7949.173485128744, 8092.577360235866, 8304.681298716836, 7829.371322497917, 8198.626232051674, 8116.227784122269, 8557.316410648207, 8419.673135754529, 7949.708920411344, 8216.620785476209]
fps.ltu:[218.68955608274476, 221.51100377708283, 211.07996898567984, 222.18250114518884, 222.55321124334336, 210.63949159294904, 216.98069507504243, 206.47869963909758, 195.9843693926712, 211.08015770704682, 211.19179666708695, 217.67219938141537, 223.44048690469384, 225.90492284572753, 213.53404154433056, 198.9802740983398, 209.05230491888548, 218.52494547240374, 195.2772411717061, 212.7162733877209, 208.84446891317745, 234.49742328079992, 225.70143990160608, 201.8056131947678, 217.91799192964478]
fps.c2:[1.207976281933234, 2.615249120144668, 1.899274050425343, 1.2753467136113952, 1.3473471085510715, 1.7239479939538365, 1.7250499029205313, 1.935747047552059, 1.3899080557949977, 2.5961762684447267, 1.7674911978315053, 2.5800428422793784, 2.671013221417908, 0.9385862285898955, 1.9390653470876853, 2.9070642792134556, 1.2858278980329632, 1.085278880552057, 1.4651559445999436, 1.4110326173059609, 1.7082868531399713, 1.9377113241134534, 1.4623963995685036, 1.7653075100923483, 2.4154221066698756]
FC:[[3.883734572083618, 3.8748730572055075, 3.879331435433487, 3.8994450438701054, 3.936808680732445, 3.977059271723223], [3.892389562515274, 3.910708650444265, 3.9194445819163772, 3.9441304316077006, 3.9875529393044467, 4.030159408657452], [3.9928739321211193, 4.035669408653329, 4.062716194351193, 4.091637021797044, 4.1323501723722345, 4.171728933871652]]
FCE:[[0.0287989016469705, 0.016308208468922322, 0.010470646744913204, 0.008163516981640664, 0.006909116257487634, 0.0059518938380048216], [0.022071761442629467, 0.012666696375233974, 0.008069779105552602, 0.006298470862349903, 0.00522193579680451, 0.00463667148351389], [0.018736824698316962, 0.0104756179239139, 0.006675153555325464, 0.005223849065800314, 0.004448816906771486, 0.0039538113639124755]]
