Ri:[50, 100, 150, 200]
Zi:[100, 200, 300, 400, 510]
FC:[[3.9526042906289347, 3.9651201681297663, 3.9961407132994706, 4.013405578855367, 4.037656461296519], [3.9538751119460995, 3.9790301605134277, 4.004705145294859, 4.031237969066979, 4.057381203577262], [4.061919692806193, 4.0911250643492565, 4.11681489861567, 4.1474528675348195, 4.178266154199665], [4.377928017221324, 4.4239487021769754, 4.463752282046439, 4.504054248145046, 4.538553878086112]]
FCE:[[0.02846621310515026, 0.019574176717690284, 0.01590036391348565, 0.013734794296643899, 0.012156838990614774], [0.014291875793516914, 0.009650815764996868, 0.007815420109799513, 0.006737906914090656, 0.00594604393898284], [0.00987337061816401, 0.006636257723192147, 0.005361945073609053, 0.004628506766781513, 0.004087682461281168], [0.008360242008679344, 0.005670604362099751, 0.00457815776967097, 0.003949843994867296, 0.003490251479922259]]
fps.ts:[1622294709.20246, 1622298157.91738, 1622301606.6323001, 1622305055.34722, 1622308504.06214, 1622311952.77706, 1622315401.49198, 1622318850.2069001, 1622322298.9218202, 1622325747.6367402, 1622329196.35166, 1622332645.06658, 1622336093.7815, 1622339542.4964201, 1622342991.2113402, 1622346439.92626, 1622349888.64118, 1622353337.3561, 1622356786.0710201, 1622360234.7859402, 1622363683.5008602, 1622367132.2157803, 1622370580.9307, 1622374029.64562, 1622377478.3605402]
fps.e0:[10723.898254527014, 10730.568106546187, 10737.185384981132, 10767.575070117515, 10743.64709706776, 10725.464676340136, 10717.845059763722, 10750.23040036555, 10709.185841611019, 10737.925629472775, 10726.768218892617, 10757.993301864795, 10730.278017280492, 10732.798395755437, 10727.584464452308, 10736.762989378738, 10722.299118297311, 10732.747214562794, 10729.53986798333, 10720.049765047092, 10740.285835749244, 10737.349330067469, 10741.763893286214, 10731.732459059098, 10739.044476315921]
fps.e0u:[13.873015081329216, 13.763848348821773, 13.859632984679921, 13.813718469227892, 13.915567325861469, 13.833956217120738, 13.779882774914048, 13.942157117052325, 13.940323365249622, 13.847290442457801, 13.839555975498735, 13.850199234600696, 13.968471010250418, 13.794983482747178, 13.736980898527962, 13.863029887136406, 13.854025284691197, 13.840246106227752, 13.973012779215948, 13.955050217426129, 13.79242235634855, 13.81171487900009, 13.776718400748042, 13.803676805462443, 13.881891568949118]
fps.lt:[22663.04662844069, 20786.937981448194, 20234.02808740893, 18251.70597991531, 18954.61292818741, 21136.73678185448, 22042.605708077343, 19019.632157457403, 21860.751136486968, 19378.569287344133, 20161.779323860927, 18251.31862219745, 19774.380402984705, 20615.203489138596, 21423.216153767116, 20232.87216477309, 22664.658208099783, 21219.986818472047, 21295.387301816965, 21941.27904359667, 19328.520489003447, 20306.188524980356, 18911.05797777264, 21144.944589013026, 18993.154423469827]
fps.ltu:[1992.494376953802, 1656.1315171537221, 1588.7219478119794, 1290.0223756098494, 1393.8976167595767, 1741.1402809615718, 1880.9248943736784, 1404.2980169970585, 1866.6533379413202, 1457.3895304648418, 1579.2904885516148, 1297.7482503766846, 1529.947430663214, 1642.5312255802676, 1770.7687046542717, 1591.9621823639163, 1989.8145604028848, 1747.920107001691, 1764.8534399573773, 1881.5558428606353, 1452.5478025225743, 1591.4058751255727, 1386.5193370776253, 1726.8219986705726, 1403.1362758475511]
fps.c2:[2.7287244696789177, 2.925300277304306, 1.6002176789486091, 1.2183128945183055, 1.5453864562673618, 1.7310855819687265, 2.1865538544196954, 1.186842886666063, 2.159229889784102, 3.0181463574733796, 1.6946823657367343, 1.4142362694178212, 0.8293476983215246, 1.5759926620779132, 0.4654368014165429, 5.074881685655996, 2.144187648085487, 2.2685540146997023, 2.136564484405952, 1.360481756362284, 1.3771123397491798, 1.475287501162674, 2.0841527408927223, 1.5605589661513941, 2.0622541902728866]
