Ri:[100, 130, 160]
Zi:[50, 100, 200, 300, 400, 500]
fps.ts:[534.8499399995803, 1604.549819998741, 2674.2496999979016, 3743.9495799970623, 4813.6494599962225, 5883.349339995384, 6953.049219994544, 8022.749099993705, 9092.448979992865, 10162.148859992027, 11231.848739991186, 12301.548619990348, 13371.248499989508, 14440.94837998867, 15510.648259987829, 16580.348139986992, 17650.04801998615, 18719.747899985312, 19789.44777998447, 20859.14765998363, 21928.847539982795, 22998.547419981955, 24068.247299981114, 25137.947179980278, 26207.647059979437]
fps.e0:[10803.712914576345, 10826.562247574957, 10829.369724800976, 10855.019487177495, 10878.307729573617, 10837.535161941494, 10821.792383205682, 10863.261251746015, 10840.236490241663, 10854.29046045382, 10865.260715166354, 10871.500208836445, 10862.374931777267, 10842.700061521658, 10867.699514616028, 10811.675675850862, 10813.25938992992, 10859.320874774414, 10829.792711024005, 10810.882393872134, 10833.487151117773, 10849.369296584562, 10843.979155444385, 10803.770841440657, 10818.923746516344]
fps.e0u:[17.806190456826286, 17.963078023764268, 17.76755081256329, 17.989675572777355, 17.839015626941297, 17.787929379057825, 17.533934256972337, 17.482879336268446, 17.43232595693283, 17.264039673194326, 17.029897377570954, 17.211312335033377, 17.205185786096177, 17.463676119371023, 17.02533324849737, 17.265947746427788, 17.295551891370707, 17.684639365329005, 17.764035398690755, 18.047720163397216, 18.260650172548942, 18.621815413634224, 18.888988181483647, 19.113636517892893, 19.447662789487286]
fps.lt:[5436.692872334643, 5642.440453176572, 5719.025087520189, 5556.528979663401, 5448.340698849339, 5627.771491321968, 5927.165134414064, 5497.5405628449325, 5791.987196683347, 5557.035796555472, 5596.5712327889905, 5362.547462670527, 5522.359588347262, 5570.458139030001, 5433.6392401462035, 5840.403652596104, 5799.245163331988, 5392.230444949063, 5634.170271297118, 5906.476906708796, 5695.0320781309465, 5503.419961393461, 5447.671133547454, 5691.42308628676, 5602.27116066827]
fps.ltu:[144.2551964525124, 155.1357293496541, 158.78446668443144, 151.52426538242364, 144.78801968967664, 153.57719403766666, 167.83577424010133, 144.3944525302222, 159.1420319374795, 146.14513869348056, 145.40180655421648, 136.58549757357764, 144.39478768662485, 148.65419794776358, 139.41681007888272, 161.87390470974196, 159.72129953091303, 140.26854241043108, 155.08449646381376, 172.72651962211566, 161.98933344963353, 155.14843973935584, 152.86501391029987, 169.5855609671142, 168.30132475864124]
fps.c2:[1.2224004368161916, 0.9418637405941503, 1.2739260691720748, 1.6490706953891812, 0.45458840280865426, 1.6253639467531822, 1.1720288986429543, 0.9255434496461714, 1.346439044854788, 0.9039571093905233, 1.7858280313452946, 1.2826651584486997, 1.0489739351782839, 0.8534421790535462, 0.5604952173776965, 0.6083753987242482, 2.203791540793196, 0.3335568643375865, 2.460057655173896, 0.6726005354429515, 1.038953427976824, 1.460811993854762, 1.8679450527031727, 2.452121987792691, 1.9063428214767464]
FC:[[3.785267710503179, 3.829089319645105, 3.835361661998192, 3.9024648239161754, 3.969572079908777, 4.033432543001722], [3.834878181779508, 3.868338753667061, 3.8862747769682797, 3.9569106758163852, 4.037284361116696, 4.102275677995505], [3.9251296957567114, 3.985780312567063, 4.0236004168842365, 4.081842853415541, 4.15470477245719, 4.228785702683478]]
FCE:[[0.051061157681281444, 0.025959889520840378, 0.015362748374668217, 0.012060350940603948, 0.010269453119505511, 0.008906252690776082], [0.03942145818108713, 0.02035651116135945, 0.012033074234168549, 0.00944198706632392, 0.007880740398946678, 0.00701681631060417], [0.033715665631375416, 0.01677317477985224, 0.009989975226078704, 0.007794613163725706, 0.006663354363063484, 0.005829443668654294]]
