Ri:[50, 100, 150, 200]
Zi:[100, 200, 300, 400, 510]
FC:[[3.9737360063491263, 3.972523397993297, 3.9760322243232973, 3.9947122872088885, 4.013840838159927], [3.9346791056176977, 3.955944013018779, 3.9827635356752498, 4.005898848907153, 4.030358240730678], [4.019590480484525, 4.055926394532775, 4.0852551065415055, 4.114744080452831, 4.139269214679969], [4.353930148549448, 4.402728327174098, 4.440965676277967, 4.476313973432924, 4.496541291148538]]
FCE:[[0.027209830798057666, 0.0184400177283207, 0.014928494272287833, 0.012595000004310524, 0.011133296071303988], [0.012829860194453046, 0.008737343334987983, 0.0070906225195662255, 0.006140419514668261, 0.005430294637102085], [0.008890479234214354, 0.006067830526355531, 0.00490695498842802, 0.004244791938123402, 0.0037522915130849236], [0.0075210999490479425, 0.0050727154205984105, 0.004089035355191536, 0.0035788454852860438, 0.0031945361756290087]]
fps.ts:[1621247563.5023801, 1621251017.55514, 1621254471.6079001, 1621257925.6606603, 1621261379.7134202, 1621264833.76618, 1621268287.8189402, 1621271741.8717003, 1621275195.9244602, 1621278649.97722, 1621282104.0299802, 1621285558.0827403, 1621289012.1355002, 1621292466.18826, 1621295920.2410202, 1621299374.2937803, 1621302828.3465402, 1621306282.3993, 1621309736.4520602, 1621313190.5048203, 1621316644.5575802, 1621320098.61034, 1621323552.6631002, 1621327006.7158604, 1621330460.7686203]
fps.e0:[10732.858034251954, 10735.46377002923, 10735.995359388395, 10730.640344277692, 10718.044472832322, 10743.535215549286, 10729.156204179368, 10721.51186898245, 10740.700901894565, 10743.32642157586, 10743.02021310693, 10739.208186344815, 10737.457581410868, 10727.458671076325, 10735.162962967188, 10714.605934735078, 10735.5674268376, 10723.725658413814, 10707.879546104443, 10712.597285933747, 10741.11832639862, 10739.041764552348, 10727.175772735676, 10732.090104658679, 10728.616389098373]
fps.e0u:[11.10218093035258, 11.375216303066761, 11.537747733603753, 11.882536495453031, 12.257839572392902, 12.465976372805843, 12.626462185871768, 12.611366443604837, 12.79218005611817, 12.842346019141448, 12.889450896099673, 12.92657996796132, 12.889146511537467, 12.872369050161296, 12.95132026960917, 13.08144950435506, 12.914480158288313, 13.036543625996755, 12.892164387246396, 12.923644991703638, 12.979627842973832, 13.023487708310006, 13.160055926299954, 13.093310145709934, 13.210007653568088]
fps.lt:[20959.909820654088, 19908.547797318268, 20126.97256964834, 20808.00935924786, 21662.445115336945, 17618.449167374452, 19934.070459171482, 19650.073920878385, 18296.09654515822, 18421.125117146774, 18141.78024372222, 18024.524125192147, 17514.712230981226, 18938.003238863046, 18880.273665207784, 20463.441470376634, 18454.97814104323, 19662.627657752422, 20215.53557371526, 20704.854374128667, 18031.938156682503, 16704.577031968485, 20233.41840052762, 19316.941553313434, 18709.676376700518]
fps.ltu:[1365.4213814092916, 1266.594875580876, 1311.1362787910973, 1440.870943168236, 1613.5687160882276, 1084.6789217946916, 1408.055414667134, 1365.2048773090714, 1199.2979892644153, 1220.765804100635, 1188.0411432350645, 1178.1105677830064, 1114.0209006813493, 1298.7864989852703, 1293.917638557113, 1531.6774989683638, 1236.757266251657, 1405.5492194781245, 1483.3145326322554, 1558.0955078722995, 1184.193256803186, 1023.0585980359326, 1502.5712392090068, 1370.8074130308714, 1306.365421413975]
fps.c2:[1.5814054643562927, 1.153452622161273, 1.8556574844628289, 1.6467013857771553, 1.54276613639677, 2.279929130743935, 1.9255980340806382, 1.711297071940845, 2.0842028719400685, 1.8776589989544563, 1.111773362552454, 1.4482930162938241, 2.058772117014649, 2.077779666797851, 2.7947582397953648, 3.0465423422005085, 1.7988296608654222, 2.241129207169254, 2.9959367201771343, 0.9809571541182611, 1.5612710547620596, 1.6445941331058938, 1.417941972456388, 1.98592966967919, 1.9225830192604643]
