Ri:[100, 130, 160]
Zi:[50, 100, 200, 300, 400, 500]
fps.ts:[1259.1578999996186, 3777.473699998856, 6295.789499998093, 8814.10529999733, 11332.421099996567, 13850.736899995805, 16369.052699995042, 18887.368499994278, 21405.684299993518, 23924.00009999275, 26442.31589999199, 28960.63169999123, 31478.947499990463, 33997.2632999897, 36515.57909998894, 39033.894899988176, 41552.210699987416, 44070.52649998665, 46588.84229998589, 49107.15809998513, 51625.47389998436, 54143.7896999836, 56662.105499982834, 59180.421299982074, 61698.737099981314]
fps.e0:[11214.981103028425, 11196.058863555683, 11205.524496335498, 11242.878496403524, 11231.916782055105, 11234.828101186824, 11202.676397209583, 11219.38577991557, 11219.05833198599, 11213.211472145827, 11222.098244079616, 11237.900892947277, 11205.76377449759, 11221.920101299249, 11235.3816474512, 11227.481548237989, 11231.80793474579, 11233.444929838079, 11238.341546618414, 11241.036462945796, 11220.334175584167, 11240.180616829319, 11203.35862170983, 11232.116466348094, 11243.00282900818]
fps.e0u:[13.995194687971363, 13.940714032054668, 13.75596638233547, 13.60898158684468, 13.790010732276238, 13.778093878147601, 13.775708017315148, 13.736641252621743, 13.541666977977663, 13.456152933560421, 13.919217830746481, 13.519800463347158, 13.58662011060397, 13.700524615841713, 13.640968347198973, 13.686854018626768, 13.411264894024784, 13.510982787244778, 13.594763629156859, 13.645748361738493, 13.476195924712737, 13.489998069732362, 13.471460736442591, 13.554794921062173, 13.6560664208955]
fps.lt:[3508.446300814704, 3583.2802523045366, 3530.8534196004116, 3467.672083880275, 3482.859844673494, 3531.304374465716, 3609.6055228478044, 3575.2208331502516, 3591.6878274996707, 3663.913452248375, 3600.7401970094224, 3576.700849393163, 3638.0994169821074, 3623.316149545797, 3556.5173845418067, 3606.156922988461, 3581.9582460506385, 3636.640964060747, 3605.136677070169, 3564.620324460214, 3673.469647929862, 3648.4474470212635, 3770.3383215305757, 3697.265196024629, 3669.93833753801]
fps.ltu:[48.9378118277745, 50.5159676836007, 48.811198463410086, 46.37400904425094, 47.4037992457092, 48.64877647433598, 50.80215810385055, 49.554310461498694, 49.422157505775374, 51.38957477179243, 51.15141445269564, 48.89429702931442, 51.230252578474335, 50.6744060996034, 48.80287269304004, 50.13420160125313, 48.66813485816788, 50.42205524940339, 49.87350298579944, 48.829668458631794, 51.96360573491769, 50.53528179630804, 54.29010404936077, 52.499340243118816, 51.84865032759118]
fps.c2:[1.2533060128664952, 2.585356971492949, 1.8111986553001214, 2.051784952765578, 1.492856623484926, 2.00373323091581, 1.9735038880841684, 1.7391860527715026, 2.141152527282974, 2.4585544462112563, 2.1465502863752093, 1.5902203306788052, 1.8012101846708624, 1.4828458831256746, 1.8834003301409017, 2.420993528174856, 1.3126638043839471, 2.8616440315524208, 2.1889045837375742, 1.5985693040839783, 2.1519342972642446, 1.795628581771162, 2.479786548110688, 2.2126183325339017, 1.2317964784824336]
FC:[[3.775616396280397, 3.811581625232978, 3.9206405295742153, 3.98778374841412, 4.0669348398159, 4.140817412321144], [3.8685288371572866, 3.882460335538154, 3.9790599304975673, 4.051673822840669, 4.127465921150865, 4.201301487989342], [4.024824310262166, 4.0433318486868455, 4.12634498853611, 4.199947976708711, 4.281821212994176, 4.357020207699665]]
FCE:[[0.034987377130866366, 0.018175545477103754, 0.011218842466923737, 0.009053014923426177, 0.007951156132975217, 0.007294515823441068], [0.027956837685493605, 0.014225722879206796, 0.00865789497185088, 0.007029397993040675, 0.006191975392651247, 0.005690573199161265], [0.023752641852644363, 0.011672042675125827, 0.00737130285672785, 0.006002588153756484, 0.005212515546903155, 0.004793812051312155]]
