Ri:[100, 130, 160]
Zi:[50, 100, 200, 300, 400, 500]
fps.ts:[1743.8629200029372, 5231.588760008812, 8719.314600014686, 12207.04044002056, 15694.766280026435, 19182.492120032308, 22670.217960038186, 26157.943800044057, 29645.669640049935, 33133.395480055806, 36621.12132006168, 40108.847160067555, 43596.57300007343, 47084.29884007931, 50572.024680085175, 54059.75052009105, 57547.47636009693, 61035.20220010281, 64522.92804010867, 68010.65388011455, 71498.37972012043, 74986.1055601263, 78473.83140013217, 81961.55724013805, 85449.28308014393]
fps.e0:[10815.918176652927, 10809.218835709544, 10815.67297864364, 10819.544296641487, 10826.923281553862, 10821.800242757867, 10845.029369063563, 10818.861050750995, 10810.79703782144, 10824.955664161176, 10831.85525193319, 10812.941603947776, 10798.140840307893, 10812.436275566022, 10821.845745088629, 10851.029150529788, 10842.891141350981, 10839.076332624725, 10837.525410114198, 10844.24124609705, 10840.072308059478, 10823.11594724862, 10820.218670803624, 10814.60469504978, 10818.51707004211]
fps.e0u:[13.957334111236639, 13.955274362088888, 14.06945449980014, 13.90982561367439, 13.941055423139726, 13.99768266636828, 14.049600974356338, 14.138154696065083, 13.81292982168238, 13.978859578061892, 14.131592775718355, 14.10585176024402, 13.943157389981188, 13.883056958023815, 14.139853623200016, 13.992403255800188, 14.05663884216242, 14.061061779304543, 14.15842276481785, 14.264760890351665, 14.089502729174866, 13.907240922111436, 14.167415325820587, 14.115149494136839, 13.989516209083934]
fps.lt:[12109.421138765632, 11683.422585968814, 11354.03163497991, 10884.622754981412, 10814.48138965924, 11676.312876662365, 10359.328171854262, 11416.610165832139, 12002.2813461955, 11281.001228228502, 10962.126332748217, 11782.45834409104, 12739.6629432373, 11732.454309760866, 11890.208268550998, 10795.439572075531, 10825.629474694437, 10871.296489486425, 10901.542638788766, 10346.111767793434, 10727.861781454296, 11319.896921334479, 11250.551045138538, 11545.417040185364, 11584.625781895847]
fps.ltu:[564.4834930489183, 527.5835862174314, 505.053640626234, 461.56615150508975, 456.0149264570974, 527.3431346858895, 419.75788640829194, 515.3763136853909, 552.6407020955817, 494.3596978604518, 470.365342070383, 541.3075552359189, 631.6098390905041, 529.409661669981, 556.4132978294942, 452.5513307264019, 458.81392855994073, 462.58963971352534, 465.2491301778345, 425.59947990900713, 448.5345401018906, 497.7170829103932, 498.9411732031297, 524.5578211339512, 521.6786322459149]
fps.c2:[1.052967441949528, 0.9468231751573875, 1.677623370795712, 1.6278510134287385, 1.9930532789006652, 0.9634605940241292, 2.1763383681801334, 2.2259208020274937, 1.4567375225906964, 1.0367262175033305, 0.841263637378066, 2.060266009110232, 1.3866362510351105, 1.7512210033067308, 0.7492916479925265, 1.595684818596832, 1.5191636005584725, 0.9662731838681401, 1.252648710734539, 1.5554924637412055, 1.9017001254452168, 1.8935814005259575, 1.727285776694391, 2.2190666490277033, 1.045099364813967]
FC:[[3.8851421651888303, 3.883402944854647, 3.8964188443388625, 3.9137154376042305, 3.9307396592989337, 3.9613793309927385], [3.8901394499205755, 3.9088253436040654, 3.923692425984624, 3.9474428612597565, 3.9740253521172204, 4.00730238020036], [4.021933574445037, 4.0349930209932365, 4.051902571486192, 4.079949385267804, 4.1067381595224575, 4.141868514868972]]
FCE:[[0.032134606780205084, 0.019503386330642625, 0.01281959888389842, 0.010079912127297508, 0.008303385095155236, 0.0073265149862810275], [0.024667890084769665, 0.015077993021281016, 0.009865414685033937, 0.007580087536896164, 0.006439121545919321, 0.005706462596602133], [0.02070549196490605, 0.012462043931354293, 0.00818024492838769, 0.006466639815117488, 0.005507514500851223, 0.0048936754554555805]]
