Ri:[100, 130, 160]
Zi:[50, 100, 200, 300, 400, 500]
fps.ts:[839.1919600009918, 2517.5758800029753, 4195.959800004959, 5874.343720006942, 7552.727640008927, 9231.11156001091, 10909.495480012894, 12587.879400014877, 14266.26332001686, 15944.647240018843, 17623.03116002083, 19301.41508002281, 20979.799000024796, 22658.18292002678, 24336.56684002876, 26014.950760030748, 27693.334680032727, 29371.718600034714, 31050.102520036697, 32728.48644003868, 34406.87036004066, 36085.254280042645, 37763.63820004463, 39442.02212004662, 41120.4060400486]
fps.e0:[10929.032725278039, 10928.19078222286, 10940.719588886019, 10924.719947590835, 10902.494822936478, 10901.542145447633, 10957.772810234046, 10936.708562367374, 10945.378917390226, 10917.111300171277, 10886.680699225411, 10931.962019808983, 10918.403467773996, 10960.025871352047, 10924.396955104565, 10908.861016459832, 10921.748214904415, 10923.270215262439, 10915.28500505996, 10887.981129208947, 10914.479013848584, 10987.248998459561, 10922.601870639186, 10906.563916947345, 10896.286616274809]
fps.e0u:[20.42336840246849, 20.64144911242772, 20.942335794955014, 21.456171789103085, 20.97892368683676, 20.67693461558474, 21.019644301455866, 21.13780300367213, 21.142558725492943, 21.22397835107494, 21.19100175344679, 20.99058335359519, 20.967313957104565, 21.156646813957, 21.20685244351598, 20.96952792804108, 21.110604204419364, 20.442840581819624, 20.799509037280934, 21.2674196208007, 20.91113604344914, 20.876942777253333, 21.363456519766117, 21.362828280803303, 21.228626830203115]
fps.lt:[12375.450667506262, 12974.164274894338, 11931.93082102618, 12648.723875691729, 13706.27721684194, 14523.80682069665, 11764.701294255947, 12160.240401559859, 12043.123836306768, 12481.024101745226, 14031.288105695592, 12151.937805825408, 12759.978111403667, 11251.871521696426, 12066.032856158745, 13308.351387464969, 12350.098191909972, 12832.608123838785, 12220.064704166338, 14344.037407687183, 12667.501145564987, 10645.056140246885, 12381.44749155115, 13116.794809557781, 13910.633885955845]
fps.ltu:[876.0843304013003, 957.836825399963, 823.9167691838859, 941.1136860616626, 1090.4752565324372, 1199.2868296575527, 798.0415600895547, 872.1925165373714, 841.3189627527973, 919.1706825727961, 1149.9812621405279, 859.5744371097419, 946.8067428631161, 737.7360159299003, 846.7214077686173, 1027.2460165814807, 894.3103375324328, 932.7985320417599, 856.0369537719484, 1197.897920530964, 925.9658749115741, 655.3035102158628, 912.2394574005214, 1025.332397483684, 1131.96308029437]
fps.c2:[1.3275189105253757, 2.026065408799436, 0.48667131223714166, 2.0623031302479187, 0.5853691818216499, 1.7749781275035446, 1.6199679581214819, 0.9368318027637237, 0.6700722703869029, 1.4490937594359212, 1.11970854050468, 2.152753736890922, 1.4614515696442112, 0.869509314712206, 1.2826929718058735, 1.0892121828300516, 1.1191623008760336, 1.8832970592416987, 1.0489910433664724, 0.7316862536988956, 1.837815389560247, 1.938856613075895, 1.4442727083489306, 0.9812277484834329, 0.6742763240673008]
FC:[[3.8335668067443294, 3.863534753194529, 3.8897620405837583, 3.914812071174859, 3.935410462411689, 3.9550313355923055], [3.8686886398947427, 3.908088523545904, 3.9245316265216457, 3.955836165211791, 3.978640345019162, 4.002055035349805], [3.994485102975239, 4.012166016318813, 4.037083334447894, 4.0785199447582245, 4.1048353484022035, 4.13288863490887]]
FCE:[[0.04646785160330326, 0.028785321577783386, 0.019131923833269608, 0.015193278889036694, 0.01287866361608985, 0.011329729788587775], [0.03629288682311684, 0.022373280028034244, 0.014771513825219552, 0.01177579802424228, 0.010022288451040903, 0.00863766131181059], [0.030498444320986737, 0.018353349620601377, 0.012129202775297623, 0.009720009267117554, 0.008301887095155237, 0.007193562066219364]]
