Ri:[50, 100, 150, 200]
Zi:[100, 200, 300, 400, 510]
FC:[[3.9756834367609972, 3.9691968837836478, 4.003175939817637, 4.05904679529238, 4.074552562226625], [4.159838716464581, 4.172717597017653, 4.211300760284509, 4.216484240423894, 4.211227025753917], [4.869903034397918, 4.888710685536625, 4.952042985434226, 4.969398579977327, 4.974094427206309], [5.846312531422481, 5.854755455212171, 5.965443960661112, 5.99618520066199, 6.032470303339953]]
FCE:[[0.09169730404025737, 0.060126868239456205, 0.04816038601466199, 0.041400086465382666, 0.036372963324484836], [0.046163894408103534, 0.031155882398866415, 0.02521029958006781, 0.02145662424453224, 0.01870816480279803], [0.0365828084205104, 0.0245537782808743, 0.019881314025199187, 0.017004955808954832, 0.014904150866900978], [0.036872082828880444, 0.024631834719005766, 0.02010667148722217, 0.01728451753452771, 0.015275719921483391]]
fps.ts:[1623759596.1992998, 1623760465.5839, 1623761334.9685001, 1623762204.3530998, 1623763073.7377, 1623763943.1223001, 1623764812.5069, 1623765681.8915, 1623766551.2761002, 1623767420.6607, 1623768290.0453, 1623769159.4299002, 1623770028.8145, 1623770898.1991, 1623771767.5837002, 1623772636.9683, 1623773506.3529, 1623774375.7375002, 1623775245.1221, 1623776114.5067, 1623776983.8913002, 1623777853.2759004, 1623778722.6605, 1623779592.0451002, 1623780461.4297004]
fps.e0:[10752.026114204637, 10768.03108158352, 10798.501738690664, 10853.43606314376, 10813.549210187633, 10804.737460039376, 10811.821775229957, 10782.371709831219, 10742.966980249417, 10721.51918149063, 10771.554998886237, 10813.027427772462, 10815.654844486462, 10828.885361355242, 10788.94947403685, 10817.654184321616, 10817.135140966937, 10786.113562473729, 10852.542057790903, 10786.609048745786, 10781.562682141803, 10852.847172256445, 10758.108025000462, 10778.43718288642, 10683.880990363657]
fps.e0u:[32.79839117957086, 33.59727059602401, 32.760235533422495, 32.62631372471599, 33.48177738942946, 33.714705292589755, 33.81071386775428, 33.16005845515887, 33.435592429244345, 33.06375994882444, 33.30713301745977, 32.876773483025985, 33.538279018038956, 32.251341505270865, 33.60011022880193, 34.03779287116654, 33.43404642818024, 33.82080502310678, 32.31001339562625, 32.69843386924548, 33.220762116291034, 33.453122971594084, 33.974985865771394, 33.296252937823866, 33.78728043023437]
fps.lt:[22593.632079727256, 24512.650983010975, 17107.984636912526, 15067.655234009535, 17026.173679725798, 18201.33636493808, 17916.538517000932, 23088.23775877592, 22162.37348152399, 27335.72950044603, 22660.615683556873, 17139.51468255165, 17149.700121201557, 17676.54542363363, 18071.020662093957, 16165.147298123287, 17602.230728635623, 18031.577226976173, 15212.110591212442, 24475.568825844995, 20017.916486748152, 16995.99282151946, 23882.603896521287, 20901.726304479682, 45336.03680945569]
fps.ltu:[4742.364295454882, 5660.915066836766, 2715.4917467202786, 2063.7738604411807, 2723.158961709551, 3127.420264715939, 3063.7863387676666, 4929.777716612833, 4592.768138055159, 6962.742326373145, 4848.253070117388, 2707.3837951960613, 2746.4033396418163, 2832.477135510114, 3042.7411089801444, 2502.6730557904525, 2884.876029835204, 3046.8146573522545, 2108.891848673998, 5480.944469326051, 3741.1117639737, 2708.32404988437, 5423.799170388426, 4084.5221470571146, 19512.808826092205]
fps.c2:[1.198044638947048, 1.4448913055862533, 1.1514699057946842, 1.8286295597629862, 1.0922214539064716, 1.9724215254561142, 1.3109295458011612, 1.372784216630635, 0.7288348879621545, 1.7139164243475966, 0.9102420037745771, 1.268412601792727, 0.9499522864045056, 0.8268213768769301, 0.5826964732404504, 0.47673293249479365, 0.8714846685599851, 1.3027686497240807, 1.829801581882342, 1.1538174831171277, 0.9292047309580991, 2.5427781056843677, 1.495170377668459, 1.1155896552028977, 1.4184666063485798]
