Ri:[100, 130, 160]
Zi:[50, 100, 200, 300, 400, 500]
fps.ts:[1354.6396399974824, 4063.918919992447, 6773.1981999874115, 9482.477479982377, 12191.756759977341, 14901.036039972307, 17610.31531996727, 20319.594599962234, 23028.873879957202, 25738.153159952162, 28447.43243994713, 31156.711719942097, 33865.99099993706, 36575.270279932025, 39284.54955992699, 41993.82883992195, 44703.10811991692, 47412.38739991188, 50121.66667990685, 52830.945959901816, 55540.225239896776, 58249.50451989174, 60958.7837998867, 63668.06307988167, 66377.34235987664]
fps.e0:[11061.208224306245, 11077.012525241258, 11088.005136532689, 11090.567895482633, 11103.911472893235, 11113.696813387804, 11106.849756613858, 11134.014348995086, 11124.83093341806, 11126.157446629433, 11139.060319194808, 11146.30599550901, 11164.422800283302, 11183.379392215795, 11155.42552174501, 11145.021805442384, 11163.689655490245, 11176.519716683211, 11172.993523692785, 11194.350062867326, 11186.515789698862, 11190.114613342916, 11186.395641740084, 11194.013736840976, 11209.33297149191]
fps.e0u:[12.206631150432866, 12.17341695376051, 12.109208682869895, 12.123491365908277, 12.107615531013654, 11.937069954590553, 12.094591183120167, 12.145963371217048, 12.050447502077608, 12.027695200600306, 12.043640809789064, 11.955602151983076, 12.027586500821707, 11.967226483140452, 12.037793446073016, 12.129117664890364, 12.254136966432165, 12.171353742937766, 12.159756392901613, 12.198766754546277, 12.057241175724235, 12.096761060910966, 12.1920379677207, 12.064009604377556, 11.945541702923364]
fps.lt:[3535.9168226906995, 3581.9474946857868, 3604.125085691076, 3616.9374275509003, 3625.469428983433, 3601.4323019666363, 3653.467196473049, 3575.624017375653, 3647.926292104938, 3633.235951359162, 3628.2413698468963, 3639.4274581983727, 3593.5445326439494, 3539.9449607645047, 3638.6489087664095, 3728.3762779897697, 3639.11476206874, 3643.6373275258643, 3638.899622976527, 3594.58963037621, 3619.7407121226147, 3635.6752105178834, 3676.3133617011595, 3659.4208001734237, 3590.977982131323]
fps.ltu:[43.1100699393639, 44.50407908804292, 44.74296315627071, 45.148060036425505, 45.30035506339162, 44.1375785485988, 45.54310695334468, 44.20170274411646, 45.36382739937861, 45.274803637512704, 44.993983543504726, 45.14999478767721, 43.94101251691294, 42.797485720181115, 45.51942658961377, 47.84650560800993, 45.92006775188066, 45.69502185111968, 45.73021825445293, 44.720360230615114, 44.96507895203981, 45.30905489845212, 46.749883476790245, 45.8563032032766, 44.048632454787324]
fps.c2:[0.7121218033002855, 1.3817770748158589, 1.5181793587853307, 0.5889037095257329, 0.8266565894435615, 1.2153035463779316, 2.5117675944515643, 1.693529251430365, 1.4900018659877328, 0.7350951874696707, 1.8937888417688442, 1.1400462663402247, 1.6031469874915953, 1.6302323304847364, 1.3745150700862134, 0.6838914734190756, 1.6812652550090534, 1.6344649453857678, 1.5476289161068868, 2.1344465526126704, 1.1471640055572716, 1.229080592614481, 1.6682145767390926, 1.5687801006150615, 1.0295053830381824]
FC:[[3.9160808196232977, 3.898338707553291, 3.977285181541283, 4.0442715641199944, 4.1204985863339765, 4.192770875133881], [3.9377141458537457, 3.953489730026892, 4.024672961288533, 4.094745516693931, 4.169889722703278, 4.241224087689066], [4.069215609562178, 4.089849540533716, 4.154546555476465, 4.23192100336824, 4.303597091998994, 4.374622586648578]]
FCE:[[0.03249670837303816, 0.015941792675556277, 0.01008201094368392, 0.00816281241574192, 0.007037535057358615, 0.006450150762849709], [0.025113134355551365, 0.0124506041329443, 0.007831809274153296, 0.0063605206289756265, 0.005473207404902707, 0.0050208336742316815], [0.021903937873248035, 0.010738367171385588, 0.006706843823805878, 0.005331524581487671, 0.004591370718151059, 0.0042097678667361435]]
