Ri:[100, 130, 160]
Zi:[50, 100, 200, 300, 400, 500]
fps.ts:[1726.306700000763, 5178.920100002289, 8631.533500003814, 12084.14690000534, 15536.760300006867, 18989.373700008393, 22441.987100009916, 25894.600500011446, 29347.21390001297, 32799.8273000145, 36252.44070001602, 39705.05410001754, 43157.66750001907, 46610.2809000206, 50062.894300022126, 53515.50770002365, 56968.12110002518, 60420.7345000267, 63873.34790002823, 67325.96130002975, 70778.57470003128, 74231.1881000328, 77683.80150003434, 81136.41490003586, 84589.02830003737]
fps.e0:[10899.157303042999, 10903.061561545595, 10867.676892668662, 10902.913309865042, 10901.432769677715, 10888.589337727857, 10882.812220549022, 10884.658824977543, 10872.703720603055, 10906.189844350465, 10903.614232277001, 10872.502747020177, 10896.021654707083, 10898.874188237445, 10890.039890740114, 10885.719392578345, 10900.112906007913, 10896.996355096, 10901.640474786507, 10908.096181602335, 10897.15449476411, 10895.309783679006, 10881.729511562557, 10906.335343530232, 10894.124135763626]
fps.e0u:[14.304668654111431, 14.400299847282067, 14.274215587474806, 14.491355337457241, 14.330047597036588, 14.59200173341952, 14.426705495679123, 14.362686032306671, 14.516831988791068, 14.588714388754731, 14.43213120736465, 14.37979747761156, 14.46741348650662, 14.301971763435468, 14.433683067378627, 14.670040546967648, 14.430147079104431, 14.267857017710758, 14.483913665188293, 14.332479000643962, 14.884998460384399, 14.353327058048132, 14.565592232391674, 14.485098513398034, 14.49536974359586]
fps.lt:[12263.167231660665, 11643.166991553666, 13562.145770577708, 12784.176280606795, 12086.71445834452, 12610.10374768135, 12717.670183194785, 12485.896349240349, 13455.21919681488, 12561.78436497861, 12435.96161602737, 13605.462972551819, 12446.879301794075, 12310.27849819633, 13090.311022063488, 12648.245549050458, 11444.002887418706, 12481.767937373697, 12087.977153252408, 12033.847241248252, 11992.221794724677, 12321.675338223708, 13255.630871376034, 11822.873552659144, 11977.623411694785]
fps.ltu:[596.5634123199148, 539.0302371770856, 728.9614961708787, 650.7925525582154, 579.9068937169187, 640.1653451667597, 647.7531347724254, 620.5700212455681, 730.0026768419558, 635.7034834202478, 615.4348449262538, 743.0862045447556, 618.673709277041, 598.6433012788444, 680.7458807346753, 649.630425823365, 522.5527068729231, 614.9987542535856, 582.3637960567958, 577.0519937188482, 588.4058821053909, 604.0989661648233, 700.3592045814811, 559.2438908334232, 573.2798489465167]
fps.c2:[2.5106592248663357, 0.9865845032233463, 1.9897286872321787, 1.1184274121113846, 1.1618462172443167, 1.2060584643236276, 1.3469950381389633, 0.735471739885485, 1.1787326651859753, 1.3466895676950794, 1.025578173098622, 1.1158491418184295, 1.2791713219528698, 1.1353205559767334, 0.9294308743745151, 1.7342082855378242, 0.8025040356943038, 1.6919407498813637, 1.802893647316676, 1.9733526658477654, 1.3942665547333097, 2.243939426980426, 2.152055892342246, 1.4130347301964994, 1.810538515066511]
FC:[[3.82527624719369, 3.872742270837775, 3.881633736238089, 3.9023262893044284, 3.927075591950915, 3.9588076257639613], [3.873239399047656, 3.9064446546220135, 3.9273294255623936, 3.952603789268858, 3.9759350561692437, 4.005153832763758], [3.9759955613327254, 4.019383111588894, 4.055486474754105, 4.081491012655829, 4.106006233601316, 4.137469251843168]]
FCE:[[0.03222045966149977, 0.020202453745026324, 0.013249841115923802, 0.010445132832497114, 0.008841957655990017, 0.00781095372684635], [0.024936187810783442, 0.015562013246541509, 0.010232283154562765, 0.008098232095503291, 0.006878710372848908, 0.0060882450038213356], [0.021160195244420452, 0.01284981258879552, 0.008450520654800748, 0.006703034309899333, 0.0057151334466851245, 0.0049581404687930415]]
