Ri:[100, 130, 160]
Zi:[50, 100, 200, 300, 400, 500]
fps.ts:[1727.8980999994278, 5183.694299998284, 8639.49049999714, 12095.286699995995, 15551.08289999485, 19006.879099993705, 22462.675299992563, 25918.471499991418, 29374.267699990272, 32830.06389998912, 36285.860099987985, 39741.65629998684, 43197.452499985695, 46653.24869998456, 50109.044899983404, 53564.841099982266, 57020.637299981114, 60476.433499979976, 63932.22969997883, 67388.02589997769, 70843.82209997653, 74299.6182999754, 77755.41449997426, 81211.2106999731, 84667.00689997197]
fps.e0:[10847.702111229868, 10832.09950457359, 10841.83332508071, 10857.229139322402, 10844.511417794649, 10857.58727629003, 10846.216970503861, 10833.743562934624, 10840.171243034532, 10849.437475101948, 10855.17643885373, 10845.79646656689, 10867.389586264413, 10859.81322453327, 10841.213271985473, 10866.433667220183, 10850.917412119672, 10848.725193340422, 10908.080985963097, 10921.488595190502, 10924.391615534701, 10926.599868800293, 10927.283161134386, 10944.882363045277, 10941.035024851015]
fps.e0u:[12.046818251653832, 11.941141684960787, 11.92373105702759, 11.829337024619884, 12.010760395341588, 11.970181730225077, 12.052884440973562, 11.972969172842877, 11.923420071653684, 11.927663172690607, 11.909039171232227, 11.93574759754484, 12.05244438726844, 11.984037491239512, 11.961503462169148, 11.937768541349177, 11.917684843372314, 11.958194586286105, 11.993167975802653, 12.032426835245452, 12.048663987519042, 12.04969683267943, 12.171591292750394, 11.941364140342069, 12.374786341434138]
fps.lt:[8377.136853942302, 8870.81585799484, 8645.124190560828, 8279.561061656852, 8542.924409751911, 8302.59266397298, 8426.359449477783, 8982.208580108854, 8978.972283288516, 8487.03372467354, 8400.969015921637, 8751.094865172121, 8177.5687498899615, 8256.18272191791, 8510.713483103284, 8362.548397921062, 8612.915595277824, 8422.053065821676, 8772.9490147932, 8641.393145301885, 8733.153676840824, 8544.245808522423, 8619.748880288505, 8384.974831856884, 8371.367831699677]
fps.ltu:[233.61558116614992, 259.38477654913174, 245.1145500391018, 224.24287166300974, 242.21049926072547, 229.10698958375457, 235.09897503286865, 266.32314520275577, 266.6811910557831, 238.97013429105462, 232.81423218188726, 252.28496196766528, 222.89649654527287, 225.15182401301152, 239.55729511956002, 231.87645165044756, 245.26978759561277, 235.28887470638057, 253.93242191665186, 247.3340491616837, 252.94526432297005, 242.07397955063837, 248.94979437073283, 231.64022132646923, 237.0306367745246]
fps.c2:[1.5028646018265757, 1.6360494715920118, 2.399041489136101, 2.267667763055253, 2.6181949378561264, 0.9397191624929417, 2.5775423499523247, 1.2340084465491674, 0.8821937378507272, 1.4018137983542318, 1.7905763467489992, 1.976074232220903, 1.6373520362981728, 1.27996249452038, 2.7989281708964295, 1.3669693468665385, 2.651602051756541, 2.022211974744707, 1.0424667503398997, 1.344043673716109, 1.2407929943167302, 2.220645149677032, 2.12527245224129, 1.2835467854958162, 2.9942510995308464]
FC:[[3.924222412920853, 3.948086802012841, 3.962084478475184, 3.9896630872565715, 4.025312513915948, 4.058451271041628], [3.9553934472485275, 3.9790117391664137, 4.008037589648164, 4.035171044045793, 4.081549814693856, 4.114600819040243], [4.05942762564443, 4.103142984933875, 4.144671950449114, 4.175888395778225, 4.219316342923397, 4.255089521762347]]
FCE:[[0.030130245542342563, 0.017537267263003364, 0.01124694789732802, 0.008813451033427433, 0.007481456525488622, 0.006439213094148211], [0.023771338246841394, 0.013646077456343933, 0.008731459376646194, 0.006835859040592246, 0.00569571495855444, 0.004910449410968487], [0.019597729136459442, 0.011001842798424701, 0.007048507328449607, 0.0055377674822369195, 0.0047189678188486635, 0.004183916290071419]]
