Ri:[50, 100, 150, 200]
Zi:[100, 200, 300, 400, 510]
FC:[[3.99637093510811, 4.039427132226662, 4.06142410847525, 4.032551184605146, 4.038362660463381], [4.004096167868382, 4.033639685368252, 4.0557158112254355, 4.066189064549542, 4.088514597266887], [4.167172721995249, 4.198478963037276, 4.2192720306455875, 4.239042039618858, 4.260762231702378], [4.744257266762965, 4.784730478407474, 4.818759540039906, 4.839999565419803, 4.8633195510738885]]
FCE:[[0.05073610742544898, 0.03457172324334803, 0.028013570444670857, 0.023733330654054162, 0.020875791587934008], [0.025641643583984967, 0.017346530723795064, 0.014015880743282432, 0.012073220129865893, 0.010441115966448712], [0.017285739643504307, 0.011719878528409831, 0.009431362428078136, 0.008130046149609755, 0.007177613436491115], [0.016159127557220702, 0.010925344907377761, 0.008820211398574498, 0.007604115160936753, 0.0067243373781191084]]
fps.ts:[1610121604.56206, 1610125085.28018, 1610128565.9983, 1610132046.7164202, 1610135527.4345403, 1610139008.1526601, 1610142488.87078, 1610145969.5889, 1610149450.3070202, 1610152931.0251403, 1610156411.7432601, 1610159892.4613802, 1610163373.1795, 1610166853.8976202, 1610170334.6157403, 1610173815.3338604, 1610177296.0519803, 1610180776.7701004, 1610184257.4882202, 1610187738.2063403, 1610191218.9244604, 1610194699.6425803, 1610198180.3607004, 1610201661.0788202, 1610205141.7969403]
fps.e0:[10087.292688021578, 10053.659281502936, 10095.55231024441, 10088.71205280373, 10071.759826018744, 10129.169789290116, 10094.594167824296, 10122.091843129418, 10100.643969721632, 10137.221326940758, 10088.695038490496, 10089.48165176621, 10099.093163531894, 10053.55144624166, 10133.626663613904, 10116.045694197039, 10067.055325482106, 10095.482087437895, 10086.622806644313, 10049.106424723552, 10116.0646882696, 10074.388352439395, 10153.433847230812, 10103.972280244574, 10109.366015220841]
fps.e0u:[22.512816940558245, 22.25416738569343, 22.454423652018804, 22.124347798397896, 22.343349305702148, 22.3826749949617, 22.002788157949546, 22.362805673362576, 21.967540644029256, 22.115856592986685, 22.304350044423245, 22.034432062658144, 22.265749876879582, 22.44109608362613, 22.10872335684309, 22.525003618475804, 22.407632005933095, 22.49749577694801, 22.39833171403947, 22.070898141018088, 22.197306728403706, 22.242205842861445, 22.24153425254798, 22.720244702897936, 22.129144218918242]
fps.lt:[17273.062553101754, 20020.089634207754, 17107.251379170688, 18034.127271417427, 18372.373192720657, 14149.97218119991, 16863.508306928616, 14528.6827027139, 16665.7754382792, 14515.151021739543, 16962.94354422397, 18900.98651492089, 15864.752447838253, 21768.69311125599, 15382.900489448504, 15456.483995728066, 20470.640688355063, 17263.461125928596, 16378.568930230209, 22430.125019507504, 17274.11364933309, 19923.76693289628, 14071.567440203671, 15368.684551829694, 15004.732401238101]
fps.ltu:[1994.388103538678, 2651.6229575446146, 1949.4896529703356, 2146.151560575865, 2251.718277483048, 1328.0166901132436, 1874.408184411926, 1405.7230165350968, 1827.5290293533703, 1383.5243781580982, 1911.6117294410553, 2348.0182213434814, 1653.7577261794195, 3170.1301036396144, 1556.157185635666, 1599.7428013660485, 2766.461394173353, 1994.761390767779, 1791.406766007273, 3307.9608003013004, 1968.4386476157956, 2642.570199762197, 1314.250576662941, 1583.6864586418722, 1470.8328379599843]
fps.c2:[0.7064023283464705, 0.8147616651139967, 1.6464822551626885, 2.0465470009006954, 0.7656957464645713, 1.4691676441757158, 1.3559242552147348, 0.9351063321479391, 0.4399297161033059, 0.7407710928532207, 1.2943627160644011, 2.717937760976383, 1.9128105316387003, 1.1655710141602968, 1.116411453435117, 0.6507017798002909, 1.527796678802325, 1.2956557800886297, 1.026636367921237, 1.32882570866791, 0.6592780964745886, 0.9690858222448563, 0.8402884570689697, 0.8963677108103669, 0.7488887512751734]
