Ri:[100, 130, 160]
Zi:[50, 100, 200, 300, 400, 500]
fps.ts:[1718.8045799970628, 5156.413739991189, 8594.022899985313, 12031.63205997944, 15469.241219973565, 18906.85037996769, 22344.45953996182, 25782.06869995594, 29219.67785995007, 32657.28701994419, 36094.89617993832, 39532.505339932446, 42970.11449992657, 46407.723659920695, 49845.33281991482, 53282.941979908945, 56720.55113990307, 60158.160299897194, 63595.76945989132, 67033.37861988545, 70470.98777987956, 73908.5969398737, 77346.20609986782, 80783.81525986196, 84221.42441985608]
fps.e0:[10846.275797834916, 10877.589376527325, 10850.587585060493, 10866.335940613788, 10850.761693388009, 10845.615638654554, 10875.114107057467, 10826.243585015049, 10830.155286235595, 10857.095095299259, 10845.685856555758, 10841.876083199204, 10864.94636873675, 10864.116090161704, 10845.598499746691, 10837.364145329519, 10846.526300451966, 10858.401574798405, 10826.796416661098, 10819.897120785747, 10818.415718826522, 10843.448024586889, 10825.081335470903, 10800.986996158957, 10858.758178394346]
fps.e0u:[15.292852977189566, 15.029175815146766, 15.277436305197309, 15.37753498447665, 15.20235424003721, 15.169697083406131, 15.097072836303886, 15.040526896550904, 15.181316721510594, 15.163290296660978, 15.069789011695722, 15.380838630464547, 15.352777343170109, 15.21379933103885, 15.136555627023624, 15.2502842913333, 15.64115201183023, 15.489319606295789, 15.400521927461533, 15.401627085030865, 15.451593720063448, 15.504373589166624, 15.537666989083515, 15.442936228476569, 15.484934282231919]
fps.lt:[7136.057691105954, 6902.005552150337, 7167.553782315628, 6896.546089137084, 7079.5300142710685, 7275.175009718253, 6719.339798624604, 7431.8107660719925, 7440.279029286226, 7115.998430021035, 7102.091566957714, 7317.690916154465, 6758.910096462235, 6832.48043649802, 7212.671221145161, 7316.768055881249, 7182.728881239113, 6963.503980973777, 7291.953091209036, 7508.698050184831, 7484.183224286073, 7349.213991889202, 7401.630798714424, 7756.8013684864145, 6862.868574833055]
fps.ltu:[213.169173280066, 196.84903997220098, 214.23175243433684, 199.60740505290804, 208.63689553171588, 219.2132443737072, 187.8184120226597, 229.54431178503958, 230.49679803763738, 211.52544868142044, 211.49101958715858, 224.84587079393933, 193.67411059314475, 195.16404058721866, 217.3498524738447, 225.21841496185013, 221.56207020221237, 205.72244841134875, 227.54960975726001, 238.55683220025116, 238.04171118627295, 227.28721610391344, 232.22101466351015, 255.81837489060325, 202.40524488064312]
fps.c2:[2.454075413939084, 2.4141697875352297, 1.4971581244448369, 3.3259671639563595, 2.560158428379267, 1.8064401926160942, 3.9851518051715726, 2.4051475734509635, 1.926780263791829, 2.925949208228376, 1.9025884555072374, 2.498507566060135, 1.2644117570822293, 2.909882119636234, 2.195245966392151, 4.786227009685433, 4.0031913289393435, 3.3614482144833535, 1.5743365749536538, 4.302626603682432, 2.056334219355306, 2.33089553974085, 3.3996797130789433, 2.138059595112133, 4.564255769722677]
FC:[[3.823691164694708, 3.9125956041656047, 3.9790120986581905, 4.026487399776709, 4.094622643267037, 4.158575489071078], [3.8780301576305862, 3.9418144634752106, 4.0269361057172794, 4.096503748282481, 4.157781951602848, 4.237724932830031], [4.011003138913687, 4.083138561588239, 4.166904936782061, 4.246055298753242, 4.311183141429437, 4.375614543107397]]
FCE:[[0.040076905448181335, 0.022822132385663562, 0.014570636560067041, 0.011336704418023754, 0.009472637196728669, 0.008409228084413715], [0.03125695011453488, 0.01749387131479949, 0.011232569484544402, 0.008706052129351674, 0.007364095752788091, 0.006477362828773269], [0.02698582025733978, 0.014792696700968427, 0.009320922969366935, 0.007246159709589299, 0.006146039412819816, 0.005469447656207026]]
