Ri:[50, 100, 150, 200]
Zi:[100, 200, 300, 400, 510]
FC:[[3.9530219471355155, 3.939761064951423, 3.9665191070048857, 3.9912881654007157, 4.016278510075404], [3.95895122425554, 3.9660599254673783, 3.987041185296387, 4.013156325916006, 4.037127248235701], [4.033050750953351, 4.055171395754565, 4.080789358574809, 4.108779849849267, 4.135192422387641], [4.381036759584026, 4.417116473409859, 4.453852379328099, 4.482012791445566, 4.504499690695709]]
FCE:[[0.022461076345175694, 0.015194369078901423, 0.012392123494390868, 0.010755094165358808, 0.009533773163882472], [0.011340885623688984, 0.0077072303627590145, 0.006248888470103452, 0.005404361281171426, 0.004783364339655533], [0.00782789285150799, 0.005339395423395341, 0.004314757064454552, 0.0037255956197267573, 0.003299102002419899], [0.0066418128663683065, 0.004528711437199674, 0.003664806617342498, 0.003161894340581473, 0.0028000568300959403]]
fps.ts:[1621071013.4305, 1621074473.2894998, 1621077933.1485, 1621081393.0075002, 1621084852.8665, 1621088312.7255, 1621091772.5844998, 1621095232.4435, 1621098692.3025002, 1621102152.1615, 1621105612.0205002, 1621109071.8795, 1621112531.7385, 1621115991.5975003, 1621119451.4565, 1621122911.3155003, 1621126371.1745, 1621129831.0335002, 1621133290.8925004, 1621136750.7515001, 1621140210.6105003, 1621143670.4695, 1621147130.3285003, 1621150590.1875005, 1621154050.0465002]
fps.e0:[10785.370114379388, 10772.313240703763, 10791.48196969908, 10769.92378850378, 10783.417728870594, 10789.900614121778, 10800.525346885825, 10773.927256349427, 10747.234779678245, 10787.07500712157, 10784.356166832998, 10802.586253480153, 10774.134086133221, 10768.073052192809, 10789.516485755612, 10781.412158983641, 10776.646552598235, 10802.126818400271, 10776.616118109803, 10801.583229018379, 10776.094510915978, 10812.751803347555, 10785.652824029647, 10789.637620077518, 10789.164925598958]
fps.e0u:[10.946703762042842, 10.947981789290168, 10.89786524572389, 10.979177249858283, 10.974823320270925, 10.915412824614652, 10.864564913718613, 10.99844824342453, 11.026530292115881, 11.028958977631113, 10.930401313279598, 10.872852578441368, 10.955054672312347, 11.000189379535067, 10.976624248435698, 10.955426083448627, 10.99912506221156, 10.910843522739423, 10.972257553112886, 10.990696503521775, 10.877725516469892, 10.98444008844638, 10.913740138379227, 10.926050609119644, 11.25855380131778]
fps.lt:[18612.588447785183, 19473.28898637715, 18680.09508063225, 19945.409865426172, 18900.300225714614, 18265.962282152446, 17453.385387888167, 19840.189971924574, 22080.88806559238, 19266.170462170066, 18500.31865795861, 17672.995188149212, 20040.397836144224, 20358.15750445025, 19202.475528049512, 20328.920202585337, 20361.967677135533, 17963.126512444644, 19966.80937438389, 17119.70604128476, 20372.71912030716, 16968.38353740755, 19681.17110004316, 18527.03717634262, 18675.227570567993]
fps.ltu:[1060.8306695060246, 1160.8308393852487, 1060.767180573267, 1223.1146661259643, 1091.4129458190644, 1018.2539179994391, 929.7315174332844, 1205.9230067601684, 1497.9443083853146, 1137.5712880388944, 1044.9581078489446, 949.3228740760806, 1232.2303688577147, 1272.2752751052012, 1124.40777895343, 1263.1817535066818, 1267.5436660362418, 983.0684989832546, 1218.1576239679482, 897.1918353518228, 1261.374988546093, 883.4172965139608, 1177.7411602876696, 1048.5470790703173, 1094.6955868983434]
fps.c2:[2.8810489553733807, 4.0992068749489325, 2.2936277534607643, 2.085521122943177, 2.14813691787663, 1.7460659873338735, 2.0076019252601474, 1.803213549855027, 1.8851024184630536, 1.2168268553122972, 1.9577606441580857, 2.3089601047885138, 3.7104262064114013, 2.390057456421395, 2.84052852540246, 2.4974945088774354, 0.8839717256969072, 1.9700829049437247, 1.9084072981204694, 1.81780104460931, 2.507541358102903, 1.7957243822978808, 2.522203061903916, 1.3880037669618457, 1.431764733810795]
