Ri:[100, 130, 160]
Zi:[50, 100, 200, 300, 400, 500]
fps.ts:[1193.5272199964522, 3580.581659989357, 5967.636099982261, 8354.690539975167, 10741.744979968069, 13128.799419960975, 15515.853859953879, 17902.908299946783, 20289.96273993969, 22677.01717993259, 25064.071619925497, 27451.126059918402, 29838.18049991131, 32225.234939904207, 34612.28937989711, 36999.34381989002, 39386.398259882924, 41773.45269987583, 44160.50713986873, 46547.561579861635, 48934.61601985454, 51321.670459847446, 53708.72489984035, 56095.77933983326, 58482.833779826164]
fps.e0:[10157.261265507335, 10282.544407753989, 10339.27846165408, 10393.780187071696, 10436.677817854583, 10465.441796120003, 10513.41404435126, 10537.053709485477, 10527.376407336245, 10567.20395017471, 10587.281086043804, 10628.231861381322, 10627.278668599387, 10638.069425337033, 10646.327203931482, 10654.601760499458, 10696.840968635872, 10669.041230183093, 10738.84806899102, 10734.399459612148, 10737.350181813857, 10738.446383930795, 10769.112035404414, 10757.412677288692, 10763.994407059648]
fps.e0u:[14.98011464886187, 15.741216031737473, 15.213460644101158, 15.374371936806622, 15.33413205101059, 15.655860788347692, 15.670106575433874, 15.470673600871486, 15.652601208797847, 15.442195412970644, 15.500874796733159, 15.514445984849345, 15.483035595165585, 15.439233066598227, 15.215057554108652, 15.507253287175333, 15.39831800752763, 15.754927163433143, 15.66662147858862, 15.35467964928645, 15.630325332594126, 15.412388761498544, 15.585231008590759, 15.431156954193876, 15.692189950302344]
fps.lt:[3460.529114487153, 3351.918463484948, 3414.1385920487196, 3305.630544810049, 3362.1694587148304, 3399.345804736163, 3349.415411033048, 3330.1300103507397, 3497.254252479425, 3431.6599647261987, 3402.202413582037, 3354.4598762807623, 3411.0591975865073, 3462.2457701320127, 3462.9847011807365, 3502.952211540686, 3355.8747632548198, 3482.5579650419068, 3258.033649231289, 3381.103169867234, 3333.5984233406607, 3383.5154301580674, 3327.2491548946555, 3404.8410004459856, 3359.0158796262326]
fps.ltu:[55.43408287347931, 53.82962910510014, 53.68848691744575, 51.063712152386444, 52.24139282210169, 53.85711265011232, 52.555324232288555, 51.1221151722797, 56.75973836537131, 53.99938092243571, 52.99248774347889, 51.72816776343198, 53.05620987004882, 54.49563729006643, 53.72921529459877, 56.14341338749555, 50.82756544123575, 55.99791366824278, 48.76279424849951, 51.45959254946492, 50.82713680903642, 51.91242793174042, 50.147179820420774, 51.99287135104322, 51.69677848144025]
fps.c2:[0.8825351482696768, 1.2410180818159025, 1.1332820314573173, 2.146211251315715, 2.0196437264353397, 1.2902408276599797, 0.8401893772183212, 2.357173212500803, 1.4169955157048368, 1.3161685852866964, 1.3737930323743544, 1.6440740842771737, 1.191138479670723, 1.30842393980288, 1.2496309334039564, 0.7957459752971064, 1.554749240774187, 2.529960832380955, 1.2679002024631052, 0.9320215755811634, 1.896903338917498, 1.2997205856108567, 1.0717680765442639, 1.560043299006718, 0.9248932356152905]
FC:[[5.390788460935668, 5.308357017188102, 5.412464684928571, 5.486743248714315, 5.536101230085678, 5.594038162122691], [5.2977897740593995, 5.332309583987151, 5.4146321500489645, 5.493310559823944, 5.545298181303534, 5.596467127544073], [5.419648680914585, 5.468036399602273, 5.539315477335609, 5.599335568921649, 5.658146283869321, 5.703845507689081]]
FCE:[[0.06411761913588183, 0.02972809708572153, 0.018108234112706977, 0.014590714238661524, 0.012743921398312767, 0.011480187788193581], [0.049375556036099, 0.023018801330919263, 0.013894410931231397, 0.011179261013675654, 0.009741725453038027, 0.008772467475616781], [0.04072298305049402, 0.01912789050523671, 0.01145719243757905, 0.009252413928206693, 0.008075187303453168, 0.007277576672093355]]
