Ri:[100, 130, 160]
Zi:[50, 100, 200, 300, 400, 500]
fps.ts:[1741.7314599990846, 5225.194379997254, 8708.657299995422, 12192.120219993592, 15675.58313999176, 19159.04605998993, 22642.508979988103, 26125.971899986267, 29609.43481998444, 33092.8977399826, 36576.360659980775, 40059.82357997895, 43543.28649997711, 47026.749419975284, 50510.212339973456, 53993.67525997162, 57477.13817996979, 60960.60109996796, 64444.06401996613, 67927.5269399643, 71410.98985996246, 74894.45277996064, 78377.9156999588, 81861.37861995699, 85344.84153995514]
fps.e0:[10790.45432870145, 10795.068949732831, 10798.779754334177, 10814.592251439779, 10814.304295558946, 10804.45896531213, 10816.135786002134, 10789.326097721547, 10791.847622160787, 10827.474266935922, 10803.389158593702, 10841.632984372229, 10825.237369893735, 10791.353715706033, 10843.367084660682, 10816.880255008362, 10840.405879203936, 10846.278880780297, 10817.89086772134, 10778.457550448837, 10822.193005773273, 10783.499956931277, 10795.218878375443, 10835.301288717805, 10778.7029640715]
fps.e0u:[9.757822929031464, 9.58694578420828, 10.1457140656066, 10.17287395120059, 10.094899269806012, 10.230288084808404, 10.144733912184416, 9.915678934544196, 10.87489004419295, 10.738883279381959, 10.106611088820097, 10.005723235327343, 9.667513430779326, 9.823636305301093, 9.84007844238818, 9.915599701087029, 9.843958563738035, 9.901966678170211, 9.831759517801775, 10.135027770561061, 9.992057256189469, 10.135915192218308, 10.424005986461244, 10.424533052279767, 10.829631437280197]
fps.lt:[6353.724009569898, 6379.309777408465, 6397.934364104412, 6192.7533880989, 6169.595159579064, 6328.62574131131, 6242.398510057417, 6541.126500329589, 6612.118166067254, 5946.662793389139, 6393.200616660011, 6156.052927921979, 6152.342865349198, 6537.584856460515, 6159.284113519273, 6423.336032644981, 6088.797579492159, 5988.738280141752, 6354.086596488491, 6780.75348103242, 6223.88756560035, 6649.3160504744865, 6533.968485462188, 6076.674403563374, 6900.433165754614]
fps.ltu:[110.00021865505141, 108.73453911565534, 115.3104829191872, 107.84682524828928, 106.450632386263, 113.58041432957928, 109.52348864783049, 118.56892360865916, 132.72729370322116, 105.74520518242952, 115.27595040007962, 105.26297425080561, 102.26122693902174, 116.32906178672803, 103.27820617819535, 113.70242542148152, 102.13832811953368, 98.4626049984474, 109.84512316954536, 128.58321856859772, 107.41051352039305, 123.74522818714959, 123.89904112393343, 106.17073651169407, 142.01621800730516]
fps.c2:[8.2371527583424, 8.825404704112312, 5.301966027673919, 6.563372207933352, 9.06788007731145, 6.728746559004389, 6.358528390130839, 8.139481578511491, 7.134553214781268, 6.68889351320758, 4.61378769998756, 7.129307383889043, 5.881323458094425, 5.838538007284919, 5.218592480922666, 4.058465936978283, 8.373062835150485, 5.891282105158713, 12.6050021840094, 8.226897163500716, 8.700661759679749, 6.497862480647256, 6.560019678146895, 11.94446279586622, 7.985672532705245]
FC:[[3.8361031995450614, 3.9056922446629736, 3.9866131173966535, 4.065364219379079, 4.125481465288175, 4.183893418411168], [3.8810362249677026, 3.939874830714738, 4.030500943353944, 4.105792749702475, 4.163799026891422, 4.2290818161898045], [4.011832553470607, 4.084343499035512, 4.172556566403112, 4.2405005245253475, 4.311427146408058, 4.385279555122227]]
FCE:[[0.027690658255148506, 0.014841491364699012, 0.009478211855700872, 0.007411750943514284, 0.0063066967060373446, 0.0055831598095559], [0.02192465504915687, 0.011464659267812158, 0.0071671356675392425, 0.005696149942123843, 0.004858678866702541, 0.004326305396020124], [0.018848626534572477, 0.00979240017934015, 0.0060632803178731825, 0.004807300377564844, 0.004070467687331385, 0.003587851968335012]]
