Ri:[100, 130, 160]
Zi:[50, 100, 200, 300, 400, 500]
fps.ts:[1719.8798199987411, 5159.639459996223, 8599.399099993705, 12039.158739991188, 15478.91837998867, 18918.678019986153, 22358.437659983632, 25798.19729998112, 29237.956939978598, 32677.71657997608, 36117.47621997356, 39557.23585997104, 42996.99549996853, 46436.755139966015, 49876.514779963494, 53316.27441996097, 56756.03405995846, 60195.79369995594, 63635.55333995342, 67075.3129799509, 70515.07261994839, 73954.83225994586, 77394.59189994336, 80834.35153994084, 84274.1111799383]
fps.e0:[10863.62824957638, 10855.048095049122, 10856.88303363331, 10874.33185179261, 10852.41741436641, 10835.790226399293, 10841.290556472015, 10863.855266509421, 10875.020376923312, 10910.591404911262, 10864.600229247104, 10903.667972522384, 10905.952688085772, 10868.475357288242, 10855.38990767292, 10852.098046236077, 10901.433161617899, 10856.672406177322, 10863.191437159745, 10874.94096291225, 10889.405926017895, 10856.532606262435, 10874.124446416687, 10879.16905635604, 10903.458996530522]
fps.e0u:[16.369593672893885, 16.374330411702672, 16.310018548655243, 16.347115050689496, 16.2943315803902, 16.47803468750003, 16.160221497373673, 16.212840624264558, 16.0957344052019, 16.315175156482557, 16.634224807062555, 16.508377141031527, 16.33980741755714, 16.44983317584575, 16.184901492866256, 16.358553327470553, 16.34910767671153, 16.583116244460008, 16.413957714983816, 16.436931408664783, 16.536825983053518, 16.436112993766837, 16.088349332479677, 16.487880656953507, 16.267839354262907]
fps.lt:[12454.158267233654, 13473.244580171857, 12751.63921691529, 12048.789980042604, 12838.58426549782, 13758.95836873515, 13798.909983408323, 12035.014587160042, 12407.27851563038, 10616.575672795387, 12754.223188728543, 10970.866424525351, 11076.719500519519, 11896.807043629162, 12830.56008095803, 13608.722886903108, 11339.111446576568, 12630.754594570402, 12363.393070017286, 12369.865673513068, 12082.176786716564, 12657.960936675618, 11580.998376748783, 11670.974910370247, 10993.695632771172]
fps.ltu:[704.3681074314084, 823.2500234300123, 735.8053912650811, 657.9285196503362, 741.7619662000114, 860.4085366189281, 854.5838458580516, 654.8410919000842, 682.3056388479627, 508.9206757378024, 745.3783490952305, 548.2165553457454, 556.4849139910082, 646.425770008696, 739.063240758335, 837.6826958108813, 581.8706244897713, 728.0478660934705, 698.4545465729453, 689.3878342426586, 663.338855197879, 726.8365325049172, 600.2956571641686, 623.2668681010119, 545.6110700320985]
fps.c2:[0.916664378084999, 1.3427266345301356, 1.043310595453955, 0.821245950875312, 2.8786501142285306, 0.6839952847845259, 1.2243208207804803, 1.000698495103793, 1.170539104087628, 1.3847038737195656, 1.086995110188062, 1.051062389520997, 1.3206103077438107, 1.7957046693952636, 2.174413427517248, 1.1379094236022487, 1.0018394285989716, 1.9659517727779723, 0.7641648680757807, 1.2208942656150048, 1.6390072315150024, 2.3340185789070755, 2.208914951491642, 0.7664686850713998, 0.658400273926262]
FC:[[3.9086496813648304, 3.8600755936345204, 3.8902643761857783, 3.9111192643690003, 3.9337252994433807, 3.964443587794244], [3.9299069894410854, 3.898383567833202, 3.934850675527012, 3.955140301992908, 3.979915079249406, 4.012439240202855], [4.02965735587721, 4.028009824273891, 4.062567561439469, 4.0799929902672085, 4.1092350735206224, 4.142114433515548]]
FCE:[[0.037365891869887244, 0.02337901492502747, 0.014718778382104425, 0.01159158811233463, 0.009808116671533822, 0.008665906128280275], [0.02836383904894425, 0.01717196694289147, 0.01135528777362483, 0.008940215107521543, 0.007591021127282387, 0.006739477384095088], [0.023898327120099105, 0.014601130672261497, 0.009600886956708046, 0.00758054826280858, 0.006470188305406581, 0.005748624252170081]]
