Ri:[100, 130, 160]
Zi:[50, 100, 200, 300, 400, 500]
fps.ts:[1846.2800999975204, 5538.840299992561, 9231.400499987602, 12923.960699982643, 16616.520899977684, 20309.081099972725, 24001.641299967763, 27694.201499962808, 31386.761699957846, 35079.32189995289, 38771.88209994793, 42464.442299942966, 46157.00249993801, 49849.562699933056, 53542.122899928094, 57234.68309992313, 60927.24329991818, 64619.803499913214, 68312.36369990825, 72004.9238999033, 75697.48409989834, 79390.04429989337, 83082.60449988843, 86775.16469988346, 90467.72489987849]
fps.e0:[10703.254505625931, 10703.734023715751, 10685.566374081161, 10663.110647264362, 10740.88307626451, 10698.60448555234, 10208.168100808874, 10186.479435477044, 10194.551791372167, 10184.516145823078, 10183.35571457917, 10165.87298151077, 10174.037778945407, 10173.952158174561, 10199.526590515814, 10174.094245504106, 10188.319494638492, 10191.924875234175, 10164.189351031628, 10179.285415696088, 10157.6457656749, 10189.46998382386, 10194.273063679391, 10189.96139255098, 10190.31188954197]
fps.e0u:[19.55655384246171, 20.063341077592117, 20.755869269878463, 20.07651833046064, 20.050082036424946, 19.91344815577308, 15.885004842726877, 15.521695295372133, 16.012996133269244, 16.96587404072276, 16.387669451227108, 16.67557886062343, 16.064307203182697, 17.756992640746052, 17.26426965991227, 18.12158787260479, 18.193347363855395, 18.423894565493633, 17.947827117999527, 16.709318994655217, 16.55932822962838, 14.999903186375072, 14.896593162361366, 14.73034299307738, 14.93361555793944]
fps.lt:[9631.765536248628, 9467.797903048, 9810.60576380761, 10755.096475583354, 8847.842627885339, 9664.851546959317, 7476.279598812446, 6761.981914162405, 6896.4022014240245, 6878.189939150674, 7151.049117426113, 7101.989352063185, 7015.094896171767, 7200.003680650187, 6880.470943467212, 7045.831210196742, 6986.007125810692, 6855.161184971293, 7310.593356168092, 7021.848356448629, 7287.086163156815, 6789.745883165173, 6712.710727638251, 6856.370068902572, 6891.674583136726]
fps.ltu:[469.3970597804044, 464.55976479468734, 516.5299682736235, 600.2362898765817, 409.3138661792548, 484.5177684182706, 258.34360867498987, 206.2632599572343, 220.05248351936015, 232.25029550244236, 242.4873501930905, 244.5499109504131, 229.98995621074954, 268.1483734540758, 236.5978584501146, 262.6974165905947, 257.5239788884209, 254.75477157342047, 278.3576021496063, 238.6052590662039, 256.3379295543351, 200.51619263017605, 196.55810560289805, 201.95144142849054, 206.99968631201148]
fps.c2:[1.3201242173828371, 1.3827065631164754, 1.0159335716468718, 1.3022619630502588, 1.0081579674969936, 1.545317255371855, 1.512279266811181, 1.7949031653742216, 2.6241695238581704, 2.3718010323531113, 2.9614353718055457, 1.2873795065893, 1.5303736167956723, 1.4022173936724216, 0.5922525406129876, 2.134426081088299, 1.9102746922100071, 1.2259140579447065, 1.49371650602232, 1.800280002547977, 2.5337007659922275, 2.6055364550364475, 2.0855911169539763, 1.7172756205841346, 1.408195764154193]
FC:[[4.475963031336554, 4.424397439827387, 4.473880332239036, 4.474609022074169, 4.546914667188509, 4.664192369180338], [4.576677228922118, 4.5384562045987655, 4.539970254531884, 4.541620660353879, 4.6199660041071215, 4.73129847324465], [4.857959062963843, 4.741794320293803, 4.738507586316341, 4.748691437881356, 4.823181405289182, 4.929047313323535]]
FCE:[[0.0639764801355768, 0.03447375703724387, 0.021582648599915825, 0.016335052418691084, 0.01367697774814624, 0.012134000933096868], [0.05066376477968758, 0.026876699321616432, 0.01657671946063434, 0.012633398410106647, 0.010629611688063383, 0.009434125203676548], [0.04457402265616605, 0.022849524725984775, 0.013926718050681143, 0.01064375353139124, 0.008984106130477934, 0.007979014020262139]]
