Ri:[100, 130, 160]
Zi:[50, 100, 200, 300, 400, 500]
fps.ts:[1361.8167600011825, 4085.4502800035475, 6809.083800005912, 9532.717320008278, 12256.350840010642, 14979.984360013008, 17703.617880015372, 20427.25140001774, 23150.8849200201, 25874.518440022468, 28598.151960024832, 31321.785480027196, 34045.419000029564, 36769.052520031924, 39492.68604003429, 42216.31956003666, 44939.95308003902, 47663.58660004139, 50387.220120043756, 53110.853640046116, 55834.48716004848, 58558.12068005085, 61281.75420005321, 64005.38772005557, 66729.02124005795]
fps.e0:[10887.101209010723, 10870.980287551041, 10890.135074350022, 10867.644008200055, 10892.40189795206, 10886.25372923686, 10885.816124970532, 10870.870788839164, 10875.654147326548, 10862.711306073968, 10894.690524197724, 10898.137675370466, 10884.680533076522, 10888.329774437754, 10878.786723693533, 10876.179979740706, 10904.45821420546, 10854.115825501223, 10868.136656552331, 10898.81741468668, 10911.261874385977, 10883.046500159211, 10877.33416250367, 10873.78325663847, 10884.742393627084]
fps.e0u:[14.784068574235857, 14.84341900007556, 14.536737175164264, 14.567441353039186, 14.76219239170381, 14.791171293247872, 14.746133565217198, 14.764303907690007, 14.501321565801002, 14.7063075955789, 14.515365510596506, 14.510259120498553, 14.921205538988653, 14.836855584397984, 14.659357579492045, 14.734037372811569, 14.590008535389481, 14.88297586477735, 14.771013986988924, 14.710093760886808, 14.666607912114499, 14.817518506994139, 14.85241802254002, 14.721113642260596, 14.927974375447537]
fps.lt:[10721.92735104937, 11398.633969245111, 10899.380887343164, 11706.50879594969, 10456.557516248775, 11292.423816781005, 11323.08332064191, 11267.612854439685, 12039.863223714465, 11655.777277269799, 10774.501887358983, 10910.94916647271, 11038.267153726032, 11231.614719898733, 11465.7981471, 11492.332700943758, 10779.258640447544, 11913.56840609093, 11706.061477618978, 10951.800692389665, 10324.721615811519, 11281.74213727717, 11422.899207485687, 11773.926077557897, 11214.710264545549]
fps.ltu:[469.87826712270186, 530.8117251778166, 480.01087275619665, 550.4503245436898, 443.06355495426084, 515.5637578618589, 519.3105915105003, 518.3392882264334, 583.2340205135837, 553.5200410125957, 465.98461387847755, 481.50068206147307, 498.3371826246923, 517.4080030777634, 530.0607532195669, 538.0878275150396, 469.2480255651832, 582.5434463479324, 559.5613538290216, 485.40959672118237, 429.5664563334182, 518.3980462099447, 530.7380118983107, 565.4946140961149, 518.4145820910461]
fps.c2:[1.3568018582909327, 1.5181503881677398, 1.2210316935298038, 1.1855899688737237, 1.4213650545911243, 2.873984042999115, 0.749107298882212, 1.055965636861506, 1.2648471877752878, 1.8602863270740337, 1.312427849303373, 0.7447236577828688, 1.8570564172157769, 1.0985965201125245, 0.5001128371964269, 1.9303611805565999, 1.3209709628320883, 1.1347812894841616, 1.136936207575365, 0.6420089053530487, 2.0672208020436194, 1.1260652562456956, 1.7488332968099884, 1.8722473481195137, 1.8256163869478201]
FC:[[3.8136930584600104, 3.858745165266255, 3.867549266459061, 3.8856316848079415, 3.9170325739051526, 3.936631263568519], [3.848893447513065, 3.872858530259807, 3.9082996062196362, 3.9370074418592726, 3.966551047966976, 3.993210458110067], [3.962912379309533, 4.003381358413698, 4.037388916290879, 4.069795398069178, 4.1007664048990415, 4.126271726505785]]
FCE:[[0.032684392265829525, 0.02054476612481079, 0.01346470853885787, 0.01058573183520143, 0.008974050647287195, 0.007673035113954063], [0.025375020304572216, 0.01573156887987738, 0.010092958750306141, 0.007980079695720685, 0.006783085160414656, 0.0059752178082524065], [0.021320288038407468, 0.013070236200069833, 0.008558040238120729, 0.006775904524001783, 0.0057840140983157345, 0.005110376347710195]]
