Ri:[50, 100, 150, 200]
Zi:[100, 200, 300, 400, 510]
FC:[[3.9706550411059123, 4.011783582746023, 4.020001808927515, 4.036754674295086, 4.054032614452091], [4.0009278718925145, 4.035030329192562, 4.053055713129616, 4.066528902609306, 4.0867398146745115], [4.142110197169413, 4.177260738741041, 4.198971337641102, 4.2191580150056245, 4.245392125110321], [4.815463923599425, 4.867891133713109, 4.8941252474966355, 4.895104613190585, 4.91475151403097]]
FCE:[[0.03534087395473931, 0.024825822609461, 0.020176477304873913, 0.017422692428373823, 0.015311138644147727], [0.018159352245645702, 0.012501334150259785, 0.010112217494954891, 0.008712231147579099, 0.007685906064777093], [0.012911080685317981, 0.00880626400105616, 0.0071150922382862, 0.006128621816670901, 0.005420508657579687], [0.011901442019106461, 0.008023591137501672, 0.006478799564533503, 0.005606932371039546, 0.004958896224757076]]
fps.ts:[1616161219.7041, 1616165289.7943, 1616169359.8845, 1616173429.9747, 1616177500.0649, 1616181570.1550999, 1616185640.2453, 1616189710.3355, 1616193780.4257002, 1616197850.5159001, 1616201920.6061, 1616205990.6963, 1616210060.7865, 1616214130.8767002, 1616218200.9669, 1616222271.0571, 1616226341.1473002, 1616230411.2375002, 1616234481.3277001, 1616238551.4179, 1616242621.5081003, 1616246691.5983002, 1616250761.6885002, 1616254831.7787004, 1616258901.8689003]
fps.e0:[10676.401077939247, 10698.53505410872, 10673.541585757204, 10716.205930379787, 10666.447378922874, 10686.334709265657, 10689.759245204197, 10663.731607502574, 10712.10824455042, 10694.56009143221, 10680.952140138954, 10667.656997627597, 10692.190540925812, 10669.863163792628, 10696.771806961186, 10705.093529390957, 10693.351734545906, 10668.489173934982, 10667.564837063308, 10671.550200815762, 10674.037315337688, 10706.68417510673, 10699.865664819403, 10659.2740304574, 10686.533673994329]
fps.e0u:[17.19640348838343, 17.173196123249046, 17.20680938738023, 17.03595688513951, 17.021635249131915, 16.990863428795286, 17.01922310309731, 17.041907890905808, 17.24931856004497, 17.102825820089343, 17.292358430974225, 17.076642907942716, 17.126644093080124, 17.269748401768943, 17.286502305965367, 17.077743433939144, 17.079387123356486, 17.258654248646987, 17.273679047036094, 17.14523313290599, 17.06500400734021, 17.03153918829379, 17.19717451068273, 17.224871670289662, 17.678561602749724]
fps.lt:[20530.33610835469, 17380.24326243482, 18689.212403293666, 15635.92582358687, 19420.665265557534, 17371.874707708786, 17017.526740089914, 19197.45201393508, 16775.049954627004, 18476.995705321115, 19156.648605161692, 20927.53029860849, 17445.43652810117, 20590.466441848046, 16088.781286779731, 16734.63917421348, 18707.43190696985, 19002.749728898383, 21033.4865106016, 19691.86054657707, 21605.862276781172, 16140.9059906383, 18019.1693490938, 21895.495381656558, 18387.06344185909]
fps.ltu:[2052.205176168987, 1467.8356765535643, 1695.1036487880542, 1167.648296948278, 1810.4966443531382, 1447.729487453394, 1384.3120270533414, 1774.0713971103548, 1363.1110808476337, 1648.3246277860862, 1795.0048102582184, 2099.023441863451, 1475.9256091233271, 2049.462516223244, 1264.8228411179145, 1343.264419891433, 1684.4742650759817, 1760.3477837896041, 2150.6208871256363, 1862.1807074551334, 2244.9274042841084, 1259.3458205973632, 1571.3193017026188, 2324.8438358703443, 1674.7590973250158]
fps.c2:[1.353503612657628, 0.9777912123355676, 1.0195434041227869, 1.722631235742818, 0.8786286757226945, 1.1277657622923092, 1.3743959927034515, 1.0082287475218037, 1.9069349517260081, 1.0471444502594498, 1.1425679502087978, 1.1647520900405401, 1.0074572726658528, 1.2331543494843655, 1.6475099661691806, 0.957563554629208, 1.767669049864923, 0.8760419485809577, 1.543813357856942, 2.081262375110878, 3.4148267786502817, 0.7132388650252571, 0.9797340603004939, 1.4845809763927111, 1.6789800510579684]
