Ri:[100, 130, 160]
Zi:[50, 100, 200, 300, 400, 500]
fps.ts:[534.8499399995803, 1604.549819998741, 2674.2496999979016, 3743.9495799970623, 4813.6494599962225, 5883.349339995384, 6953.049219994544, 8022.749099993705, 9092.448979992865, 10162.148859992027, 11231.848739991186, 12301.548619990348, 13371.248499989508, 14440.94837998867, 15510.648259987829, 16580.348139986992, 17650.04801998615, 18719.747899985312, 19789.44777998447, 20859.14765998363, 21928.847539982795, 22998.547419981955, 24068.247299981114, 25137.947179980278, 26207.647059979437]
fps.e0:[10815.293058358215, 10822.706349435146, 10837.622260844444, 10845.540984780855, 10879.12766590197, 10823.404476267271, 10813.12718895077, 10877.959519775199, 10823.349419295058, 10827.107200638038, 10860.590375887, 10868.029920962475, 10877.133612294958, 10815.36807736198, 10905.182278612652, 10831.117328448347, 10815.54675741112, 10874.603941984566, 10823.028355454937, 10808.93889392487, 10823.66553626787, 10807.518066688652, 10834.96924971751, 10812.033816496212, 10808.295824519746]
fps.e0u:[25.100104399810654, 25.20279802192667, 25.10696052964733, 25.315960721789995, 25.315071845940142, 25.00674779453471, 25.01703602677028, 24.49723008212594, 24.692505045011902, 24.33204307532605, 23.570212934131522, 24.38363607316565, 24.47173130264005, 24.75529784444628, 24.19577457357377, 24.45462169014323, 24.371771758810908, 24.66805444051755, 25.227601264290485, 25.24077867854776, 25.723039075777873, 26.40260023903837, 26.931783447121116, 27.25208237525524, 27.545855410682282]
fps.lt:[5350.376996167867, 5691.492302591236, 5633.460779871653, 5728.013793735001, 5380.1589280680455, 5713.079879925848, 6033.238282360226, 5500.207717105997, 5964.363109399675, 5754.050093675724, 5576.887375889226, 5374.732129567692, 5362.893322614247, 5843.097867462131, 5094.945567071545, 5640.119806516522, 5797.375402878746, 5290.096515754042, 5602.833257932902, 5827.255292826032, 5871.676375493262, 5828.379569497073, 5570.960344380442, 5510.14545275734, 5704.644932263577]
fps.ltu:[196.26178444786188, 220.53838483773856, 217.30787838078732, 226.90014037655453, 200.49504508879716, 223.82122327621744, 246.87188283145449, 202.04709737967, 238.5834314098867, 220.64431291254812, 201.18227511680712, 193.6616047535642, 192.21069779721492, 230.8057236169387, 172.89459512079588, 214.42182341124717, 225.06281603966028, 188.18352237664564, 217.25948078622247, 237.19241565461738, 241.8402335905966, 247.2215089421313, 228.2277526756906, 226.38345333905625, 248.03398083377863]
fps.c2:[1.3302706439943939, 1.9109859705267913, 2.3158361552070676, 1.2751528843667272, 0.37449800195701577, 1.6506570084767787, 0.5163906738571868, 0.957331051327237, 1.0749076882227497, 0.3568451891377275, 1.747328644371147, 0.9374333613450507, 0.522465453009201, 1.0623230322960409, 0.7738784431482888, 0.5481626294070187, 0.792314268692359, 0.6470013503688447, 1.187318488167276, 0.999461448570284, 0.6441197887643312, 1.3943456600129482, 1.3886687608401802, 2.155966857830481, 1.1941314528058202]
FC:[[3.998493948871045, 4.040672100597748, 4.059592959904569, 4.109966314215635, 4.159056614531007, 4.220139522949569], [4.018360581262108, 4.072398994188384, 4.084763649673719, 4.164106015242333, 4.217575837674325, 4.282632913884119], [4.164065915550757, 4.213566959196635, 4.238418343512141, 4.303449172618726, 4.361276777313664, 4.431895057651146]]
FCE:[[0.07915312197263825, 0.03872212615941089, 0.023416835263316244, 0.018142489709752033, 0.015181139304335284, 0.013399897543331256], [0.05924839302631919, 0.030541049204725938, 0.017980545395103527, 0.013947831202666634, 0.011716421059580357, 0.010377914208703728], [0.05041682989047867, 0.025501734144875058, 0.015165936674798387, 0.011755307452521195, 0.009925627176326678, 0.00881501722069082]]
