Ri:[50, 100, 150, 200]
Zi:[100, 200, 300, 400, 510]
FC:[[4.117998442918845, 4.0949343618906076, 4.1075324522953505, 4.112915539830956, 4.13245223407411], [4.082876426213518, 4.113313866975093, 4.131904664485648, 4.145704018745359, 4.174569149911061], [4.21453349261574, 4.2579818806825545, 4.2781910366034595, 4.300175263077926, 4.329669277294017], [4.898130131452617, 4.954272729062094, 5.002947079656137, 5.027828230696315, 5.044096925532522]]
FCE:[[0.04079914377984196, 0.027948697735851, 0.02240734994230698, 0.01932725984122634, 0.017027822768147297], [0.020177440448669304, 0.013975231897790517, 0.011292230663914642, 0.009731722003308843, 0.008598199316381042], [0.014271342605368801, 0.0096755034883987, 0.0077809915673171725, 0.0067048285896790525, 0.005922824533818482], [0.013279228113527565, 0.009113430239577952, 0.007338011852788075, 0.0063351478156938165, 0.005585972401528181]]
fps.ts:[1602775782.3961, 1602779289.0443, 1602782795.6925, 1602786302.3407001, 1602789808.9889002, 1602793315.6371, 1602796822.2853, 1602800328.9335, 1602803835.5817, 1602807342.2299001, 1602810848.8781002, 1602814355.5263002, 1602817862.1745, 1602821368.8227, 1602824875.4709, 1602828382.1191, 1602831888.7673001, 1602835395.4155002, 1602838902.0637002, 1602842408.7119002, 1602845915.3601003, 1602849422.0083, 1602852928.6565, 1602856435.3047001, 1602859941.9529002]
fps.e0:[10011.824829570396, 10004.373288891913, 10004.282838731078, 9950.436188289987, 9993.765420937354, 9954.228985367869, 10020.369452863242, 9983.564193745344, 9975.035211676002, 9982.58410328721, 9989.341205115476, 9987.6418071178, 9971.5202744137, 9989.875539239516, 9986.915147427308, 10018.616743044053, 9974.420369192283, 9959.496219557574, 9971.914022200996, 9999.31943069819, 9991.49372325201, 9993.881909001979, 10016.681265688589, 9985.849931296103, 9963.498535222872]
fps.e0u:[17.91042679203134, 17.72906112155166, 18.13364230690002, 17.92972495733621, 18.051868214130927, 18.297799780862285, 17.934796146994344, 17.8553167512858, 18.00040503397802, 17.873406567903316, 17.871181937612715, 17.94085693472339, 18.054762226312743, 17.765285248942206, 18.099255632974703, 17.6255053933133, 17.87250922072361, 18.043319863273226, 17.779113546821744, 17.83958732219501, 17.866621732944388, 17.863241579690687, 17.83530273720247, 17.82137396277537, 18.06855886080059]
fps.lt:[12774.224131168534, 13500.232007014738, 12584.464887420867, 16726.90873251044, 12792.329376305834, 14819.961742891379, 12449.178260741222, 13332.006582856175, 13888.71895441308, 13877.110380675515, 13442.210515731973, 13632.655467714923, 16019.94546621998, 13777.392494820791, 12763.147637996068, 11850.298537206305, 14176.564358144487, 13608.383526751359, 14153.85330626451, 12394.561701005947, 13508.959140837349, 13184.183816422748, 12619.838376365393, 13312.263689600657, 15427.534453922126]
fps.ltu:[885.839771015323, 988.8616553753367, 869.825043502326, 1525.4223913038127, 899.2177189715255, 1212.474909479537, 842.2906511606809, 968.7273715945666, 1050.4501467646326, 1046.8895431273245, 981.6447972367275, 1005.3230175503163, 1405.070266398137, 1024.9206283317988, 891.9220100741379, 754.2373313310982, 1091.9500402596468, 1011.7066331463179, 1087.0964265466148, 831.05565464236, 987.5575726541512, 938.3898526283754, 862.1388737080683, 957.9992559872588, 1306.2281449669802]
fps.c2:[2.346457309860063, 1.8193651654075782, 0.5108173914380234, 2.781163791744599, 1.1086323014261665, 1.0248719811713307, 2.136333101294278, 1.6573442434963157, 1.8581588308769657, 1.0854797998341275, 1.9390643291888319, 1.5858736160426086, 0.6800205101071077, 0.8575775300487146, 0.9259081659942806, 0.6839552097724854, 0.9550409833341384, 1.6687919074734698, 1.8747244673916117, 2.122630405154357, 0.9437530785106282, 1.4603228045781225, 0.9215457058896639, 2.42756532941118, 0.9738959497363523]
