Ri:[100, 130, 160]
Zi:[50, 100, 200, 300, 400, 500]
fps.ts:[7594.9320399999615, 22784.796119999883, 37974.66019999981, 53164.52427999973, 68354.38835999966, 83544.25243999957, 98734.11651999949, 113923.98059999943, 129113.84467999934, 144303.70875999925, 159493.5728399992, 174683.4369199991, 189873.30099999905, 205063.16507999896, 220253.02915999887, 235442.8932399988, 250632.75731999872, 265822.62139999866, 281012.4854799986, 296202.3495599985, 311392.21363999846, 326582.0777199983, 341771.9417999983, 356961.80587999814, 372151.6699599981]
fps.e0:[10628.78532497066, 10638.841593039377, 10644.736157396359, 10642.66282482221, 10662.87318779396, 10647.636377199426, 10639.945277045965, 10639.996402161756, 10626.758672185213, 10656.837830690341, 10669.055325690957, 10666.521246952521, 10682.379311447256, 10723.59643639512, 10699.284145454469, 10703.692941072983, 10682.191032884146, 10668.679016227694, 10677.486058299348, 10678.64410982938, 10638.684545654944, 10664.653880366044, 10649.474988796055, 10638.483653390713, 10628.105556627652]
fps.e0u:[8.028177569684903, 7.973971147746169, 8.030223469212794, 8.119219354994, 8.069299988959155, 8.098532430689303, 8.22326299930588, 8.217744449590874, 8.312885438032975, 8.103985929070259, 7.963214969168884, 7.988369454424088, 7.848459772542805, 7.749826673104922, 7.676436916091163, 7.721493905450929, 7.708267991165649, 7.63728046233451, 7.634109675283288, 7.669822058286023, 7.650572194795321, 7.626745623456238, 7.644930774583475, 7.660676299934207, 7.678321624307804]
fps.lt:[4611.004039351185, 4554.353362981853, 4505.814465087354, 4493.483185346831, 4390.137028041644, 4468.2621069487905, 4436.235568479909, 4406.042347092883, 4466.605466938918, 4355.704234273345, 4282.577775572854, 4433.143805709547, 4352.412113546295, 4161.815694431867, 4263.300813214797, 4180.248287384101, 4271.000455564687, 4326.404806115894, 4293.966670781567, 4263.647590991966, 4475.083844111953, 4342.462712349527, 4442.499210076285, 4524.389546625747, 4555.229519291078]
fps.ltu:[48.71300849587821, 47.50225417118604, 46.57450587630929, 46.786622972414364, 44.47369029279985, 46.21310374565533, 46.27395048774801, 45.80081373856166, 47.29273516151604, 43.71843374558283, 41.5840062583082, 44.43019443944103, 41.974259664770564, 37.64701987446085, 38.97842529546673, 37.69678703027519, 39.41155756065903, 40.084549992736704, 39.55742965337232, 39.09952697631936, 43.10515142001952, 40.510534297596884, 42.403375461794134, 43.95480826512208, 44.83397339736361]
fps.c2:[2.76271472350867, 4.126295084416315, 2.4483383902020517, 2.520161057383093, 1.9861602387969637, 3.6419482926311626, 2.4935479246352994, 5.515803607044012, 3.4511999251552825, 3.477174953365878, 3.2957666345259535, 3.1430379859889053, 3.831549081802459, 4.525827045753964, 2.5398224309782877, 3.4394844128576567, 2.6574827235378824, 3.0181646410224983, 3.42067451288996, 2.213353535606915, 3.7589865919728713, 5.881393889823285, 3.0407139386932887, 3.891914983416761, 3.3702670625117146]
FC:[[3.7826089313743454, 3.797693055065763, 3.869432245890594, 3.95045858728291, 4.028105207648934, 4.106417818598381], [3.8093566358119033, 3.8305840915180944, 3.9155166085766795, 3.9910975348009115, 4.075640851955023, 4.16967935151507], [3.876034698649581, 3.8977949824470057, 3.989293584342377, 4.070839992204359, 4.169435304933429, 4.258296466501137]]
FCE:[[0.023236880489872023, 0.011562322713689578, 0.007045002692688985, 0.005471184529492211, 0.004703677743154725, 0.004242702007620375], [0.01821574016296259, 0.009005750897697132, 0.005373176308136901, 0.004238876176621556, 0.0036608620402669434, 0.0032630243978422875], [0.015372354700274376, 0.007479299506050405, 0.004452523325560975, 0.003526132449031912, 0.0030104221420025968, 0.002727633228292044]]
