Ri:[100, 130, 160]
Zi:[50, 100, 200, 300, 400, 500]
fps.ts:[1736.1379600000382, 5208.413880000115, 8680.689800000191, 12152.965720000268, 15625.241640000344, 19097.517560000422, 22569.793480000495, 26042.069400000575, 29514.345320000648, 32986.62124000073, 36458.89716000081, 39931.17308000088, 43403.449000000954, 46875.72492000103, 50348.000840001114, 53820.27676000119, 57292.55268000126, 60764.82860000133, 64237.10452000142, 67709.38044000149, 71181.65636000157, 74653.93228000164, 78126.20820000173, 81598.4841200018, 85070.76004000187]
fps.e0:[11019.181971376473, 10973.164301645034, 10972.990649739542, 10966.218120288973, 10991.215465695353, 10996.75148707908, 10955.61286957247, 10967.608077412495, 10982.817836482585, 10959.814100584234, 10989.453182846099, 11000.80123947234, 10980.561770882825, 11004.02507930631, 10995.535821181109, 10971.316930664087, 10993.45676518297, 11003.801536211598, 10990.1536788914, 10997.017103565504, 10994.676704004252, 10947.330507650706, 10983.657756393399, 10963.77671117295, 10975.411469836232]
fps.e0u:[15.976570828177037, 16.094917888327885, 16.224408052843117, 16.386981692357924, 16.292764621156163, 16.14199428610587, 16.391266010032705, 16.263106825298927, 16.370274286000814, 15.941144000060206, 16.19306627587507, 16.137484167023615, 16.125031929204557, 16.036582498356587, 16.11015818525096, 16.288237790392035, 16.056727423047057, 16.054496165039996, 16.178876265392518, 16.08480495793504, 15.932046827895368, 16.06490924760686, 15.98111223920142, 16.01248742877358, 15.963803573610532]
fps.lt:[11935.318973543915, 13469.46955246101, 13487.179087550021, 13718.788088752885, 12494.68275255056, 12627.13560561404, 14214.614034398051, 13671.58194711589, 12948.745767078804, 13876.303183992633, 12625.755097756273, 12394.398258742818, 12807.759443361174, 12242.536654511177, 12083.3616435812, 13017.108597371589, 12433.968552283317, 12392.870094665268, 12647.480306494333, 12147.360161765526, 12593.701363465634, 14204.18174734161, 12296.86454047754, 13756.375748704435, 12832.525928231602]
fps.ltu:[617.9004625217, 796.384214110664, 803.0388209378432, 831.7678987292917, 691.5493257507638, 697.8423982642006, 890.6633952797657, 823.318532000097, 744.7566411312843, 835.7901223933995, 699.2601533892534, 670.4840198647461, 722.2133419723515, 651.733134716964, 639.8610185088463, 749.1302841148223, 675.509038269648, 666.942318747462, 702.8014311861675, 647.8944168471207, 684.9808838369089, 887.9325017701268, 657.7866722453175, 829.6483316697634, 713.7565558859222]
fps.c2:[1.5204404550222885, 2.177261753806092, 1.8476632666660062, 2.5805101454513846, 0.9592791322370424, 1.975949640864517, 0.8118676036184014, 1.3210577444173137, 1.242334435636694, 1.2384602369553066, 1.101583181093133, 1.6043457620699622, 1.5794792897330845, 1.8692407241390445, 1.4809439790992693, 1.2889185617738468, 0.9360867733328657, 1.6338319177069172, 1.031580139673534, 0.9958120921496515, 1.4360597174586311, 1.4613089248979572, 1.4279704014864725, 1.4169891574861664, 0.8162056170712624]
FC:[[3.854283491453136, 3.869106102014958, 3.893622904576934, 3.9186139705947327, 3.943069805313394, 3.9629918003009363], [3.9074748716498133, 3.9240026889635082, 3.940719075547138, 3.9612678539718087, 3.995994161407472, 4.019535745985992], [4.025711914077373, 4.053572672150368, 4.072906692041869, 4.0924136483745714, 4.122983667304426, 4.147023791301489]]
FCE:[[0.03547918506544374, 0.02222571896873343, 0.014852365373500553, 0.011757080416417858, 0.009941570832987514, 0.008702242945456332], [0.027799223735701498, 0.01739901235900079, 0.011476891492297973, 0.009069810897087197, 0.007534599535121804, 0.006629532188761587], [0.022887717611518622, 0.014401734858943336, 0.00953019405306313, 0.007352354479978675, 0.0062539411079627375, 0.005513813865510263]]
