Ri:[100, 130, 160]
Zi:[50, 100, 200, 300, 400, 500]
fps.ts:[1812.2522200012206, 5436.756660003662, 9061.261100006102, 12685.765540008544, 16310.269980010984, 19934.774420013426, 23559.278860015867, 27183.78330001831, 30808.28774002075, 34432.79218002319, 38057.296620025634, 41681.80106002807, 45306.30550003052, 48930.80994003295, 52555.3143800354, 56179.818820037835, 59804.323260040284, 63428.82770004272, 67053.33214004517, 70677.8365800476, 74302.34102005005, 77926.84546005249, 81551.34990005492, 85175.85434005737, 88800.35878005982]
fps.e0:[10968.210800010098, 10956.023425550533, 10995.19160130415, 11006.68033617952, 10991.89637170767, 10972.427552077977, 10980.158852577213, 10988.084563171315, 11011.479868850156, 10996.665194467789, 10998.040873637952, 10944.341717006242, 11007.397172953339, 10977.21610368259, 10986.611169561882, 10989.500687917734, 11004.033452631951, 10992.454421616467, 10928.824483312692, 10984.193195527474, 10992.609838830169, 10992.629041633285, 10973.395253721106, 10987.088756308955, 10966.788418586308]
fps.e0u:[15.32872353480277, 15.426607509530262, 15.42266236729651, 15.437022101566223, 15.446198826084439, 15.74139787515172, 15.590060195419579, 15.438488212137228, 15.376451009439545, 15.41042973709936, 15.454234401617871, 15.66366677403639, 15.505199302445881, 15.540357614161735, 15.621876641004192, 15.455842024872002, 15.465571096372212, 15.236842853256874, 15.565539446217313, 15.58201710366595, 15.576774504681655, 15.392923866980372, 15.54570104208044, 15.408040235644084, 15.555930716443518]
fps.lt:[12738.210040528826, 13942.647826376548, 12518.662209632132, 11596.582213816086, 11957.84367003337, 12560.404904883088, 12666.185674101369, 12866.171989754464, 11908.32904326591, 12061.058767159964, 12319.254811799507, 13992.981218941712, 11844.243911162053, 12899.88213261957, 12636.73885922007, 12799.084957412193, 12087.729638158327, 12830.883850462415, 15436.31055671232, 13217.951475726051, 12550.742175540914, 12535.801617783303, 13580.450114412653, 12377.789317098488, 13439.99261549178]
fps.ltu:[677.5249956431342, 814.1077788518166, 657.5963118319689, 565.7207546781525, 602.3952121797041, 671.8615581624525, 678.8681004048492, 697.6597296340583, 595.192373715443, 610.0383215576746, 640.4959348088765, 832.8791390685874, 593.8115917506732, 703.2390266218931, 674.3720198641441, 688.9412970365624, 613.0801344387623, 682.2788512363953, 1010.0682916579385, 738.8264159876487, 667.8845054882441, 656.885546271413, 779.5996658487895, 640.9397839657768, 755.8584195521872]
fps.c2:[1.751261019585476, 0.678147044795006, 1.5471138737609127, 1.2394603223621736, 1.9069227576834717, 2.3820980097001194, 0.8073382937935896, 1.0425445895051282, 0.9397794148242217, 1.3191032574052575, 2.0116365569874435, 1.6275652516149575, 0.6971706079323899, 0.932951192917179, 1.5206773028391742, 1.1616661202356304, 1.9219979664081823, 0.9940499203325549, 0.9596569223673037, 0.9252942388386436, 1.2270863474776688, 2.3619494966268206, 1.5777696592796662, 1.5424799197170136, 0.9908629471515188]
FC:[[3.8970829472685455, 3.8672943728425917, 3.8851881427749846, 3.918171426384625, 3.9478327218620777, 3.977527717929703], [3.9065106213677114, 3.917544640628122, 3.9432810461837033, 3.966742485318995, 3.9949068034883877, 4.0215974561497925], [4.0022476545469585, 4.037950239683805, 4.071573646189441, 4.096333126652945, 4.12348608382787, 4.150293138324442]]
FCE:[[0.034547769623359585, 0.021225892878043214, 0.01411163359672738, 0.011218140356916406, 0.009516997549093496, 0.00837414015881472], [0.026796003489663035, 0.016568994995378943, 0.011031327480475141, 0.008733094448824787, 0.007428714385313849, 0.006369196745898817], [0.02262677203792895, 0.013759335206197, 0.009146536075577845, 0.007065535197400303, 0.005999786379728055, 0.00529028649969298]]
