Ri:[100, 130, 160]
Zi:[50, 100, 200, 300, 400, 500]
fps.ts:[1745.7686800003053, 5237.306040000916, 8728.843400001526, 12220.380760002137, 15711.918120002747, 19203.45548000336, 22694.99284000397, 26186.530200004578, 29678.06756000519, 33169.6049200058, 36661.14228000641, 40152.67964000702, 43644.21700000763, 47135.75436000824, 50627.291720008856, 54118.82908000946, 57610.366440010075, 61101.90380001068, 64593.441160011294, 68084.97852001191, 71576.5158800125, 75068.05324001313, 78559.59060001373, 82051.12796001436, 85542.66532001496]
fps.e0:[10836.835130519832, 10844.405858051707, 10847.059502973387, 10833.634792161743, 10842.653930020297, 10827.942414480078, 10843.988875254374, 10829.828710828735, 10856.417900547633, 10850.70802157362, 10864.026967355461, 10842.026176599744, 10869.540026473444, 10866.86762945511, 10838.01433185925, 10837.665092088604, 10870.559045578888, 10846.340733580388, 10857.429929250065, 10859.029342388169, 10863.406282345994, 10859.70693568296, 10836.364454885703, 10858.474507864417, 10862.77773983207]
fps.e0u:[14.72543454671135, 14.769261467971958, 14.831163904152504, 14.968480073052291, 14.886960677542309, 14.920660371869644, 14.902745924431663, 14.782264373208209, 14.845142168745024, 14.66897859316411, 14.916986428519639, 14.726991014754123, 14.792485583885604, 14.743768911859263, 15.100427237042869, 15.083860588216734, 14.722940845452916, 14.882010689682721, 15.035998668493237, 14.797699168040491, 14.849832537968716, 14.746848698635503, 14.763325449051296, 14.76652549648173, 14.700586923642255]
fps.lt:[12247.16153641752, 11550.533649011424, 11549.66962248874, 12224.714194400276, 11947.439351076633, 12185.379781375243, 11379.843643585153, 12248.181574556, 12119.10551962432, 11564.735059975039, 11422.989486702763, 12112.596597765325, 10912.858921350278, 11424.610334787134, 12335.39539224772, 11548.190151458359, 10904.75383246412, 12061.587048483245, 11128.576074066767, 11476.414508748388, 11057.222909991113, 11687.421685239886, 12205.023861940714, 11718.872580161777, 10975.00382938238]
fps.ltu:[614.9560241297793, 546.8000414994264, 551.618790874428, 624.5332433411004, 587.4983768615974, 613.9731843081571, 534.6982247147472, 615.23568825394, 606.3299903460135, 544.9496098275297, 535.3826628854135, 598.444689433863, 488.29093546721003, 532.5553793739679, 636.6511544054549, 554.9327608026485, 485.50683091019397, 594.1521746786927, 516.7994173000768, 535.8953904243099, 506.1426425382471, 556.6590142671937, 610.6601182368503, 561.3586659049544, 492.9861792878517]
fps.c2:[0.6876687635947006, 1.4910035165979645, 1.5016338417964654, 1.5140479088674208, 0.9829027469080222, 1.5154793636775734, 0.875734447427605, 1.5177058330350544, 0.8291934142002992, 0.957505276645465, 0.7274040216365262, 1.2725306586642473, 0.9334051047907997, 1.3141402966962443, 1.1037820124591151, 1.622765562187286, 2.8067202748956137, 1.128043657075739, 1.5466944617176475, 1.5672200784780173, 2.1701988836090322, 2.0525065405606338, 0.4458211700141951, 1.3025880539552286, 1.6729919524532875]
FC:[[3.837021954699382, 3.8554625680746244, 3.900943554371129, 3.917728881345883, 3.941603836857149, 3.9641583628878854], [3.889765361596165, 3.889419256772473, 3.9266588302009096, 3.9554134955895, 3.98157488559117, 4.0045940705652665], [4.000983628842365, 4.010793059731162, 4.043276770286856, 4.076986894133397, 4.107301735964792, 4.13580716655091]]
FCE:[[0.03324621073945648, 0.020401576588060306, 0.013623142052781863, 0.01072583327176765, 0.009087714522594504, 0.008003161571875406], [0.026135248085031433, 0.015857668220550698, 0.010490381340922027, 0.008292555164458358, 0.00704074415634607, 0.006216603552731864], [0.02225268784702762, 0.013524877416154468, 0.008881681600190676, 0.007048513489912145, 0.005715897157482622, 0.0050619360251532705]]
