Ri:[100, 130, 160]
Zi:[50, 100, 200, 300, 400, 500]
fps.ts:[1814.1376999998092, 5442.413099999428, 9070.688499999047, 12698.963899998664, 16327.239299998284, 19955.514699997904, 23583.790099997517, 27212.065499997138, 30840.340899996758, 34468.61629999638, 38096.89169999599, 41725.16709999561, 45353.44249999523, 48981.71789999485, 52609.993299994465, 56238.268699994085, 59866.544099993705, 63494.819499993326, 67123.09489999295, 70751.37029999256, 74379.64569999218, 78007.9210999918, 81636.1964999914, 85264.47189999104, 88892.74729999065]
fps.e0:[10792.809463717569, 10777.298696061078, 10783.739277801229, 10782.497424138892, 10791.438351154251, 10786.131873826955, 10776.616756048445, 10750.49673365357, 10762.572470395466, 10771.20883731188, 10777.223750335454, 10785.239524176519, 10789.882106353869, 10787.93380849364, 10803.702129873294, 10788.608214786682, 10799.417933439941, 10806.988026425826, 10792.63745644132, 10805.455082319448, 10812.486095033963, 10830.586877632062, 10797.704459815957, 10834.734885981732, 10798.8017961886]
fps.e0u:[12.367516568761847, 12.323869551767839, 12.250806876114458, 12.363277287925598, 12.438312284384198, 12.286778651864745, 12.234632314456558, 12.518799765617507, 12.380298256931585, 12.489257437280562, 12.50156722422791, 12.351870589112814, 12.528789469201106, 12.510495486197309, 12.49704631857722, 12.613355785785991, 12.543150269791484, 12.430851989222226, 12.4951849053608, 12.343717837749683, 12.415196339981117, 12.278556066676755, 12.389180308809559, 12.28813187510642, 12.502679052319195]
fps.lt:[5821.324389222351, 6006.305163201511, 5976.586973174365, 5866.792874050464, 5879.448204842971, 5857.676477740195, 6077.432571368187, 6104.25885014366, 5930.62989329214, 5816.584508614035, 5860.846949601327, 5791.668468682742, 5716.943008129049, 5746.756067776382, 5551.989752952071, 5771.803105767417, 5724.0843001191615, 5628.328844769372, 5769.615120356362, 5675.871088903509, 5585.633730430831, 5475.892404518079, 5723.195444790639, 5417.0823076463685, 5667.2382019816405]
fps.ltu:[115.14656621948538, 122.07535551938018, 119.91737313769322, 116.46454691714729, 117.52312240988165, 115.64099310453255, 124.12718064643538, 127.92999442786507, 119.84080003501, 116.62366708161335, 117.4784895197204, 113.815096058597, 112.33729977535174, 113.25527891264086, 105.67841272830447, 114.5041869166281, 112.42668573783178, 108.36579012124066, 114.25366664965277, 109.33746227136182, 106.46519356776221, 100.98788347872757, 111.28308875749158, 98.94478361297736, 109.59500214424932]
fps.c2:[2.256692891743597, 2.0742603821277488, 1.30149322304209, 3.2219210402593834, 2.3903437437423936, 3.2074293212348173, 4.182213097645397, 2.72270812396417, 2.539759390227183, 1.3601053912561996, 1.38655656164915, 2.7667808334072053, 0.9524134057753673, 1.884234680707748, 2.5046872343092796, 1.994233184277798, 1.680131527969581, 1.1007336252087563, 1.2648698365653468, 1.6753183171945685, 2.7538517027448566, 1.2673807487280024, 2.044471401068805, 1.5402645309804395, 1.483326715324287]
FC:[[3.748297901643444, 3.797901280820333, 3.8592117147503764, 3.9260962969681015, 3.991969239001819, 4.0776576198149375], [3.803844841412026, 3.8386491761353407, 3.9084078627366576, 3.975855484677277, 4.045787740731285, 4.130955067518085], [3.9150959303518613, 3.945760430318221, 4.0327533555977295, 4.0993963683509955, 4.168407523906528, 4.253215796847473]]
FCE:[[0.033929473916522804, 0.018622762105932507, 0.011462451537814097, 0.008711193769816146, 0.0073838907542215886, 0.006414704953306913], [0.026921320260902565, 0.014454091535664893, 0.008627520099802973, 0.006742108309509957, 0.005577035894613884, 0.004990618014486499], [0.023004024470683122, 0.011805749373405956, 0.007080838640339965, 0.005520973417700278, 0.004706013590543005, 0.004123702538094338]]
