Ri:[50, 100, 150, 200]
Zi:[100, 200, 300, 400, 510]
FC:[[4.0600703557730204, 4.024240133005231, 4.032417294564023, 4.048019004061933, 4.078145421513962], [4.02656338865984, 4.023382656946164, 4.0462300529407695, 4.08145385435136, 4.116248005097915], [4.137468362850031, 4.1615053812819776, 4.189571405946129, 4.2200475123211465, 4.2538738815509145], [4.754855677434872, 4.791111327124501, 4.834883046065157, 4.8824456645696115, 4.907543423131502]]
FCE:[[0.03736058200828649, 0.02578238409096457, 0.020860293571517665, 0.01802234197788301, 0.015583806141357064], [0.019212411931441964, 0.01304263929000425, 0.010589638352863492, 0.008913878419914641, 0.00794701868983059], [0.01313050093868723, 0.008714681334538722, 0.007052669279049839, 0.006096560732262147, 0.005424077725170323], [0.012049460136746714, 0.008240387421755174, 0.006699898606379624, 0.005751848315656433, 0.00510641597542523]]
fps.ts:[1603368181.29828, 1603371633.86884, 1603375086.4394, 1603378539.00996, 1603381991.5805202, 1603385444.1510801, 1603388896.72164, 1603392349.2922, 1603395801.86276, 1603399254.43332, 1603402707.00388, 1603406159.57444, 1603409612.145, 1603413064.7155602, 1603416517.2861202, 1603419969.8566802, 1603423422.4272401, 1603426874.9978, 1603430327.56836, 1603433780.13892, 1603437232.7094803, 1603440685.2800403, 1603444137.8506002, 1603447590.4211602, 1603451042.9917202]
fps.e0:[9951.613361292795, 9967.40314227911, 9949.70786006994, 9951.04131179174, 9943.444266071787, 9961.099783067506, 9968.161449100102, 9932.664648933083, 9952.402278797521, 9975.61397224308, 9947.492439037176, 9966.572210841136, 9988.637725429275, 9991.112559720437, 9946.1739931576, 9987.649697154553, 9985.914141815809, 9978.936530527826, 9960.682137927284, 9966.670248321574, 9939.741152435245, 9962.533355121202, 9997.880346394893, 9952.675305389454, 9967.169348513824]
fps.e0u:[17.08462954206132, 17.047696075961994, 16.84410034911374, 17.092071337671157, 16.943549600720957, 17.04456057965964, 16.91448565140319, 17.007855084460285, 16.76827546337798, 16.90700429046941, 17.060870964364476, 16.63866433555484, 16.913616874702775, 16.790485342859853, 16.962990113015774, 16.74671175821664, 16.903271757187614, 16.62386977147592, 16.911777568123913, 16.98130614110663, 16.896998030513952, 16.856909596097903, 16.839168522628675, 16.941832580254502, 17.230936776643553]
fps.lt:[13689.268905105639, 12250.425580734882, 13447.623636380793, 14110.320668422706, 14019.182590284057, 13127.265661950667, 12443.541465963262, 14849.998829402983, 13983.35451587546, 13080.035500645108, 13786.649846784067, 12739.30137567333, 12157.236907130038, 11721.999116705789, 14390.564041553804, 11977.859531448874, 12504.249159832932, 14191.443307045112, 13507.984909253717, 14009.647587724381, 14717.148509565279, 14373.929101162154, 11549.60709357854, 14714.72289865285, 12435.720590747094]
fps.ltu:[974.6773319160178, 784.8714525964584, 928.687551795305, 1037.5305963402398, 1013.4782106540971, 897.6166912680985, 799.6565765296399, 1145.38134898234, 1003.3842088950146, 884.9015403940826, 993.6116695500845, 830.4404885617274, 759.884898961505, 706.3468467919917, 1073.9569621639332, 735.5608316555376, 798.1735590376617, 1018.0015788232972, 936.4616562481573, 1006.0148708724234, 1107.3814987568603, 1059.702413277144, 681.9682452928047, 1106.7297025102387, 809.1636131773846]
fps.c2:[1.2516339979888493, 1.6597095289814499, 1.38183297879992, 1.429320046853238, 0.9288305534159679, 2.8412051967504057, 1.9886359534993348, 1.3084066155777974, 0.8281321269833806, 0.8625688127314507, 1.156743555166259, 0.8695786071209319, 0.8914386240901252, 1.718250229381159, 1.1512729903284185, 1.254993199527096, 1.2694728457096918, 1.4070842958401732, 1.3530652136960615, 1.1833041716485633, 0.9648105098239639, 0.7352283297908625, 0.804785014031961, 1.3315557148720432, 1.0470145253304013]
