Ri:[100, 130, 160]
Zi:[50, 100, 200, 300, 400, 500]
fps.ts:[1535.2761600017548, 4605.828480005264, 7676.380800008774, 10746.933120012283, 13817.485440015793, 16888.037760019302, 19958.590080022812, 23029.14240002632, 26099.69472002983, 29170.24704003334, 32240.79936003685, 35311.35168004036, 38381.90400004387, 41452.45632004738, 44523.00864005089, 47593.5609600544, 50664.11328005791, 53734.66560006142, 56805.217920064926, 59875.770240068436, 62946.322560071945, 66016.87488007545, 69087.42720007896, 72157.97952008247, 75228.53184008598]
fps.e0:[10917.746914916246, 10880.7551651932, 10891.48861882622, 10886.667889997707, 10895.473240818526, 10905.997900018685, 10901.988867602413, 10897.152798827721, 10880.837746969348, 10900.69545453546, 10872.613195377731, 10899.021842425926, 10898.238699784959, 10929.736459677679, 10898.701694002322, 10910.871485170703, 10912.011315007932, 10904.29680505085, 10887.65289750247, 10877.343733628786, 10885.268995801549, 10892.680629493645, 10921.288426244782, 10900.167755457787, 10895.248524258062]
fps.e0u:[14.737462020863804, 14.651962908455259, 14.82713034518136, 14.550457257140344, 14.62376962155274, 14.485617525621478, 14.462981146922706, 14.614737093223543, 14.736526539441325, 14.539211732486315, 14.46056248188881, 14.661381030542506, 14.546173171378866, 14.699403158488293, 14.696273006050237, 14.574900056927499, 14.731312043603129, 14.407336937577771, 14.550111186986477, 14.655400624332936, 14.613656459348872, 14.53505268801914, 14.563450971040348, 14.803041505787448, 14.348720882704196]
fps.lt:[11387.797434736694, 13056.794805146386, 12524.906631725411, 12737.760812816612, 12566.983259516945, 12470.544362636876, 12322.579665576803, 12231.148930163825, 13301.98708842571, 12554.54725767865, 13490.897625124759, 12068.802134633372, 11887.426519309647, 11498.09745998027, 12798.773471394812, 11662.155304638423, 11698.207860353064, 12256.305665049456, 13250.18250077898, 13304.067694537905, 13009.917041885374, 12741.937533616823, 11651.61856477231, 12400.89384506112, 12524.946763660037]
fps.ltu:[526.0812817934161, 689.3663122422004, 637.2849943086375, 654.1894489263968, 639.4248582844251, 629.2326531276574, 606.9887305503157, 608.9852947461698, 716.9080432656747, 634.6301814453957, 729.0481058936748, 588.2904757170115, 572.0486990857139, 534.8788689917268, 663.9814917875979, 548.6271069491328, 554.564302760839, 602.8634504921921, 706.7836741064241, 712.0266018804333, 685.5109919952657, 649.9714057029934, 548.0770755509864, 628.9873554236464, 624.1055368946562]
fps.c2:[1.5103088269054865, 1.1659736271727914, 3.090771653972186, 1.7292395718009126, 1.4886772248611695, 1.3598423107411466, 0.9692290575116513, 1.801440549421915, 1.4605470489829746, 1.1644581710571429, 0.7659848989222513, 1.644176580771362, 1.5384867714433872, 1.490016782339637, 1.068812129748706, 0.8568629983988653, 2.7796778954450683, 0.44186248297748265, 1.7837526414971605, 0.45776006242413547, 1.4320357299807625, 1.391163950153616, 0.7549267084895116, 1.0874990213802982, 1.6384629164160496]
FC:[[3.8722074433231555, 3.8645381242166326, 3.8612614231615487, 3.8963183394609255, 3.9310690798800976, 3.956135224779436], [3.889873241190438, 3.9079425822906715, 3.919113731406973, 3.946227917220154, 3.98045445215566, 4.0057179371059535], [4.016111693999254, 4.031839646066667, 4.051461961929511, 4.078416530338631, 4.1103405622416425, 4.134209664968692]]
FCE:[[0.03251442624094448, 0.020260269126178638, 0.013362098808259679, 0.010567638728511738, 0.008983207074477946, 0.007920804634268192], [0.025035159106203114, 0.01574293398084051, 0.010371791666243139, 0.008201587895080456, 0.006986307152801369, 0.006175278574668336], [0.021032182016774738, 0.01339475338822894, 0.008591756404240538, 0.006647213221081275, 0.0056629742888966534, 0.005010378114776998]]
