Ri:[50, 100, 150, 200]
Zi:[100, 200, 300, 400, 510]
FC:[[4.057681166604663, 4.051184926462877, 4.059305065714061, 4.046835681841304, 4.051572349587526], [4.034098534907945, 4.046952038265815, 4.067044863030598, 4.0828607941455255, 4.097988362674633], [4.156636141844, 4.176645420116678, 4.199914628515536, 4.220484097332934, 4.248633394298612], [4.808655964559378, 4.827706779138926, 4.8658664545870005, 4.887127486207872, 4.909885399198185]]
FCE:[[0.04006087810183108, 0.027170271896200922, 0.02193631512456713, 0.01884184786004973, 0.01655909437558138], [0.019804352895020184, 0.013540047552208561, 0.01093496429948957, 0.00942609944660889, 0.008314178741672916], [0.013891902214924456, 0.009474443870505103, 0.007638800459686245, 0.006588216403408147, 0.005832592375977849], [0.012715481629402328, 0.008608190755776346, 0.0069684250406027185, 0.0060211517737456845, 0.005324474372323442]]
fps.ts:[1615995353.57198, 1615998808.97994, 1616002264.3879, 1616005719.79586, 1616009175.2038202, 1616012630.6117802, 1616016086.01974, 1616019541.4277, 1616022996.8356602, 1616026452.2436202, 1616029907.6515803, 1616033363.0595403, 1616036818.4675002, 1616040273.8754601, 1616043729.28342, 1616047184.6913803, 1616050640.0993402, 1616054095.5073004, 1616057550.9152603, 1616061006.3232203, 1616064461.7311802, 1616067917.1391404, 1616071372.5471003, 1616074827.9550605, 1616078283.3630204]
fps.e0:[10677.348355779875, 10694.966049642147, 10664.465692724627, 10691.818232673346, 10653.348783047664, 10705.629565718502, 10710.7979479933, 10676.987900363702, 10680.684220847384, 10684.07304769032, 10676.065878289495, 10704.765825044093, 10677.274670811657, 10688.535203824242, 10687.604800752348, 10678.37150227016, 10674.344426806996, 10665.956159968173, 10725.211834143578, 10662.890054752892, 10673.49190641925, 10668.32327386727, 10663.764820519604, 10696.766261290657, 10683.488125515625]
fps.e0u:[18.26381869292986, 18.56334873576355, 18.57723906744214, 18.271718096637322, 18.430629102511723, 18.174447533413097, 18.348703261885184, 18.191016950155525, 18.302369528513125, 18.36428679710015, 18.337804748753115, 18.323936713865105, 18.250753077661376, 18.407254394955775, 18.446885788329254, 18.286315140833658, 18.36242058686159, 18.47509183555008, 18.33062435639335, 18.56275061503892, 18.23737177395029, 18.524957176236356, 18.405379789578483, 18.254527202358815, 18.94521786229509]
fps.lt:[19594.886522495242, 16878.60680151209, 18245.98754440778, 16951.066051634505, 21694.27622881759, 16010.90778006306, 16051.762165271948, 19238.073613763485, 17746.6087370769, 17100.348393732387, 19603.91232146126, 16784.74246335241, 20174.609430362067, 16976.854143850498, 19556.51650515469, 18795.691635882235, 19017.383374899375, 21791.077720151206, 14442.829245960165, 19549.16260441751, 20926.583701205844, 20361.92982139596, 19441.16753701367, 17439.463724917667, 18594.771666049568]
fps.ltu:[1972.7602399234968, 1496.7922971150258, 1740.0184595436356, 1473.8704201849926, 2424.5988166314783, 1315.9424955900981, 1328.8657466260443, 1898.7033551482195, 1633.9532188366713, 1504.2808073041797, 1965.4968981917489, 1451.4952022347074, 2100.262247666865, 1498.6444326576743, 1979.0808071829667, 1818.4962173925808, 1865.2166691803657, 2467.738177058918, 1087.893533918099, 1998.275608793458, 2240.92958940366, 2171.5320778316805, 1961.4078289869494, 1581.2844791542325, 1841.7145871636878]
fps.c2:[1.2701311643347069, 1.5167344783108545, 1.7197023940065816, 0.7415735376882917, 0.8514178012817435, 1.534831763394116, 1.6812934888864546, 1.1690710570709246, 0.5202549933155983, 0.4978950728823009, 0.5993037659218842, 2.1250097946429163, 2.0671001550487444, 1.4910702581964057, 1.197052103545764, 1.2322662241997617, 1.5232711979570404, 1.1253029957128542, 0.8203949474051236, 0.7956232843307551, 1.0023953355853723, 0.7324245896059682, 0.7212293267716644, 1.0675009573689367, 0.7825462683439183]
