Ri:[100, 130, 160]
Zi:[50, 100, 200, 300, 400, 500]
fps.ts:[1689.6300199985503, 5068.8900599956505, 8448.150099992752, 11827.410139989852, 15206.670179986953, 18585.930219984053, 21965.19025998115, 25344.450299978256, 28723.710339975354, 32102.97037997246, 35482.23041996956, 38861.490459966655, 42240.75049996376, 45620.01053996086, 48999.270579957956, 52378.53061995506, 55757.79065995216, 59137.050699949265, 62516.31073994636, 65895.57077994346, 69274.83081994057, 72654.09085993766, 76033.35089993477, 79412.61093993185, 82791.87097992896]
fps.e0:[10930.377762678816, 10895.305588085073, 10921.437202461797, 10933.180890196427, 10923.803753901499, 10917.646799485692, 10914.00282727414, 10912.339939180665, 10929.452857067223, 10932.258989605172, 10951.827279353392, 10918.749549036516, 10924.894353962229, 10885.443755141436, 10906.329796448606, 10925.187269800606, 10930.762520901959, 10941.066769365778, 10913.804436484626, 10927.173117138145, 10931.471858550814, 10919.909085800033, 10886.683560519943, 10913.780434383627, 10911.770581711025]
fps.e0u:[16.74059768526672, 17.269967037521447, 16.966979059838017, 17.22921462055985, 16.644463544220226, 17.414474733903695, 16.479066011460606, 17.366362319716714, 17.118787621724532, 16.68910383344328, 17.013326641136093, 16.37793828776208, 16.58857286138049, 17.226801977761586, 17.471436684014094, 17.133969224880502, 17.328776436435763, 16.91768510905779, 17.159781664166456, 16.642813027322298, 17.094065746768, 17.15292071838288, 17.046571756076656, 16.447105363283463, 17.74135826530743]
fps.lt:[6621.104826600239, 6882.6527907176005, 6613.048852635971, 6547.623174089187, 6555.190433975913, 6770.401553190499, 6807.204386059414, 6724.471433065216, 6718.659070597664, 6521.293514785572, 6340.593490225048, 6830.370485806561, 6597.609547982446, 7060.4742317814635, 6878.590136875199, 6647.837625018384, 6569.077544973662, 6567.375011215678, 6735.1857570956745, 6678.945170411636, 6623.575695668642, 6849.313255936187, 7099.624756956668, 6758.900879608415, 6719.699369074675]
fps.ltu:[201.1636815767126, 222.21723004577683, 203.0575179012795, 202.5228638062786, 195.27209816078454, 215.97776079730036, 207.5739474285023, 214.26819775442226, 211.1049227703331, 193.06790593036925, 186.38032367491508, 208.90703234241946, 198.4120340745179, 233.2444000571595, 225.21281287942426, 206.8245390697364, 203.9489538289666, 199.4378507756474, 211.5499746645238, 202.65253363879086, 204.50225202409814, 220.21569327648618, 236.083882769716, 206.03840702543144, 218.24365740019724]
fps.c2:[0.7570320547944515, 2.61074516788816, 2.5056128613991593, 1.2357389494577866, 1.5246910688572606, 0.6888976493153763, 1.0543312434191885, 2.4873162482914988, 2.382631430566208, 1.5365725999465583, 1.960664470301022, 1.7155266008458172, 1.3325237563172914, 1.5157224384893895, 1.6077714207427456, 2.3097561860236158, 0.8758307168421028, 1.5021211682920659, 2.6421557982403616, 2.457360340450997, 2.244181254682762, 0.8232506412958546, 1.6339961048275962, 0.862904927993636, 1.3207341013222154]
FC:[[3.8757999278718973, 3.9129043891913966, 3.9485519479518314, 4.033508636883207, 4.111252160718741, 4.208023618571685], [3.958029119265886, 3.9563698302182972, 3.9900270643801976, 4.067142011128395, 4.146595884244758, 4.243659293635957], [4.069942299390998, 4.065969891620387, 4.104258651498504, 4.175580902006528, 4.249963486421533, 4.348062521735756]]
FCE:[[0.04509215752662927, 0.02478517464322117, 0.015526638874702963, 0.012075743017083584, 0.010306717568764378, 0.009276775253586196], [0.03547527151363137, 0.01925476028106636, 0.011920430516289538, 0.009229273997629192, 0.007913879188802727, 0.007136665400472892], [0.03021003418255438, 0.01582562261381502, 0.009746953117690483, 0.00769195659848611, 0.006599293505807148, 0.005971286500526109]]
