Ri:[100, 130, 160]
Zi:[50, 100, 200, 300, 400, 500]
fps.ts:[1376.4805000019073, 4129.4415000057215, 6882.402500009536, 9635.36350001335, 12388.324500017166, 15141.28550002098, 17894.246500024794, 20647.20750002861, 23400.168500032425, 26153.12950003624, 28906.090500040053, 31659.051500043868, 34412.012500047684, 37164.97350005149, 39917.934500055315, 42670.89550005912, 45423.856500062946, 48176.817500066754, 50929.77850007058, 53682.739500074385, 56435.7005000782, 59188.66150008202, 61941.622500085825, 64694.58350008964, 67447.54450009346]
fps.e0:[10521.199102430599, 10464.70234030694, 10634.835836825803, 10503.015179236247, 10673.94058693849, 10548.974496648358, 10632.943820506289, 10532.11029129429, 10598.810548988109, 10566.77765675442, 10518.463654198802, 10534.620695377067, 10636.277254343233, 10593.388354480405, 10571.820999780835, 10594.472348477799, 10566.262053350969, 10633.248852715431, 10618.082092313669, 10492.775534585213, 10532.74132959592, 10546.017319594763, 10557.015071349051, 10542.667718324317, 10551.822591520524]
fps.e0u:[48.2565186398913, 45.791070006513806, 49.17939756078657, 47.64623751906902, 47.864361169085335, 47.3883707942865, 48.30355697124147, 46.07112540804894, 46.681185266802984, 47.63128525754165, 47.82599677056767, 47.70393571775635, 48.4787265879174, 49.42844869967283, 47.12348756543376, 50.73652324824006, 46.95068105786362, 47.446729717278906, 46.426521669258626, 44.669681959935765, 43.52720809864097, 45.437661062765734, 46.63910240570184, 46.97442217783874, 45.0971526158595]
fps.lt:[14171.99129443048, 17335.39817966752, 10632.134160012667, 14154.240033207803, 9702.775308075135, 13580.09741784742, 11134.070966468502, 14878.924653942811, 13144.690778775366, 13970.737635310097, 16805.057063595956, 16680.112345675996, 12115.379911243024, 13594.010310377864, 15119.605342346611, 13769.40639315815, 16230.535429628386, 12911.709510986175, 13370.978043167635, 22434.351110207706, 19191.40270974106, 17645.840361860584, 17470.620552295968, 17082.944539900265, 18053.944390402972]
fps.ltu:[2273.716851170495, 3264.457254249758, 1291.6153330630023, 2247.6487152444015, 1054.0203825283281, 2061.3813751275998, 1388.0957380975683, 2409.7366929137643, 1904.5627516126033, 2166.2384987166506, 3162.4589156915613, 3112.4658798491027, 1668.727707396628, 2131.440920266842, 2508.0087072208125, 2231.547769389419, 2887.8407319293674, 1849.3931478559864, 1940.5933272078832, 5302.459426377684, 3821.7113924566625, 3349.191245700582, 3326.6131785708003, 3229.75453856451, 3488.6649337346357]
fps.c2:[1.1496087371678723, 1.0059296873416066, 1.3929543576879175, 0.9081643501482787, 1.0237126920966992, 0.8366712420586561, 0.9612578072069614, 1.0138298108974104, 1.1184767221173977, 1.3033805310897624, 0.6348927303202742, 1.332449292544246, 1.479019354536643, 1.1889940568160462, 0.5332198251294383, 1.0248911292494267, 1.0090005155500537, 0.5705308065802893, 0.5952445391867148, 0.6831250711238073, 1.1126317032742348, 0.953774449158584, 1.3525082639704056, 1.040325558201514, 0.7417762431946848]
FC:[[15.301036280489743, 3.2890414915743373, 3.928915948962147, 3.9818448983445767, 4.0299486646057066, 4.083980388156143], [20.199613893134778, 14.105213654969125, 11.599154754057258, 10.696101758846693, 10.11885604697355, 9.732092333470465], [9.336255821950617, 7.388181703280049, 9.446996087937434, 9.207912705903414, 9.35020645170577, 9.2828415765913]]
FCE:[[6.2501031494336114, 0.33764609428905284, 0.20343330510376267, 0.12700813401348574, 0.08964634722805571, 0.07084866322355908], [7.695840391905379, 1.3731257173136704, 0.46098466168160807, 0.2315150468713975, 0.14363683021021686, 0.09926325640351366], [0.5176906553069218, 0.21176757312330574, 0.15228760405468186, 0.0887036101719397, 0.06061768104207155, 0.043616348244928514]]
