Ri:[50, 100, 150, 200]
Zi:[100, 200, 300, 400, 510]
FC:[[3.920484709750188, 3.9947888208091715, 4.0084809910857135, 4.047259364135752, 4.070225586440686], [3.93486617524579, 3.9877139749861805, 4.025126056455675, 4.0550150874150654, 4.089775274963161], [4.107796058641498, 4.14508756969617, 4.172875723166596, 4.206093479900369, 4.2379344714538245], [4.719935507563684, 4.797588252093705, 4.839918184598392, 4.876457901620969, 4.8972511941174295]]
FCE:[[0.04173745467205171, 0.029320665733635946, 0.02293057842711793, 0.01989332813793921, 0.017470064554145657], [0.02100802987875293, 0.014562547281768465, 0.011512541318159313, 0.009930194403482348, 0.00878775348716626], [0.01452618281601569, 0.009969966075629468, 0.008066688930337183, 0.006966582633467203, 0.005979696188170875], [0.013359593707547976, 0.009085725341475332, 0.007359244947162167, 0.006352928124368946, 0.005606874904527748]]
fps.ts:[1605542808.31192, 1605546155.19776, 1605549502.0836, 1605552848.96944, 1605556195.85528, 1605559542.74112, 1605562889.62696, 1605566236.5128002, 1605569583.3986402, 1605572930.28448, 1605576277.17032, 1605579624.0561602, 1605582970.9420002, 1605586317.82784, 1605589664.7136803, 1605593011.5995202, 1605596358.4853601, 1605599705.3712, 1605603052.2570403, 1605606399.1428802, 1605609746.0287204, 1605613092.9145603, 1605616439.8004003, 1605619786.6862402, 1605623133.5720804]
fps.e0:[9938.659115780161, 9944.501629950244, 9953.568211080816, 9962.30877148895, 9969.288324396723, 9942.569720522833, 9941.112314120917, 9969.89191600953, 9932.758177471147, 9955.490836625058, 9955.280512094021, 9930.151213875788, 9959.62036085077, 9980.554634855032, 9948.023735009561, 9927.31622673319, 9931.363305407735, 9956.723072772642, 9963.064920751714, 9971.18090808083, 9941.622491317612, 9975.480994885975, 9960.374975407776, 9935.796258148828, 9960.915203318335]
fps.e0u:[18.55218302335668, 18.340178846791925, 18.35503527174016, 18.420149017390344, 18.279025292460783, 18.38730524689124, 18.58481200799061, 18.55339883900047, 18.438409140175075, 18.517042999606826, 18.335582644944797, 18.315643122011963, 18.52972321514338, 18.617938306662754, 18.581661836114694, 18.56027072022105, 18.7367328530244, 18.556938992463664, 18.608111972877747, 18.233998674942626, 18.6885056836437, 18.535357627472667, 18.51713171261737, 18.462610398407968, 18.448548459848706]
fps.lt:[17062.80075425008, 16022.644849997589, 15262.156340018122, 15253.555217668278, 14425.796212575387, 16435.49931907717, 16288.05490194717, 13818.00456227298, 17976.36860341794, 16451.826063728804, 15412.226491198446, 19042.506724302486, 14385.284004649264, 14032.57944087559, 15210.497226416794, 17917.864166703414, 17860.894052014144, 15279.243969119987, 15149.12689460092, 15069.023196796432, 16182.853305690804, 14696.441781306832, 16120.556376867962, 17147.214570972326, 15711.206138875634]
fps.ltu:[1624.867142105013, 1422.2091600332546, 1290.8009983065542, 1287.2777795053967, 1147.6063398625465, 1490.4691745879131, 1492.8494183159653, 1077.3249219635184, 1793.245016319444, 1502.2181217248763, 1316.3608269892477, 1998.2491684609122, 1152.0216841584345, 1111.2362256741058, 1296.3463324910574, 1798.411835412641, 1798.5951615823344, 1305.6888791527106, 1292.1917338622582, 1259.9817720847877, 1472.9761529479526, 1214.1491846459253, 1447.9376859014326, 1641.7908880807627, 1371.2387961561885]
fps.c2:[0.8963039985310155, 1.1190141783412648, 0.782725876263759, 1.5213984473820124, 1.4762380614887822, 1.8197132441121877, 0.7492092383085318, 1.2654394333029635, 1.3770284130966348, 1.9053015192891192, 3.2605681603826557, 0.9736066607194618, 1.1287423731588508, 1.5791531129512295, 1.3865288465595484, 2.183463845420304, 1.5112616067265991, 1.4985272369630824, 0.7021110672646306, 1.8870162950933083, 2.0911613421543245, 2.0198068297375125, 1.5665721580614222, 2.0852521138738167, 2.1285037159352056]
