Ri:[100, 130, 160]
Zi:[50, 100, 200, 300, 400, 500]
fps.ts:[1700.6793000030518, 5102.037900009155, 8503.396500015258, 11904.755100021363, 15306.113700027465, 18707.47230003357, 22108.830900039673, 25510.189500045777, 28911.54810005188, 32312.90670005798, 35714.265300064086, 39115.62390007019, 42516.982500076294, 45918.3411000824, 49319.6997000885, 52721.058300094606, 56122.41690010071, 59523.775500106814, 62925.13410011292, 66326.49270011902, 69727.85130012513, 73129.20990013122, 76530.56850013733, 79931.92710014342, 83333.28570014954]
fps.e0:[11036.837444394174, 11051.61929521444, 11054.512973483697, 11003.662349630207, 10998.679401903457, 11019.04793739312, 11023.559774745536, 10955.564076190407, 11085.624616753927, 11024.710339860803, 11059.1026764066, 10989.855349896485, 11050.028908234688, 10990.907091290252, 11001.135073983014, 11068.9225838387, 10990.584222600375, 11038.51798062749, 11054.053926544982, 11021.364196290171, 11035.948283186804, 11029.158064814694, 11055.013910555852, 11013.208234244428, 11055.510840563347]
fps.e0u:[26.823594108818316, 27.628382673931853, 27.7333731450476, 27.484850523912908, 28.065329417517216, 27.732050013182537, 27.50569979827214, 28.034451244917232, 27.427618420773644, 27.449014849162833, 27.994374448241, 28.770825274490182, 28.11209038123707, 27.924989340866702, 27.93951942554824, 27.707148368403477, 28.058985580131456, 27.71300172474559, 27.892834119085265, 27.78899063941474, 28.460401935928665, 28.245349729188064, 27.753931112963503, 27.522008229180024, 28.626254289100295]
fps.lt:[13110.922224535349, 12809.76532139311, 13444.780713318145, 16350.126890227837, 15557.141505517517, 14363.512315828037, 14538.945916661818, 19495.616879976817, 11552.838002467797, 14055.468448111873, 12313.17410197428, 16112.29193854379, 12707.66405534012, 16855.804069635527, 17232.605444133806, 12162.504607966397, 15840.281628746296, 14370.184800331575, 12736.403065984226, 14029.030399721403, 12764.407200561162, 14041.332350201212, 14070.255085382574, 14523.275147051583, 14000.215843482996]
fps.ltu:[1295.7713764206007, 1248.9258847942037, 1376.6139211805048, 2008.0518295080572, 1890.929540754123, 1566.6604640824964, 1613.764286955581, 2931.245280632478, 1019.5666326182183, 1495.105564620239, 1169.8985882984389, 2061.7327219456192, 1244.334565884053, 2208.54189710014, 2288.7227461694, 1126.2329395287954, 1952.720007563616, 1577.0896519260727, 1252.9340867808457, 1516.604466989965, 1272.6524253817736, 1514.0567218877434, 1513.1764332117605, 1606.0991842228505, 1521.7671548026578]
fps.c2:[1.1131939497155614, 0.5327261833655375, 0.7636513464227354, 0.46244214527284366, 1.2573580857878892, 0.4798910790800266, 0.7645527460203075, 0.6813875949354888, 1.5169922632449935, 0.7423501130512153, 1.5508825271824105, 1.3538113894723731, 0.7763674321312833, 1.826453087345121, 0.9562049180853525, 0.8785522498327292, 0.33606828345821166, 0.7903928383082395, 0.8405227909504946, 0.8961017621457535, 1.265654746765806, 1.4152307151719197, 0.9651788041801275, 0.7371645919344962, 0.7567916141549603]
FC:[[4.352333376866553, 4.377715426733889, 4.382575451506473, 4.3066272637812375, 4.319693305549953, 4.341430448044058], [4.561413797846856, 4.647887448713785, 4.70853696326193, 4.705916988266389, 4.740379448796475, 4.759251949694006], [5.157659167741631, 5.216650436021669, 5.364520185366985, 5.3492480757979, 5.416975359310649, 5.4449216460958825]]
FCE:[[0.08828581335210374, 0.057066826564633175, 0.03752568221489575, 0.02901836819157679, 0.024500856013721675, 0.021453963786669836], [0.06630256618245987, 0.043109068469919874, 0.028804101736880285, 0.02269169621762473, 0.01927062258545478, 0.016930116587725152], [0.06317988311542917, 0.040481453320909876, 0.027362104555768017, 0.021487901999732197, 0.018390794581907597, 0.01625325717332643]]
