Ri:[100, 130, 160]
Zi:[50, 100, 200, 300, 400, 500]
fps.ts:[1766.1418400001526, 5298.425520000457, 8830.709200000761, 12362.992880001068, 15895.276560001374, 19427.56024000168, 22959.843920001982, 26492.127600002288, 30024.411280002594, 33556.694960002904, 37088.9786400032, 40621.26232000351, 44153.546000003815, 47685.82968000411, 51218.11336000443, 54750.397040004726, 58282.68072000504, 61814.96440000534, 65347.248080005644, 68879.53176000595, 72411.81544000626, 75944.09912000656, 79476.38280000686, 83008.66648000717, 86540.95016000747]
fps.e0:[10305.180839706556, 10326.809247981633, 10375.773345991274, 10364.815488015378, 10434.780508005362, 10437.239914919463, 10496.003140740559, 10477.093711634981, 10489.627584220367, 10513.538808906742, 10526.688570204735, 10541.021014086495, 10577.258482018384, 10601.922569465774, 10583.4938722959, 10599.338331964102, 10588.393556411389, 10637.066067374311, 10628.201126508275, 10646.615116143363, 10671.80192264554, 10687.69767061235, 10667.21382789961, 10665.331250196112, 10708.89534001405]
fps.e0u:[11.838262511786287, 11.991829533751352, 11.919317973696565, 12.070398661940505, 11.875061744183348, 11.853768371106229, 11.971680351762465, 11.807153992549965, 11.887609491388366, 11.961750529840025, 11.909534376123792, 11.957446065766757, 11.868923364859011, 11.856018153546772, 11.91290161085577, 11.976767041322676, 11.97066459330577, 11.978320066590825, 11.95880548134576, 12.000507012940501, 11.920370691273334, 11.927870882952565, 11.92283421569739, 12.015889249099844, 11.995796216235322]
fps.lt:[10197.183805813043, 10750.672000220353, 10409.76037363028, 11774.545690256164, 10375.868927187752, 11176.528318094273, 10326.93529253832, 10641.265781242051, 10949.038093025758, 10835.695239154395, 10628.747223730883, 10819.114774903901, 10721.692759772677, 10288.414255374635, 10616.70869538807, 10460.331121903178, 11316.687145209748, 10290.02800877086, 10645.722386181536, 10484.044582095059, 10172.086517918264, 10089.451631453827, 10955.239656466136, 11250.965502464058, 10172.151687377247]
fps.ltu:[354.74132654888723, 397.121523764529, 368.88766574453354, 475.9649216582837, 364.10529914429895, 421.66026387503325, 365.81481607765426, 382.13023619699067, 404.4107296633657, 398.6826432457212, 383.29614651742963, 396.82601928873004, 387.27933519407406, 355.5602971763481, 381.00558084424483, 369.85142909325936, 431.9098005224614, 356.84189063468904, 383.53683103036343, 369.2665937161294, 347.3743652763135, 342.4138751411598, 403.1019449125253, 425.1953504567614, 348.05434381812074]
fps.c2:[2.2145373493440283, 1.5683044965535093, 1.8039915647012883, 1.427484344303811, 1.5960353901754742, 1.2080339556704098, 1.312985708707637, 2.000179148030553, 1.1069540200241546, 2.007867626898955, 1.5261702576494196, 0.7414530825775301, 2.459017362040845, 1.9346086756771197, 1.6099668730953192, 1.2473772677922819, 0.7050091648609178, 2.9190338835502443, 0.6757314633068998, 1.368624922446658, 1.901913302261001, 0.6778961980163973, 1.6457379774007441, 1.6870683430576052, 1.995201908213743]
FC:[[4.646838436193609, 4.68005355303775, 4.673950044847705, 4.693426831511056, 4.731571388701651, 4.772377746015074], [4.646528716175032, 4.680502540508008, 4.70266813579518, 4.715069752268795, 4.756234380601093, 4.7970416895250105], [4.758706116027848, 4.784260320143512, 4.8111884328843, 4.827458048730207, 4.864985050070686, 4.90093368338819]]
FCE:[[0.03456672490577794, 0.020303465043141948, 0.013152508563646295, 0.010245548520591667, 0.008681812737079004, 0.007663597341719146], [0.026738862617485395, 0.015548727953295427, 0.010133673706554746, 0.007878677439652045, 0.00669224739737377, 0.005927580747535818], [0.022081801492562957, 0.01302177006666458, 0.00847028042355071, 0.0066142090428048285, 0.005627800211064834, 0.004986406569859739]]
