Ri:[50, 100, 150, 200]
Zi:[100, 200, 300, 400, 510]
FC:[[3.9869092195624454, 4.017972787631192, 4.050847979852022, 4.080963091230607, 4.118297205639948], [4.038847908577347, 4.070676239533556, 4.101025268100419, 4.13450292211992, 4.172832716310636], [4.1842834309089785, 4.213897702565945, 4.255067279420119, 4.284987499019863, 4.326545260690084], [4.822568996413199, 4.874663132736052, 4.939443623056212, 4.968202795164242, 4.994225626194584]]
FCE:[[0.03617514562043819, 0.025098947680273567, 0.019823498777717212, 0.01727595532075394, 0.015309355241953164], [0.01891260487444014, 0.012493429474638352, 0.010097878395065485, 0.008513870604837801, 0.007562735134191676], [0.012567999612453779, 0.00852016631403458, 0.006917556207894054, 0.005965986083316572, 0.005305589292734336], [0.011829354884172272, 0.00797564306831178, 0.00641208789441176, 0.005532951246674584, 0.004893922226940032]]
