Ri:[100, 130, 160]
Zi:[50, 100, 200, 300, 400, 500]
fps.ts:[1780.7037200021744, 5342.111160006523, 8903.518600010872, 12464.92604001522, 16026.33348001957, 19587.74092002392, 23149.148360028266, 26710.555800032613, 30271.963240036966, 33833.37068004131, 37394.77812004566, 40956.18556005001, 44517.59300005436, 48079.000440058706, 51640.40788006305, 55201.815320067406, 58763.22276007175, 62324.630200076106, 65886.03764008045, 69447.4450800848, 73008.85252008915, 76570.25996009349, 80131.66740009785, 83693.0748401022, 87254.48228010655]
fps.e0:[10840.814767969887, 10831.599218984467, 10830.704099737373, 10828.544781670154, 10821.155594164446, 10838.533943022754, 10823.640358376322, 10830.770947879722, 10830.539411633592, 10835.947220413347, 10819.820607515003, 10822.771029806709, 10851.85008410505, 10845.923885274156, 10848.129271421743, 10835.249135271984, 10828.961675650391, 10859.306691920208, 10850.813061716222, 10817.686739851695, 10832.920715586166, 10872.999751347841, 10819.83322528757, 10849.754960812685, 10827.809875440542]
fps.e0u:[14.080944202143135, 14.418425612224361, 14.348904688745288, 14.288420790313424, 14.238482919493753, 14.19943469159515, 14.269569385249865, 14.187895031408637, 14.316605555865538, 14.097639191061253, 14.325804839481208, 14.422037112616236, 14.057410013746583, 14.37890259463351, 14.172943929116398, 14.35519286589795, 14.249503436835345, 14.050655279959209, 14.146718755984955, 14.2905468016162, 14.332498645567636, 14.123176522278042, 14.45755743695626, 14.190792998485337, 14.22907309469249]
fps.lt:[11661.513821154025, 11344.603454191029, 11712.07375662438, 11859.133935896858, 12112.756488071447, 11801.093471289192, 11952.485940136, 11641.718102159772, 11267.112834836526, 11834.652055449855, 11984.057427093512, 12235.010327447491, 11038.937626675095, 11203.285733257768, 11327.117624219089, 10975.17657164072, 11658.564118346969, 11495.154011279197, 11350.648768941888, 12223.843628382743, 11943.848428744292, 10305.733247026863, 12631.038831086367, 11431.65509952047, 11678.404475265432]
fps.ltu:[528.9246155239175, 512.6800938784971, 544.7990593090695, 555.7428239843091, 578.1595869456503, 548.4583021751741, 568.4472225955069, 533.2215690848958, 503.4758219036041, 548.1023590151062, 570.9751674319238, 595.976685159637, 475.56955097474963, 498.65344599062746, 505.81659192234906, 478.556491351462, 538.2974630028361, 514.907918807101, 505.7055468298257, 592.7673324195267, 570.1939742575062, 419.2056862392262, 637.3404568959677, 511.9971998295553, 540.5307050162219]
fps.c2:[1.8168342080516546, 1.1093663904244562, 1.7045013457698563, 1.2249775315677138, 1.7358989457423446, 1.7343310207066434, 1.4006274494236544, 1.979284104946927, 1.1074362826805006, 1.0610355426532119, 0.8657251362769508, 0.8787953943843296, 0.9617646030331849, 1.3538488993044053, 1.8076069164954949, 2.6142293150889206, 0.7965324957368259, 1.0272491490048001, 1.1816465205461448, 1.4981605379172722, 1.3635727144926564, 1.8381444815353762, 1.0691230458931875, 1.7000485948499886, 1.2369568806145188]
FC:[[3.898653016911411, 3.8973505664220247, 3.886021503564869, 3.9110013536715402, 3.932307380095771, 3.9629427115328], [3.914822677128274, 3.9205417539156997, 3.9195550292744348, 3.943109731218251, 3.9733844643697585, 4.004002440778646], [4.018608994959442, 4.036405247059704, 4.052005866589024, 4.076793876204929, 4.108022020672701, 4.138303717051608]]
FCE:[[0.03312406941066306, 0.02007780318555543, 0.013112700040678634, 0.010365260995200007, 0.008735613137544982, 0.007727027203745073], [0.025306747754334148, 0.015385073267226526, 0.010077779477861606, 0.007970577358451969, 0.006771183352109242, 0.006002700665493317], [0.021423566449977727, 0.013065220588375783, 0.008570894485538025, 0.006624746426350987, 0.005513882410244958, 0.0048916596948507165]]
