Ri:[50, 100, 150, 200]
Zi:[100, 200, 300, 400, 510]
FC:[[4.0200764290420095, 4.017764820435875, 4.021088123969977, 4.043526298300599, 4.065128208833055], [4.037180707482388, 4.039130671011165, 4.050394303782393, 4.076021666469145, 4.101565482360162], [4.169763088056769, 4.181753668693916, 4.20412252436724, 4.230424621297364, 4.256301073299275], [4.805011684650853, 4.8315470347485, 4.869226000841751, 4.895673211831356, 4.915201475480603]]
FCE:[[0.04411197614576015, 0.02994260211871932, 0.024140255942889592, 0.02088574288637798, 0.01784690565322867], [0.021161900210271534, 0.014269806507824804, 0.011459951659687141, 0.009912268419405032, 0.008760197174271352], [0.014726678512026524, 0.009984779625221917, 0.00802939595624301, 0.006942664766595232, 0.006142863368699639], [0.013618980469985548, 0.009235013827842344, 0.007463168011501242, 0.006441002127563982, 0.005694471493704471]]
fps.ts:[1617274089.9302201, 1617277554.6626601, 1617281019.3951, 1617284484.12754, 1617287948.85998, 1617291413.59242, 1617294878.32486, 1617298343.0573, 1617301807.78974, 1617305272.52218, 1617308737.25462, 1617312201.98706, 1617315666.7195, 1617319131.4519403, 1617322596.1843803, 1617326060.9168203, 1617329525.6492603, 1617332990.3817003, 1617336455.1141403, 1617339919.8465803, 1617343384.5790203, 1617346849.3114603, 1617350314.0439003, 1617353778.7763402, 1617357243.5087802]
fps.e0:[10701.684658648455, 10670.629749952663, 10687.953923353833, 10675.163216210243, 10646.34512722697, 10676.38098201859, 10652.236782269392, 10663.539593986749, 10711.848198086598, 10671.268330205918, 10655.85934456475, 10685.898345851023, 10659.361883528272, 10676.26520831303, 10680.480990312202, 10708.190904680072, 10657.424324376881, 10669.32366171762, 10675.82257714552, 10711.832227703979, 10689.140143137669, 10684.689753347939, 10696.402142520863, 10706.344696546352, 10648.222866663027]
fps.e0u:[19.900262596416244, 19.76357929270216, 19.53163903730749, 19.95982544886439, 19.85500361626509, 19.793201573897903, 19.70152891778733, 19.97454008239485, 19.987043097273506, 19.792902610076602, 19.891298908661387, 20.041725099588042, 20.157578621770426, 19.850162831919494, 19.79657173149771, 19.837165929163156, 19.930277087948426, 20.222655257554838, 19.87500123257468, 20.009609998267486, 19.922400205588264, 19.91329166403827, 20.129475200775946, 20.023787603856505, 19.97685794268106]
fps.lt:[16797.21904017124, 19418.334838793555, 17018.725202278216, 19848.110790259554, 22906.689678628136, 18268.27539543823, 21745.733511096678, 20119.20796405673, 16166.11185174052, 22202.121635766583, 24011.632293865012, 17890.78968611719, 19691.147113757735, 19548.933752401943, 20475.61777405943, 17224.87718766725, 21615.943632991657, 19738.60309227562, 18391.344153379585, 16367.505398708325, 16756.432724340186, 18509.48934140595, 16654.130793827768, 17695.610572822843, 22712.550593867858]
fps.ltu:[1584.6486089562684, 2117.4463393693254, 1606.897945878793, 2218.382498322338, 2933.6914731048055, 1876.2270580336296, 2631.669804402392, 2275.3496151207546, 1472.702015313728, 2755.6976002937568, 3219.2945379876405, 1795.622610785899, 2202.849230165611, 2129.335719180119, 2348.092290444147, 1662.8604160198704, 2635.5179431125794, 2227.0016710075265, 1901.9577224264974, 1509.611521170152, 1582.8447065258008, 1909.0640898559072, 1570.4068165958715, 1758.085376494839, 2907.461646776354]
fps.c2:[1.721888485000343, 1.6303441536458871, 1.3040729077030238, 0.8963804726746175, 0.803619910364689, 0.488337160198738, 1.6945604636095628, 1.8959932007156541, 0.8831903075131605, 1.9275590713611652, 1.2620311253246483, 1.2601728055055261, 1.3208649080034631, 2.640723598832811, 1.0881317328954805, 1.2133062497519602, 1.0834393952913752, 1.6642369710510674, 1.5903348588964736, 0.33039919129284967, 1.6160183544983984, 2.0277602341984995, 1.6361909926622895, 0.6981728454189674, 1.2322001554289235]
