Ri:[50, 100, 150, 200]
Zi:[100, 200, 300, 400, 510]
FC:[[3.9386725322663794, 3.944250831066269, 3.9758051521727342, 4.005263315896438, 4.040655606188823], [4.004471861881745, 4.012921301570401, 4.035657385260789, 4.055476517362306, 4.091416454097086], [4.126157194059605, 4.146466342498913, 4.169163261626168, 4.1916076907745445, 4.230540275064317], [4.713977973176559, 4.751179370749073, 4.786576411053464, 4.833502060168835, 4.862877887009012]]
FCE:[[0.04204531087665661, 0.02864362922875852, 0.02371966822523613, 0.02058613251394451, 0.018395923720485374], [0.02193679699262892, 0.014965648599477332, 0.012186685882869197, 0.010150144373534, 0.00903119901659398], [0.01501289204110274, 0.010208468050888164, 0.008265030387557009, 0.006900923645619033, 0.006134226343093197], [0.013723850137874168, 0.009343734155970854, 0.007570251926030278, 0.006474809329891845, 0.005733204411717291]]
fps.ts:[1606495109.3221798, 1606498545.47854, 1606501981.6349, 1606505417.79126, 1606508853.94762, 1606512290.10398, 1606515726.2603402, 1606519162.4167001, 1606522598.57306, 1606526034.7294202, 1606529470.88578, 1606532907.04214, 1606536343.1985002, 1606539779.3548603, 1606543215.5112202, 1606546651.6675801, 1606550087.8239403, 1606553523.9803002, 1606556960.13666, 1606560396.2930202, 1606563832.4493804, 1606567268.6057403, 1606570704.7621002, 1606574140.9184604, 1606577577.0748205]
fps.e0:[9960.548686632676, 9962.482765644721, 9996.31776797131, 9978.383205098331, 9975.31079838513, 9988.220579753552, 10007.62020220611, 9976.117758817469, 10033.987661443429, 9965.971886066825, 9968.815200820141, 9993.365440457925, 9967.24530825316, 9966.158910290496, 10000.050455071469, 10005.62865684372, 9972.986939576349, 9987.587311786383, 9990.427440508638, 10031.922526976727, 9968.624934562216, 9965.590096089909, 10006.192084023538, 9988.731556091167, 10001.905012049103]
fps.e0u:[19.016417376686913, 19.052066018536657, 18.884752083409573, 19.031444244638756, 19.349098630758217, 18.87225638289985, 19.171584699269488, 18.997616619517988, 19.091354885922627, 18.900259118004467, 18.89643525957674, 19.054147082735497, 19.109006656317263, 19.1469405554592, 18.907510940568184, 19.09499310834053, 18.78978388196799, 19.03804750572276, 19.139890252710213, 18.89552111083087, 19.10499595896728, 18.79453838948031, 18.761619362678474, 19.095330401849843, 18.908109003253397]
fps.lt:[16808.978085288047, 16657.86170886493, 15180.42991012258, 14958.704616297762, 17619.076434789014, 15838.795281133864, 15148.397230730603, 16622.74751647085, 13185.892086530748, 17296.69151579029, 18090.23867274037, 16165.774279687254, 16854.563585789583, 16438.761285010132, 14641.948577542962, 13961.09190911242, 15621.263560803667, 15984.809796653873, 14877.847445166619, 13033.955029375733, 16820.260490933022, 17236.43759641501, 15276.70408173241, 16663.823452569315, 15286.843331794465]
fps.ltu:[1623.2396530664912, 1600.1043849797147, 1310.760215271825, 1286.99497938342, 1785.3904197132288, 1438.800422337231, 1318.1922862396934, 1574.370998843442, 1000.5932572941642, 1710.224544273838, 1845.9182557425618, 1500.8925997221609, 1622.945917342952, 1568.1290878878795, 1217.11841972398, 1115.3892396054462, 1396.7167161054647, 1460.3139148113376, 1277.3552694040893, 967.3163184040303, 1619.4281996604461, 1684.685755719027, 1322.6782498443938, 1596.9772264435326, 1330.9669407599017]
fps.c2:[1.0219031275516974, 0.8211859478445233, 1.242162347659317, 0.6847176187951883, 1.4832719008628297, 1.4494022359826269, 1.2718414740622765, 1.1611317918560908, 1.0112117414761421, 1.0714385421486545, 1.078914053192847, 1.1843701792830368, 1.0031008423864043, 0.8946142803159675, 0.8263940143793748, 1.3156386323772358, 0.4604912368464147, 1.4382819560669378, 1.0979194372662868, 1.8448283729627533, 1.1810271761915219, 1.5277956095509293, 1.4916983120122902, 1.2416200909482253, 1.3682860195371433]
