Ri:[50, 100, 150, 200]
Zi:[100, 200, 300, 400, 510]
FC:[[3.988569710195162, 3.9817642467292567, 3.989720267346298, 4.014185004039854, 4.023540374591726], [3.9863911521152002, 4.000470130661956, 4.0089813466748385, 4.039516904645056, 4.058629348440835], [4.092813693548717, 4.120178472691312, 4.14352916645555, 4.173734056243857, 4.202073305765677], [4.738905555606307, 4.776872554846185, 4.804843309095411, 4.828682932932777, 4.843650654817654]]
FCE:[[0.029789849651027125, 0.020493901357744836, 0.016618380873376765, 0.014375991284703935, 0.012688708716917808], [0.015322962332211355, 0.010405977605335777, 0.00839140257238718, 0.0072610147631760455, 0.006421213305890422], [0.01063999935223226, 0.007284802907514371, 0.00589223627352848, 0.005098378525971865, 0.004400344814306278], [0.009722237175756855, 0.006645004474209888, 0.005373872618319638, 0.004637722716807209, 0.004100430459401525]]
fps.ts:[1612645900.80872, 1612649403.6781602, 1612652906.5476, 1612656409.41704, 1612659912.2864802, 1612663415.15592, 1612666918.02536, 1612670420.8948002, 1612673923.7642403, 1612677426.63368, 1612680929.5031202, 1612684432.3725603, 1612687935.242, 1612691438.1114402, 1612694940.9808803, 1612698443.8503203, 1612701946.7197604, 1612705449.5892003, 1612708952.4586403, 1612712455.3280802, 1612715958.1975203, 1612719461.0669603, 1612722963.9364004, 1612726466.8058405, 1612729969.6752803]
fps.e0:[10855.16495987407, 10862.086742725594, 10845.650979683076, 10858.572072714183, 10834.44047740041, 10877.109278006184, 10835.781167929734, 10856.798680541611, 10846.490816919342, 10883.72305029726, 10865.386616232598, 10858.9743075909, 10821.979685455231, 10843.960414536843, 10850.54198805297, 10838.91477661656, 10840.909642716344, 10881.410097558391, 10858.000771134439, 10848.702557452103, 10811.526530710828, 10849.422859587323, 10827.005474836265, 10838.878204389926, 10850.911621208006]
fps.e0u:[14.52365591280691, 14.661028920042495, 14.83059261760078, 14.573221186331601, 14.65347723069119, 14.624218589377836, 14.828337320225287, 14.848827611226405, 14.748865986762894, 14.623060804173353, 14.632691579865705, 14.8261366305271, 14.814948750095999, 14.770004462764614, 14.688064974756019, 14.806163690152028, 14.706173729799797, 14.633487730748548, 14.757170461745067, 14.853800322109798, 14.813014872894353, 14.682651837365192, 14.580527912540937, 14.889682102008543, 14.849791152088905]
fps.lt:[16555.058943518467, 15822.127019562116, 16533.072077646128, 16001.410809738747, 18427.0467221578, 16166.639014774333, 16990.295676033442, 16385.078186192703, 16982.52746773614, 14614.530874356024, 15621.725294829412, 15902.384437198372, 18283.334329037032, 17381.111081991097, 17235.608468995302, 17279.67352137755, 16905.959000715255, 14264.064053434662, 16133.439167790031, 17062.242928906373, 19617.939974322155, 15981.26648987469, 18365.81101857483, 17541.365653693232, 16755.15140385056]
fps.ltu:[1107.160162132268, 1022.0313820359231, 1122.3110224294765, 1042.061032407626, 1381.7789059865959, 1064.341627005683, 1189.370105613741, 1107.5324435626662, 1183.2609034582879, 870.4362192335424, 999.3624366758685, 1043.2715333955143, 1373.717808517451, 1233.0616446663735, 1208.8049361967617, 1232.5429155300014, 1169.4074438235791, 826.5714249612555, 1066.7126597375623, 1204.6135959246708, 1571.8801657772613, 1044.2210386619986, 1372.7863690907266, 1270.6138150818674, 1155.7373086125206]
fps.c2:[1.991142720166584, 0.97279466695457, 1.2377526972019977, 0.8135082624447953, 1.2705611944305584, 0.8647796165513816, 0.9370652664671547, 1.5637071844058505, 1.0236805871506738, 1.6188416825676606, 1.5294149104568908, 1.5426889726285298, 2.104282834071831, 1.450026175133729, 2.0700861475174905, 1.9003383352805479, 2.3205047896197226, 1.591936324024574, 1.4646273816794846, 1.7322904688779133, 1.0604123068489937, 1.5875004518199023, 1.0444740138881043, 0.7539425907766907, 2.6664332067822745]
