Ri:[100, 130, 160]
Zi:[50, 100, 200, 300, 400, 500]
fps.ts:[1894.66773999691, 5684.00321999073, 9473.33869998455, 13262.67417997837, 17052.00965997219, 20841.34513996601, 24630.68061995983, 28420.016099953653, 32209.35157994747, 35998.687059941294, 39788.02253993511, 43577.35801992893, 47366.69349992275, 51156.02897991658, 54945.36445991039, 58734.69993990421, 62524.035419898035, 66313.37089989186, 70102.70637988567, 73892.0418598795, 77681.37733987332, 81470.71281986713, 85260.04829986097, 89049.38377985478, 92838.71925984859]
fps.e0:[10484.04796231963, 10547.196904353443, 10572.579531910103, 10560.871883763946, 10589.318229540353, 10630.506277806327, 10631.011729863632, 10646.022264374327, 10691.784065235068, 10675.74075039618, 10676.618192396192, 10693.672815477119, 10708.768821859398, 10738.352015618077, 10738.379645434978, 10722.845408769965, 10747.325379594871, 10753.910626928217, 10766.474548732958, 10762.788324337145, 10767.987390323753, 10793.318362785581, 10793.451391971457, 10783.3540088518, 10778.2718952283]
fps.e0u:[13.19101607924269, 13.236445690540897, 13.11452904509179, 13.164329077212042, 13.137995557230608, 13.319305611004559, 13.408678956862325, 13.25380561972056, 13.273996929239914, 13.459348114234736, 13.336118214487364, 13.384634838427072, 13.192341436602215, 13.28968393309497, 13.34337544200415, 13.469330221532346, 13.350420464335638, 13.34350279763769, 13.341335574042677, 13.423758312990948, 13.371403119972312, 13.441120833383223, 13.419582539697634, 13.412342841289096, 13.579592726873518]
fps.lt:[13337.4096594568, 12129.992281179862, 11958.53357649969, 13057.694165695573, 12949.76308718092, 11969.572307344006, 12481.602307451343, 12233.612462815969, 11605.699643519416, 12504.707305126052, 12831.243352966794, 12796.78078653016, 12456.175461146939, 12283.693025269733, 12248.5160293608, 13519.884757308742, 12793.906427245793, 12905.214397412818, 12592.777834206634, 12728.101371793382, 13559.570178507254, 12869.052370549514, 12200.40224952576, 12757.230502546197, 13231.737197090726]
fps.ltu:[665.9840663209603, 551.7091058730355, 529.1906544390041, 637.7889380902462, 621.2845558937859, 539.2338082068626, 592.834208348044, 558.728538022744, 505.28137383064404, 587.8035715149329, 616.9014477236763, 615.1547096166257, 578.1282144920896, 561.1450116179259, 563.0664004611017, 685.7995311161521, 611.3051794129553, 620.2820659129732, 591.3038736750888, 608.765107029225, 685.8237601427752, 619.0069187944031, 557.6426230057734, 607.1073141345933, 659.8064332863593]
fps.c2:[1.532789726464191, 1.1823013032323384, 0.9802636315491673, 0.4510635300653875, 1.2569460451430647, 1.4476733807166222, 1.9425716172045218, 1.6944862371196874, 2.1567235684347374, 2.1756273275541176, 0.9074090498343826, 1.1837681728967384, 0.9291056693186885, 1.4548184738436107, 2.0035197698666596, 1.744866114317489, 1.8350157046369093, 0.9321481752119571, 0.8182656681682801, 1.581866671148427, 1.9943038155785122, 1.3395421949902722, 1.7692246776629215, 1.1666032164823827, 2.1583529789576357]
FC:[[4.414433626156633, 4.389755595582775, 4.393163445151847, 4.409477274782646, 4.4346162747128, 4.461437998897447], [4.416311884619616, 4.405609230687459, 4.416039091398122, 4.442828236898553, 4.468054860108565, 4.494048799767395], [4.505717716173997, 4.501456297936781, 4.521404936790296, 4.546382984305091, 4.57209706354879, 4.599510388839304]]
FCE:[[0.03483017340527327, 0.021115228791473335, 0.013872238890375393, 0.01097271978903355, 0.009310718510294866, 0.008188803520434029], [0.026706843605952945, 0.016213805740842014, 0.010677528191801521, 0.008459672278716326, 0.007168571825529386, 0.006327426470779936], [0.0224727705887138, 0.013651373821735438, 0.008983529164346851, 0.007106037449117959, 0.005895264318518958, 0.0050968840457919565]]
