Ri:[100, 130, 160]
Zi:[50, 100, 200, 300, 400, 500]
fps.ts:[1760.6009399986267, 5281.80281999588, 8803.004699993133, 12324.206579990387, 15845.40845998764, 19366.610339984894, 22887.812219982145, 26409.014099979402, 29930.215979976652, 33451.41785997391, 36972.61973997116, 40493.82161996841, 44015.02349996567, 47536.225379962925, 51057.427259960175, 54578.629139957426, 58099.83101995468, 61621.03289995193, 65142.23477994919, 68663.43665994644, 72184.6385399437, 75705.84041994094, 79227.04229993821, 82748.24417993546, 86269.4460599327]
fps.e0:[10699.044445462141, 10699.064717899964, 10690.597963727514, 10692.377219954018, 10693.140520960536, 10712.234303510657, 10697.955449457888, 10730.651068267642, 10731.846380874991, 10741.779650589426, 10747.986988496432, 10743.28136665835, 10753.751357484958, 10764.133590482203, 10738.484952057306, 10759.38054689149, 10760.500069816319, 10747.070337094394, 10770.802858145347, 10772.418764291564, 10763.320030350584, 10758.598899711571, 10760.35411662767, 10780.186479387348, 10764.428769442615]
fps.e0u:[14.268097878695224, 14.203583545992858, 14.133157554495368, 14.168977800696899, 14.358714797247178, 14.192261391239718, 14.198516545351875, 14.249913577996388, 13.916834540860762, 13.925616081320728, 14.346698336451059, 14.563369876831086, 14.11092597771147, 14.069168170467954, 14.190921966474946, 14.440277723450587, 14.202319446959013, 14.250392940559857, 13.95589417503795, 14.104304292235991, 14.380095289371267, 14.119405580291676, 14.050617178426181, 14.331469065364518, 14.35125716300509]
fps.lt:[10683.748325221004, 11288.166350731588, 12409.729470540284, 11988.82831238509, 12079.562662011065, 11347.053585503272, 12474.526258223284, 11776.527137302453, 11425.189501137202, 11147.552037155458, 10928.994040176647, 11561.346431504793, 10980.456352030613, 10970.89199473643, 12115.836378384378, 11261.731115836406, 11279.005703143552, 11840.99441092924, 11052.262518780712, 11414.732237390552, 11589.980655852098, 11465.455330136667, 12012.299033306283, 11266.59706617486, 11358.605602838255]
fps.ltu:[456.1548533789307, 505.44784694896543, 609.8379305669272, 569.7261786856689, 587.8833608983327, 513.0820038234932, 619.0953704770704, 553.2174977023559, 510.5149738170393, 485.8926835749327, 476.97510325410025, 545.6653662478492, 479.10537826240835, 475.7481913049928, 583.9549250615815, 508.29642844238845, 502.6467185314334, 558.2900734083872, 477.2692001376813, 512.3583131568428, 535.309450865127, 518.5663432660608, 567.0181700772102, 507.46215958938507, 515.1445596516505]
fps.c2:[1.6688232574546136, 1.4244996663728247, 2.0645036536086314, 1.2359588675749835, 0.8000092859158004, 1.3492673562319082, 0.6232732676095842, 1.2874745516952295, 1.4472641607037704, 0.6529134096698372, 0.8545039323444334, 1.3529347376498644, 0.8198897902570579, 1.3171396130962014, 1.5035043484938744, 0.9555539330068809, 1.1302394567721281, 1.0243391999109377, 2.3995044199606315, 1.410110091160568, 1.1627015913867327, 1.1850825215961578, 1.499063554665721, 1.0039128071113945, 1.1376042439117415]
FC:[[3.9375792051531198, 3.9248107937883163, 3.9416591627868693, 3.9570775755975935, 3.9795149455581926, 4.003180649993468], [3.969573174984621, 3.9570393106836796, 3.988415457467128, 4.007839144635204, 4.030164870210609, 4.055713603069365], [4.063345348978635, 4.07843649125563, 4.111172281097667, 4.134835744885474, 4.162174951107771, 4.188854984296813]]
FCE:[[0.033469687526776586, 0.020388659368970614, 0.013375710578040833, 0.010511060535430035, 0.008877282523025555, 0.007809851973602927], [0.0263228522199779, 0.01580392696555361, 0.010375844804365042, 0.008154140039964355, 0.006894773509553283, 0.0060932532353986536], [0.022208897489791674, 0.013114128071839664, 0.008586474464421474, 0.006765327757795288, 0.005622603872484852, 0.00496820342274851]]
