Ri:[100, 130, 160]
Zi:[50, 100, 200, 300, 400, 500]
fps.ts:[1229.9028400039672, 3689.708520011902, 6149.514200019836, 8609.319880027771, 11069.125560035704, 13528.93124004364, 15988.736920051573, 18448.542600059507, 20908.348280067443, 23368.153960075375, 25827.95964008331, 28287.765320091246, 30747.571000099182, 33207.37668010711, 35667.182360115046, 38126.98804012298, 40586.79372013092, 43046.59940013885, 45506.40508014678, 47966.21076015472, 50426.01644016265, 52885.82212017059, 55345.627800178525, 57805.43348018646, 60265.2391601944]
fps.e0:[10136.98977846967, 10143.69759204117, 10126.274263864676, 10138.40233319969, 10093.80892518267, 10104.639243417989, 10128.846381273546, 10122.243248090954, 10105.75113812167, 10109.625226717319, 10151.262458692443, 10142.141999647387, 10128.481431243881, 10119.635202524974, 10156.419984337817, 10140.859909196823, 10126.379750245196, 10152.292107945997, 10139.31604407944, 10153.176317487023, 10134.586003126498, 10118.832672063665, 10138.007886314968, 10144.040790965697, 10151.30442397256]
fps.e0u:[19.04305111543155, 18.111085813500313, 18.33530434999294, 18.36945537687662, 18.45941738344019, 19.07209977558265, 18.876170650919764, 18.645921984340557, 18.637964324092998, 18.672542581686827, 18.78943331482571, 18.409581468663436, 18.634791851088178, 18.593046478462007, 18.341680712913863, 18.565125674397052, 18.978195021326787, 18.668930761009452, 18.546576902416962, 18.570778638380897, 18.44260015872361, 18.511217181764984, 18.301622104231384, 18.71277022596786, 19.014425933470044]
fps.lt:[7252.243120089215, 6896.819644418312, 7156.7496814305205, 6966.01739231915, 7794.596202432135, 7211.134816096835, 7128.54271448046, 7184.916894184359, 7335.107940990328, 7502.648962562513, 6817.496978534248, 6797.18822262624, 7079.584482677291, 7299.375627632044, 6697.674628710696, 6892.947221832625, 7059.807796774875, 6961.223381516478, 7167.965552656159, 6933.980806412454, 7060.313887069826, 7469.712352287627, 7186.852253085055, 6847.4947166929505, 6838.104876943619]
fps.ltu:[289.5287011360983, 254.4315987662633, 276.5413883275969, 262.467658355432, 330.7459802061225, 289.57000648201966, 279.65379602874145, 281.01213735712815, 292.73747879305506, 307.6905745479258, 255.162721605186, 248.94221736498798, 272.44576253020307, 289.52392776820557, 241.76601872079604, 256.23173918586474, 276.712393274739, 262.69219195934113, 278.22933862193105, 261.1544943380223, 268.5085324109172, 302.77519547367433, 276.6754528334771, 255.14010356131442, 258.88583225799675]
fps.c2:[1.0316300729669643, 0.8555954615203769, 1.0222145276785048, 1.8952860181801943, 0.9521632824874805, 1.4187489171906107, 1.9520118221718474, 1.6749594038366433, 0.9465369062742219, 2.011984692993809, 2.434780950503969, 0.9022338034425588, 0.8943993430113135, 1.2285001039124683, 1.7254589822133408, 1.3311046340232418, 1.726972869090272, 0.9218861429330575, 1.806825243035051, 1.7642828795630008, 1.979314872740782, 0.9766707678394918, 1.3505985947640606, 1.7259308249882575, 1.155776214598656]
FC:[[4.185404302809591, 4.083829710209215, 4.095805222262827, 4.107703715834676, 4.136650299457371, 4.177625636187547], [4.170426520464747, 4.09927100473771, 4.12263868320183, 4.139997990783164, 4.17938392004991, 4.231394964436114], [4.2606912511985735, 4.207297980709063, 4.241317267802585, 4.266710543660683, 4.313206001997097, 4.361379828701459]]
FCE:[[0.060241857887679016, 0.03185429746401375, 0.019474114457544704, 0.01489670301155433, 0.012428916817212672, 0.010898547901500018], [0.04512745981574558, 0.024087976470104785, 0.014800824013111334, 0.011357420909520464, 0.00954619774850559, 0.008258328556909049], [0.03760573339227803, 0.019605110692916837, 0.012080293801008364, 0.009338441113188984, 0.007879210334773533, 0.006971620494912307]]
