Ri:[100, 130, 160]
Zi:[50, 100, 200, 300, 400, 500]
fps.ts:[1124.4814600038528, 3373.4443800115587, 5622.407300019264, 7871.37022002697, 10120.333140034676, 12369.296060042381, 14618.258980050086, 16867.221900057793, 19116.1848200655, 21365.147740073204, 23614.110660080907, 25863.073580088618, 28112.03650009632, 30360.999420104024, 32609.962340111735, 34858.92526011944, 37107.88818012714, 39356.85110013485, 41605.814020142556, 43854.77694015026, 46103.73986015796, 48352.70278016567, 50601.66570017338, 52850.62862018109, 55099.59154018879]
fps.e0:[10904.085141287263, 10928.85338677046, 10942.53642493136, 10925.092677433295, 10952.090912159276, 10899.823720500675, 10944.918498063878, 10911.323099573885, 10911.64945956441, 10894.488719152416, 10971.077803868619, 10922.704411486635, 10933.471939294157, 10922.90916361619, 10920.796791028226, 10934.310179650833, 10930.499699419888, 10938.135437880277, 10954.288390077128, 10921.67420232526, 10963.188778160584, 10948.547923886617, 10923.936906206776, 10933.59451059125, 10943.319725919924]
fps.e0u:[21.55748281682069, 21.444366114739648, 20.448249161040643, 21.24523621702154, 20.941168109302303, 21.418468912781805, 21.14448537827649, 21.126854569486024, 20.940309305253965, 21.333258169711954, 20.693091974022433, 21.08050867989943, 20.526302911866388, 21.344334598247773, 20.959669384203263, 20.852876675484307, 21.153798652146776, 20.807476866175726, 20.64237114992204, 20.97775975417244, 21.098406816579544, 20.57520682904994, 21.52140543851029, 21.187625357905237, 21.295988993467464]
fps.lt:[7335.127925768085, 7007.72989900428, 7029.317189958605, 7097.601968617303, 6914.610928406269, 7336.143327898384, 6727.483001402754, 7282.6791417811755, 7064.731730245226, 7242.4244220417095, 6534.893793040727, 7162.498166493221, 6824.322709638191, 6892.050982189338, 7004.216978733165, 6898.233219806833, 6852.621708703941, 6893.572359222632, 6657.980353737463, 6839.314523415796, 6461.9597522365975, 6942.707364879378, 6987.609099136524, 6902.48327736344, 7072.945531524024]
fps.ltu:[313.51648747564843, 285.3995379743828, 275.2287831781454, 289.0032461894813, 273.1027584583546, 312.68126547046523, 260.6815834222399, 303.4976543183405, 286.36948692516575, 305.3447045277584, 241.55724230220875, 294.3157879441564, 260.7836381166668, 276.01359220581037, 280.89070092016476, 271.7131593218325, 271.72528736221386, 270.3149863474722, 251.15563156840966, 267.48737330195604, 240.86318293263284, 270.5652724461353, 286.36485782441184, 277.17952187638076, 291.70787614050596]
fps.c2:[1.093422047363487, 0.9363942143347009, 1.1462596966122531, 1.1269236033952181, 1.4834293253977378, 0.7481423517290471, 3.109932764896924, 1.199038297737522, 1.7810599300947483, 0.6468616919344371, 1.288387486350189, 1.281512699285003, 1.59863928715416, 0.9229978378256193, 1.7044480081826836, 1.819985517553074, 1.2861064935978648, 1.2226730268690713, 1.0388654438430522, 0.9624212739662339, 2.2830843121714577, 0.9661587675900184, 0.8322713385509185, 1.1736468963956452, 1.8110986271913563]
FC:[[3.833636655205751, 3.8904567237709133, 3.9167464532109544, 4.009494295036958, 4.12256412796303, 4.240058858043671], [3.853414612166942, 3.93215792469332, 3.9519689975014622, 4.04506572707305, 4.160033010109774, 4.2731439274279905], [4.018015726589163, 4.0593275539233336, 4.086570443834801, 4.178063818965555, 4.293296097570919, 4.401379176139786]]
FCE:[[0.053909220163345546, 0.030145509598879443, 0.01883870851416347, 0.015108067114963243, 0.012772014221780243, 0.011607029736316304], [0.04202166970254219, 0.023380835747906715, 0.014487143128277374, 0.01159833252993147, 0.009855631165382073, 0.008953630920967067], [0.036253415277049346, 0.019813086760070653, 0.012240357943518226, 0.009790775107198469, 0.008170876853095806, 0.007412195314572501]]
