Ri:[100, 130, 160]
Zi:[50, 100, 200, 300, 400, 500]
fps.ts:[832.3740000009536, 2497.1220000028607, 4161.870000004768, 5826.618000006675, 7491.366000008583, 9156.11400001049, 10820.862000012396, 12485.610000014305, 14150.358000016211, 15815.10600001812, 17479.854000020026, 19144.602000021932, 20809.350000023842, 22474.098000025748, 24138.846000027654, 25803.594000029563, 27468.34200003147, 29133.09000003338, 30797.838000035284, 32462.58600003719, 34127.3340000391, 35792.082000041, 37456.830000042915, 39121.578000044814, 40786.32600004673]
fps.e0:[10893.487263435618, 10872.614093768037, 10835.741683032918, 10855.540008411032, 10889.91194829496, 10874.332179788025, 10854.668629039494, 10895.358251221169, 10854.7121440721, 10893.160544121405, 10890.121395797803, 10868.575042984783, 10878.74673955242, 10892.750483014528, 10882.42179860279, 10871.51258315531, 10915.89798044963, 10878.110457030245, 10897.89473891894, 10852.639904905469, 10899.582052602547, 10902.797036994298, 10872.79990295723, 10855.455363590552, 10827.308787386733]
fps.e0u:[18.3356902078471, 18.466363325388635, 18.50410641901186, 18.320978871318317, 18.336345036841745, 18.22649748950589, 18.683800051928657, 18.556982960052814, 18.334218812319083, 18.478645288565005, 18.259386250798777, 18.15265559377953, 18.113702387558824, 18.289248087508525, 18.859848034345728, 18.53024735908791, 18.48201480583367, 18.323130680978664, 18.249159812933936, 18.724634426997373, 18.394056424397828, 18.290438336966503, 18.428558622204196, 18.65723534755996, 18.746951933261432]
fps.lt:[10340.164095921735, 10543.416649000996, 11623.4605685072, 11784.541213102042, 10462.54337225876, 10397.982072608555, 11802.228689193156, 9778.477507233207, 11722.240477441921, 10760.668311545092, 10256.357835604862, 10557.715125652529, 10757.750689070488, 10093.65073286414, 10443.115041454033, 10603.25224714455, 9839.853861204421, 10758.467580358812, 10485.198298080002, 11749.077126938026, 10036.908340616483, 9965.685591958827, 10463.033212938271, 11062.241216192933, 11842.286808128783]
fps.ltu:[537.1394852746994, 569.2997965431563, 693.1937016187389, 697.3227636997959, 554.897091051451, 545.9438830583571, 711.0688430876348, 487.5425347925688, 696.1205741455988, 587.9523314589853, 536.1392455242537, 562.5281164729328, 581.7775147638102, 517.6540638105203, 561.8384817427917, 575.4839350354706, 491.0274712038318, 590.6556726149375, 553.6919703420489, 704.1804858012957, 510.88675105564903, 501.2209867205177, 553.5272033777363, 631.1246519360026, 727.9782597560842]
fps.c2:[1.2306580573814538, 1.1264232101406155, 1.764562183541983, 1.4566606211879942, 1.3816694032037882, 0.9975061468474634, 1.4191051366153127, 0.7913603436565546, 1.4346962607443199, 1.1636564561017397, 0.5988807920004263, 1.1064093311664598, 0.786204178503188, 0.8942864827158044, 0.5720072427516657, 1.0994920678941262, 1.8420230829176707, 1.502253767790883, 0.4141691955934996, 0.578903655425636, 0.6840157902219896, 1.3812409243121533, 1.5533243377013783, 1.1214709176324078, 1.301219091986066]
FC:[[3.8220205398801834, 3.8603455371166713, 3.860945468923946, 3.879383905506889, 3.9102156697677852, 3.9408317750371222], [3.835931176694986, 3.8810259833293133, 3.9079127403030887, 3.9383432056873007, 3.9673944421467686, 3.9934093706662805], [3.932557861465577, 3.9814567113710573, 4.0305768939523885, 4.0620796587422126, 4.096116402955231, 4.123401068731166]]
FCE:[[0.04082843647668865, 0.025650870316474117, 0.016681281570728825, 0.013054208000965526, 0.01110096558831094, 0.009558016971277858], [0.0318881604781338, 0.019739002369325395, 0.012950514851222011, 0.009957312144159612, 0.008467836349858563, 0.007464661563705466], [0.02721207384314092, 0.016263901618462296, 0.010711920083428436, 0.008472680302526438, 0.00722021857407913, 0.006382138110238289]]
