Ri:[50, 100, 150, 200]
Zi:[100, 200, 300, 400, 510]
FC:[[4.0493787338007055, 4.071291645608833, 4.097280087445969, 4.119832836109064, 4.13725159705863], [4.058374067064378, 4.086219041595923, 4.114450808064624, 4.146514016958308, 4.176800321142648], [4.199986673560416, 4.229586008385913, 4.262196886713908, 4.295280122336445, 4.334026596453406], [4.871303283086048, 4.921311864244744, 4.9532767922802465, 4.984313800095198, 5.009420026968083]]
FCE:[[0.03570533805433141, 0.024174958299552803, 0.019724635488883473, 0.017074428613767387, 0.015030926761907346], [0.01801577743642852, 0.012364665160771334, 0.009988583097523067, 0.008635201608310977, 0.007632333056767145], [0.012710534172830332, 0.008661489894298916, 0.006998117372459361, 0.006053324713043496, 0.005368765978453936], [0.011620631261849602, 0.007903485371602107, 0.006382631762157761, 0.005510798145596857, 0.004864673761576131]]
fps.ts:[1601114755.5785203, 1601118321.2395601, 1601121886.9006, 1601125452.5616403, 1601129018.22268, 1601132583.8837202, 1601136149.5447602, 1601139715.2058, 1601143280.8668401, 1601146846.5278802, 1601150412.18892, 1601153977.8499603, 1601157543.5110002, 1601161109.17204, 1601164674.8330803, 1601168240.4941201, 1601171806.1551602, 1601175371.8162003, 1601178937.47724, 1601182503.1382802, 1601186068.7993202, 1601189634.46036, 1601193200.1214004, 1601196765.7824402, 1601200331.44348]
fps.e0:[9834.077761323075, 9841.317086512128, 9819.460666907717, 9825.43332910654, 9825.259015990223, 9835.845234892327, 9819.061750034058, 9834.130979105443, 9818.316542390377, 9848.326936169069, 9811.92844572053, 9814.889428790299, 9832.178968093605, 9850.037773076774, 9832.78901460394, 9864.825123086504, 9838.255497135442, 9831.018751398753, 9833.845047060398, 9834.630975845688, 9857.778913707129, 9804.775993465202, 9842.784283115772, 9829.301495432554, 9845.138215202867]
fps.e0u:[15.982582706137844, 15.683516758641337, 15.616665053600448, 15.894736644136831, 15.989219034319255, 15.816970275766407, 15.832646954005622, 15.82782552903449, 16.07415099436916, 15.7521478121043, 15.89202760801745, 15.836745184589454, 15.73000901199335, 15.794764351067723, 15.794553340941237, 15.826868751392409, 16.00652832861949, 15.840943651028804, 15.780492680624954, 15.864003566897043, 15.940308649652044, 15.935201780693617, 15.842760828864268, 15.902259124711025, 15.85364145562369]
fps.lt:[10638.962019162043, 10668.682332465412, 11592.641280125426, 11551.064263643993, 10930.296723450821, 11005.770663855672, 11691.760457746623, 11396.022706593678, 11711.269121139105, 11046.877116604055, 12863.002831921078, 12417.02264263409, 12215.524106596673, 11310.495025573797, 11688.348691632535, 11246.930183517872, 11460.222840477729, 11335.721226753905, 11545.860724895516, 12037.094034291002, 11157.409121815639, 12714.47097413807, 11428.521583305801, 11958.221550836646, 11549.604681364995]
fps.ltu:[546.2497070336002, 544.1904084794368, 642.6275295683251, 645.5573952595175, 581.5451013100673, 577.8925895776022, 660.7354106372592, 624.6066358840756, 669.7386910169364, 584.57110395719, 798.7921472294345, 741.845451763408, 709.7572441342, 613.2127376321699, 657.2297004978275, 607.296939519362, 638.9472775806544, 620.2418357869882, 642.2190405305166, 703.471367635704, 604.7582909950081, 788.6728462721486, 632.6322954393754, 693.253914372387, 643.0153803336831]
fps.c2:[1.910916673467245, 1.242023782301441, 2.1113332644377945, 1.1705339662780774, 1.8281682286823524, 1.8330380854328407, 1.2574563251941673, 1.211903827103158, 2.242925221203144, 0.627069095380257, 0.9981057623055742, 0.6273164969141871, 1.7781308294004392, 1.048439292838612, 1.6535167148986871, 2.94925558660699, 1.772142125925702, 1.5390337145113544, 1.72287845472662, 1.705136177996994, 1.3028504956985112, 1.743308198968795, 1.1247172990825214, 1.0074057601484614, 0.7134490491078986]
