Ri:[50, 100, 150, 200]
Zi:[100, 200, 300, 400, 510]
FC:[[3.7648498108524318, 4.092113228814577, 4.1872764073141555, 3.9897615226740215, 4.0666029822356045], [16.189783968112454, 16.3762988849016, 16.901797101125474, 16.530449788346356, 16.335163473125757], [14.371059228504931, 14.448171337852559, 14.459412260327976, 14.463852930255298, 14.469342316070797], [32.56612679014489, 32.58076797573997, 32.7767465245602, 32.242664291300486, 31.979678021095054]]
FCE:[[0.31637560105260976, 0.23317123063225303, 0.16933427888601849, 0.13366698035240243, 0.11426522877381447], [1.6975473338424918, 1.2261197372739612, 1.09388611011649, 0.8593294745534255, 0.7221231143073339], [0.23218117774044195, 0.15858682145891415, 0.12660367785784749, 0.10804550734731959, 0.09516813588195826], [0.938678612326096, 0.6306695243405791, 0.5173911544722035, 0.4248499883357096, 0.3658845810930922]]
fps.ts:[1612162113.58426, 1612162598.82478, 1612163084.0653, 1612163569.30582, 1612164054.54634, 1612164539.78686, 1612165025.02738, 1612165510.2679, 1612165995.50842, 1612166480.74894, 1612166965.98946, 1612167451.22998, 1612167936.4705, 1612168421.7110202, 1612168906.9515402, 1612169392.1920602, 1612169877.4325802, 1612170362.6731002, 1612170847.9136202, 1612171333.1541402, 1612171818.3946602, 1612172303.6351802, 1612172788.8757002, 1612173274.1162202, 1612173759.3567402]
fps.e0:[11002.762505153638, 11009.017262312202, 10997.642072870465, 11053.383077037197, 10962.13744117427, 10969.376515758484, 10989.925492425165, 10949.819608487169, 11025.838924924468, 10942.648074700242, 11010.778344362252, 10989.532256273922, 11001.371330303444, 10944.31979140292, 11032.31390059428, 10989.28630576292, 10994.896260596219, 11006.385877455305, 11023.18584465907, 10999.691971093182, 10948.916810857985, 10946.380495633557, 10932.41980836788, 11017.349929218195, 10989.6286558654]
fps.e0u:[37.294807432071835, 37.90474380048328, 38.42265181092111, 37.31670624973527, 38.80484794138194, 36.06649801949215, 37.30122945853259, 36.85877409321022, 37.44324070959703, 37.523090065176895, 36.78638649363724, 37.486659478139295, 38.04376630124289, 37.65048382387198, 37.58920710913554, 35.8580068587724, 37.35707027257631, 37.747391417605485, 37.47181028123125, 36.77081911531638, 37.68837213612437, 37.36792434002236, 38.42505849532548, 37.06442834171617, 37.376832582081015]
fps.lt:[26362.31335265774, 21974.34506269965, 21994.10083559351, 19352.93536352585, 28244.242766002724, 26454.822148647072, 24873.93375534797, 28993.035835039584, 19586.480901825606, 29184.782085455558, 22461.95992777759, 21741.418935999878, 18553.904742277133, 28039.403788496435, 21239.22736183311, 21336.59642098667, 20691.770729113676, 22285.035121499586, 20801.084601652296, 21003.569759583712, 30510.040104062078, 27849.374517345044, 26751.5726140006, 15966.731123890839, 23513.56037152883]
fps.ltu:[7072.781627351911, 4921.555151207465, 5062.652728576572, 3819.518970562777, 8359.26489858949, 6973.482900217776, 6343.235768791195, 8540.765502298553, 3953.807964249416, 8638.570694297981, 5130.168685503731, 4874.610560800535, 3642.7717483862953, 8189.774978458475, 4603.721971069338, 4532.773146875846, 4416.090793358227, 5091.2619642335285, 4501.7402576303275, 4492.783043743157, 9665.494739436283, 8039.427636576173, 7446.727174461627, 2626.0059901706995, 5658.956404045401]
fps.c2:[0.5498076347669918, 0.8154107354098207, 0.5077758511225636, 0.8572480661745754, 1.173498276794924, 0.8303136000012549, 1.5220398272318008, 2.3121836225666197, 0.7772906069099057, 1.3312373043562629, 0.9583869898588946, 0.6895427320952391, 0.6404887088987121, 0.886152578840733, 0.9367250191547922, 1.1465146585897337, 2.1904193752743146, 0.8624461567683439, 0.49824156481866133, 2.134606174595666, 1.5006493717765486, 1.1498630874838929, 1.2003192882076719, 1.0638286566669992, 1.0060472721567897]
