Ri:[100, 130, 160]
Zi:[50, 100, 200, 300, 400, 500]
fps.ts:[391.09291999816895, 1173.2787599945068, 1955.4645999908448, 2737.650439987183, 3519.8362799835204, 4302.022119979858, 5084.207959976196, 5866.393799972535, 6648.579639968872, 7430.76547996521, 8212.951319961549, 8995.137159957885, 9777.322999954224, 10559.508839950562, 11341.6946799469, 12123.880519943237, 12906.066359939576, 13688.252199935912, 14470.43803993225, 15252.62387992859, 16034.809719924928, 16816.995559921266, 17599.1813999176, 18381.36723991394, 19163.553079910278]
fps.e0:[10876.35818159085, 10838.060840590537, 10830.066473628898, 10826.552751294921, 10866.339177324979, 10869.925879353194, 10789.634563352321, 10846.595887360227, 10830.56620281064, 10829.312053209962, 10862.167773795818, 10800.279064847404, 10844.573098284092, 10840.004268492263, 10895.94324820257, 10812.176379744767, 10829.583882132221, 10816.48697660502, 10863.020580430013, 10835.791738670454, 10857.223537544634, 10806.267698558191, 10833.258329759072, 10850.241145420368, 10846.840887307513]
fps.e0u:[26.634620151297934, 26.79603696075235, 27.173819842195364, 27.006759837185378, 26.694455199848942, 26.778856538427316, 26.757102164492657, 26.809950816934425, 26.96579245855715, 27.149348742722363, 26.647699741528527, 27.161012016781708, 27.444461732467484, 27.02081297624586, 26.05391686552412, 27.444872145860582, 26.99219795981679, 27.287293263106363, 26.720264574292553, 27.02143735529562, 26.542296541667934, 27.123172057606812, 27.415498961678725, 26.578754836150765, 26.865689378800198]
fps.lt:[3308.965250282248, 3380.6774921156416, 3496.4511827188812, 3482.2181787424, 3366.739129125178, 3301.149998559995, 3537.2680826033265, 3418.9397590994067, 3431.321838337852, 3440.3875989322646, 3397.002552707337, 3534.6240567910263, 3419.07755486805, 3360.379670377594, 3281.2723109099406, 3465.1626408681955, 3471.252786016741, 3462.617578511471, 3338.8082238298375, 3435.462899633748, 3337.425665068386, 3536.3554950975645, 3384.5498300710988, 3440.9717615464588, 3414.7611644813946]
fps.ltu:[85.1079000010982, 89.73910518177901, 98.03266420199517, 95.27559791319513, 87.35656635730291, 84.2792191931427, 96.92623839993817, 91.64720329312458, 93.50097438199818, 94.02925207045494, 89.49688327594359, 97.91597986779746, 93.42245282368121, 87.68912903781863, 81.4960182656806, 96.02983732402596, 94.21455802187369, 94.16776373942797, 85.9587598637706, 90.8457871281919, 85.75342071132302, 97.47778357362165, 90.28729898146639, 91.70353596792602, 90.81671017503044]
fps.c2:[0.8456399105779563, 0.8935962350302133, 1.148341519346008, 1.9792967119048592, 0.6923609751273146, 0.7874250623316854, 0.46189344598703486, 0.7754244941246076, 0.8653621252414455, 0.2797700979357802, 2.0486290726993706, 1.2520279384249056, 0.9794321398205066, 1.4846965962773029, 1.4085469272819542, 1.3076348292580293, 1.023803437302298, 0.9504837713546, 1.4412737345177644, 1.0278527734638794, 1.5403505734623681, 0.5394288668197049, 0.6650955528843874, 1.2369401335496268, 1.3686042969055632]
FC:[[3.9496317087950854, 3.8919005376837092, 3.9702402548843967, 4.082131854794589, 4.161112288031123, 4.214807898969334], [3.9742637077251155, 4.0122427575912765, 4.101658848968978, 4.1942546040619915, 4.267846433443736, 4.334348540887387], [4.1303449533159915, 4.185446325092816, 4.29442644862541, 4.387520763624888, 4.476037182048412, 4.5452815379427545]]
FCE:[[0.08505225566353432, 0.03893427377573334, 0.023848201054798138, 0.01966644513106606, 0.01724219459517076, 0.015592180449293447], [0.06340843607859259, 0.030294232985030103, 0.01857079637198307, 0.015125246251549391, 0.01329837705239456, 0.012004579679234859], [0.05636252462753525, 0.026105552645418948, 0.015967220893383843, 0.01287460679098105, 0.011282710094088006, 0.010249125976981945]]
