Ri:[100, 130, 160]
Zi:[50, 100, 200, 300, 400, 500]
fps.ts:[1793.6812599992752, 5381.043779997825, 8968.406299996375, 12555.768819994926, 16143.131339993477, 19730.493859992028, 23317.856379990575, 26905.21889998913, 30492.581419987677, 34079.94393998623, 37667.30645998478, 41254.668979983326, 44842.03149998188, 48429.394019980435, 52016.75653997898, 55604.11905997753, 59191.48157997608, 62778.84409997463, 66366.20661997318, 69953.56913997173, 73540.93165997029, 77128.29417996883, 80715.6566999674, 84303.01921996594, 87890.38173996448]
fps.e0:[10838.587258077416, 10844.931123171209, 10832.631299170327, 10827.166565957303, 10839.445617684574, 10838.852002573773, 10840.152088616045, 10859.63384730656, 10838.562603169386, 10823.08639626998, 10844.845867990112, 10860.741340411463, 10850.895221886238, 10818.689901650414, 10845.44830864866, 10835.98682052688, 10831.878267872693, 10836.37324112853, 10863.181297136005, 10862.362159367642, 10845.620536805869, 10840.566569283483, 10856.262440942737, 10856.948858862102, 10853.345045459131]
fps.e0u:[12.176462353674413, 12.115179468855695, 12.081249475467342, 12.258710943906186, 12.082034902286278, 12.100127592745347, 12.195934947287647, 12.187084244345174, 12.087185684167101, 12.006172586326546, 12.01619623731671, 12.120750331838815, 12.016419156023765, 12.164160991304481, 12.086533415635742, 12.141815771678317, 12.209106375445549, 12.165853221691725, 12.005722178186138, 12.063482844122467, 12.123911661611768, 12.19507642994269, 12.034289270860956, 12.026038705800314, 12.027096753048191]
fps.lt:[3186.269368639902, 3190.527594328324, 3227.012000069315, 3202.2116275878184, 3185.749099415904, 3179.7001451791934, 3197.048424284844, 3140.184163023368, 3214.742836441223, 3288.230007783452, 3190.1207275098895, 3147.498207352097, 3173.033925175755, 3255.2254224732123, 3204.306840672499, 3221.4288155129852, 3233.396545064097, 3213.386420555891, 3140.434212272354, 3157.433934485017, 3216.978371523872, 3211.5684655756086, 3192.329698219374, 3183.3675611669532, 3242.7109262415074]
fps.ltu:[35.64967694391698, 35.89061339180776, 36.3374073297843, 36.58926908941858, 35.559401175536436, 35.76530388914883, 36.16046004278412, 34.835403365645575, 36.12336523172704, 37.764806075252864, 35.532802908085955, 34.79944994897333, 35.19602316187827, 37.56582251321424, 35.89776118359541, 36.39195429734988, 37.09419740579235, 36.136543884956566, 34.446910050532914, 34.91808137791171, 36.24584529343893, 36.42243391061988, 35.73913560598784, 35.34691828260712, 36.40508505000069]
fps.c2:[3.3054112707056778, 1.7288408667175028, 2.893544507126834, 1.9229205794932744, 2.5420908511537115, 3.004527148609051, 2.5842429281680483, 1.4168053509756933, 2.0274997548832907, 2.7139924389876975, 2.3751623244810762, 2.803849985592194, 2.108799325338291, 2.8068334183761054, 2.354444314355996, 2.249252903405024, 2.7339558472128695, 4.869986813496426, 2.9013994958991445, 2.041969895357986, 1.1543241062348977, 2.2437982231894122, 2.0199968830911805, 2.900338257836364, 2.632133533954985]
FC:[[3.7966805829906836, 3.854477653182931, 3.9168110881494482, 3.988076314459063, 4.066471988350451, 4.153155456865536], [3.878086531829781, 3.901384526852817, 3.9652314330561214, 4.042911372473132, 4.125541060431064, 4.207346753006604], [3.987672922963498, 4.040494746473059, 4.1189475711161, 4.198591282162503, 4.277993716293154, 4.362509080340728]]
FCE:[[0.03147455898352869, 0.015939671786770103, 0.01017505475059031, 0.008058337976804858, 0.007056787327952439, 0.006312031511930758], [0.025540215540776547, 0.012493381490576709, 0.007875132290624077, 0.006238961300307731, 0.00548902422632521, 0.0048984468765303985], [0.021355549729780748, 0.010457663496882754, 0.006408519830143059, 0.00520447670788485, 0.004579985966722958, 0.004112117560536698]]
